========== print final result ==========
Generations evolved: 442260
Best quality: 4346
Mean quality: 4333.266602
Standard deviation: 20.061863
======================================

Number of population: 30

========== print chromosome ==========
genes : 0 1 0 0 1 1 1 1 0 1 0 1 1 1 0 0 0 0 0 1 0 1 0 1 1 1 1 1 1 1 0 0 0 0 0 0 1 1 1 0 1 0 0 0 1 1 1 0 0 1 0 0 1 0 0 1 0 1 0 1 1 0 1 0 0 1 0 0 1 1 0 1 1 0 1 1 1 1 1 1 1 0 1 0 0 0 1 1 0 0 0 1 1 1 1 0 0 1 1 0 0 1 0 0 1 1 0 1 0 1 1 1 0 0 0 1 1 1 0 1 1 0 1 0 1 1 1 0 0 1 1 0 0 1 1 0 1 1 1 0 0 1 1 0 1 0 0 0 1 1 1 1 1 0 0 0 1 1 1 1 0 1 0 1 0 1 0 0 0 1 0 1 1 0 1 1 1 1 1 0 1 0 1 0 1 1 1 1 1 1 1 0 1 0 0 0 0 0 0 0 1 1 0 0 1 1 0 0 0 0 1 0 0 0 1 0 0 0 0 0 1 1 1 1 0 1 0 0 0 1 0 1 1 1 0 0 0 1 0 1 0 1 0 0 0 0 0 1 0 1 1 1 0 0 0 1 1 1 0 0 1 0 1 0 0 0 1 1 1 0 0 0 0 1 1 1 0 1 0 0 0 0 0 1 1 0 1 0 1 0 1 0 1 0 0 1 1 0 0 1 0 0 1 1 1 1 0 0 0 0 0 1 0 1 1 1 1 1 1 1 1 0 0 0 0 0 0 1 0 0 0 0 1 0 0 1 1 0 0 1 1 0 1 1 0 0 0 1 1 0 0 0 0 1 0 0 1 1 0 0 1 0 1 0 0 0 1 1 0 1 1 0 0 1 1 1 0 1 0 1 1 0 0 1 0 0 0 0 1 0 0 0 0 1 1 1 1 0 1 0 1 1 1 1 0 1 1 0 1 0 0 0 0 0 1 0 1 1 1 1 0 1 0 1 0 1 1 0 1 0 0 0 1 0 1 1 0 1 0 0 1 1 0 0 0 1 1 0 0 0 1 1 0 0 1 1 0 1 0 0 1 0 0 0 1 1 1 0 0 0 0 0 1 0 0 1 0 0 1 0 1 1 0 1 1 0 1 1 0 0 1 0 1 0 0 1 0 0 0 0 
quality : 4277
======================================

========== print chromosome ==========
genes : 1 1 0 0 1 1 1 1 0 1 0 1 1 1 1 0 0 0 0 1 0 1 0 1 1 1 1 1 1 1 0 0 0 1 0 0 1 1 1 0 1 0 0 1 1 1 1 0 0 1 0 0 1 0 0 1 0 1 0 1 1 0 1 0 0 1 0 0 1 1 1 1 1 1 1 1 1 1 1 1 1 0 1 0 0 0 1 1 0 0 0 1 0 1 0 0 0 1 1 0 0 1 0 0 0 1 1 1 0 1 1 1 0 1 0 1 1 1 0 1 1 0 1 0 1 1 1 0 0 1 1 0 0 1 1 0 1 1 1 0 0 0 1 0 1 0 0 0 1 1 1 1 1 0 1 0 1 1 1 1 0 1 0 1 1 1 0 0 0 1 0 1 1 0 1 1 1 1 1 1 1 0 1 0 1 1 1 1 1 1 1 0 1 0 0 0 0 0 0 0 1 1 0 0 1 1 0 0 0 0 1 0 0 0 1 0 0 0 0 0 1 1 1 1 0 1 0 0 0 1 0 1 1 1 0 0 0 1 1 1 0 1 0 0 0 0 0 1 0 1 1 0 0 0 0 1 1 1 0 0 1 0 1 0 0 0 1 1 1 0 0 0 0 1 1 1 0 1 0 0 0 0 0 1 1 0 1 0 1 0 1 1 1 0 0 1 1 0 0 1 0 0 1 1 1 1 0 0 0 0 0 1 0 1 1 1 0 0 1 1 1 0 0 0 0 1 0 1 0 0 0 0 1 0 0 1 1 0 0 1 1 0 1 1 0 0 0 0 1 0 0 0 1 1 0 0 1 1 0 0 1 0 1 0 0 0 1 0 0 1 1 0 0 1 1 1 0 1 0 1 0 0 0 1 0 0 0 0 1 0 0 0 0 1 1 1 1 0 1 0 1 1 1 1 0 1 1 0 1 0 0 0 0 0 1 0 0 0 1 1 0 1 0 1 0 1 1 0 1 0 0 0 1 0 1 1 0 1 0 0 1 1 0 0 0 1 1 0 0 0 1 1 0 0 1 1 0 1 0 0 0 0 0 0 1 1 1 0 1 0 0 0 1 1 0 1 0 0 1 0 1 1 0 1 1 0 1 1 0 0 1 0 1 0 0 1 0 0 0 0 
quality : 4270
======================================

========== print chromosome ==========
genes : 1 1 0 0 1 1 1 1 0 1 0 1 1 1 1 0 0 1 0 0 0 1 0 1 1 1 1 1 1 1 0 0 1 1 0 0 1 1 1 0 1 0 0 1 1 1 1 0 0 1 0 0 1 0 0 1 0 0 0 0 1 0 1 1 0 1 0 0 1 1 1 1 1 1 1 1 1 1 1 1 1 0 1 0 0 0 1 1 0 0 0 1 1 1 1 0 0 1 1 0 0 1 0 0 1 1 0 1 0 1 1 1 0 0 0 1 1 1 0 1 1 0 1 0 1 1 1 0 0 1 1 0 0 1 1 0 1 1 1 0 0 1 1 0 1 0 0 0 1 0 1 1 1 0 0 0 1 1 1 1 0 1 1 1 0 1 0 0 0 1 0 1 1 0 1 1 1 1 1 1 1 0 1 0 1 1 1 1 1 1 1 0 1 0 0 0 0 0 0 0 1 1 0 0 1 1 0 0 0 0 1 0 0 0 1 0 0 0 0 0 1 1 1 1 0 1 0 0 0 1 0 1 1 1 0 0 0 1 0 1 0 1 0 0 0 0 0 1 0 1 1 0 0 0 0 1 1 1 0 0 1 0 1 0 0 0 1 1 1 0 0 0 0 1 0 1 0 1 0 0 0 0 0 1 1 0 1 0 1 0 1 0 1 0 0 1 1 0 0 1 0 0 1 1 1 1 0 0 0 0 0 1 0 1 1 1 1 0 1 1 1 0 0 0 0 1 0 1 0 0 0 0 1 0 0 1 1 0 0 1 1 1 1 1 0 0 1 0 1 0 0 0 0 1 0 0 1 1 0 0 1 0 1 0 0 0 0 0 0 1 1 0 0 1 1 1 0 1 0 1 1 0 0 1 0 0 0 0 1 0 0 0 0 1 1 1 1 0 1 0 1 1 1 1 0 1 1 0 1 0 0 0 0 0 1 0 0 0 1 1 0 1 0 1 0 1 1 0 1 0 0 0 1 0 1 1 0 1 0 0 0 1 0 0 0 1 1 0 0 0 1 1 0 0 1 1 0 1 0 0 0 0 0 0 1 1 1 0 1 0 0 0 1 1 0 1 0 0 1 0 0 1 0 1 1 0 1 1 0 0 1 0 1 0 0 1 0 0 0 1 
quality : 4315
======================================

========== print chromosome ==========
genes : 1 1 0 0 1 1 0 1 0 1 0 1 1 1 1 1 0 0 0 1 0 1 0 1 1 1 1 1 1 1 0 0 1 1 0 0 1 1 1 0 1 0 0 1 1 1 1 0 0 1 0 0 1 0 0 1 0 1 0 1 1 1 1 0 0 1 0 0 1 1 1 1 1 1 1 1 1 1 1 1 1 0 1 0 0 0 1 1 0 0 0 1 1 1 1 0 0 1 1 0 0 1 0 0 1 1 0 1 0 1 1 1 0 1 0 1 1 1 0 1 1 0 1 0 1 1 1 0 0 1 1 0 0 1 1 0 1 1 1 0 0 1 1 0 1 0 0 0 1 1 1 1 1 0 0 0 1 1 1 1 0 1 0 1 0 1 0 0 0 1 0 1 1 0 1 1 1 1 1 1 1 0 1 0 1 1 1 1 1 1 1 0 1 0 0 0 0 0 0 0 1 1 0 0 1 1 0 0 0 0 1 0 0 0 1 0 0 0 0 0 1 1 1 1 0 1 0 0 0 1 0 1 1 1 0 0 1 0 0 1 0 1 0 0 0 0 0 1 0 1 1 0 0 0 0 1 1 1 0 0 1 0 1 0 0 0 1 1 1 0 0 0 0 1 1 1 0 1 0 0 0 0 0 1 1 0 1 0 1 0 1 0 1 0 0 1 1 0 0 1 0 0 1 1 1 1 0 0 0 0 0 1 0 1 1 1 1 0 1 1 1 0 0 0 0 1 0 0 0 0 0 1 1 0 0 1 1 0 0 1 1 0 1 1 0 0 0 0 1 0 0 0 0 1 0 0 1 1 0 0 1 0 1 0 0 0 1 0 0 1 1 0 0 1 1 1 0 1 0 1 1 0 0 1 0 0 0 1 1 0 0 0 0 1 1 1 1 0 1 0 1 1 1 1 1 1 1 0 1 0 0 0 0 0 1 0 0 0 1 1 0 1 0 1 0 1 1 0 1 0 0 0 1 0 1 1 0 1 1 0 1 1 0 0 0 1 1 0 1 0 0 1 1 0 1 1 0 1 0 0 0 0 0 0 1 1 1 0 1 0 0 0 1 1 1 0 0 0 1 0 1 1 0 1 1 0 1 1 0 0 1 0 1 0 0 1 0 0 0 0 
quality : 4281
======================================

========== print chromosome ==========
genes : 1 1 0 0 1 1 1 1 0 1 0 1 1 1 1 0 0 0 0 1 0 1 0 1 1 1 1 0 1 1 0 0 1 1 0 0 1 1 1 0 1 0 0 1 1 1 1 0 0 1 0 0 1 0 0 1 0 1 0 1 1 0 1 0 0 1 0 0 1 1 1 1 1 1 1 1 1 1 1 1 1 0 1 0 0 0 1 1 0 0 0 1 1 1 1 0 0 1 1 0 0 1 0 0 1 1 0 1 0 1 1 1 0 1 0 1 1 1 1 1 1 0 1 0 1 1 1 0 0 1 1 0 0 1 1 0 1 1 1 0 0 1 1 0 1 0 0 0 1 1 1 1 1 0 0 0 1 1 1 1 0 1 0 1 0 1 0 0 0 1 0 1 1 0 1 1 1 1 1 1 1 0 1 0 1 1 1 1 1 0 1 0 1 0 0 0 0 0 0 0 1 1 0 0 1 1 0 0 0 0 1 0 0 0 1 0 0 0 0 0 1 1 1 1 0 1 0 0 0 1 0 1 1 1 0 0 0 1 0 1 1 1 0 0 0 0 0 1 0 1 1 0 0 0 0 1 1 1 0 0 1 0 1 0 0 0 1 1 1 0 0 1 0 1 1 1 0 1 0 0 0 0 0 1 1 0 1 0 1 0 1 0 1 0 0 1 1 0 0 1 0 0 1 1 1 1 0 0 0 0 0 1 1 1 1 1 1 0 1 1 1 0 0 0 0 1 0 1 0 0 0 1 1 0 0 1 1 0 0 1 1 0 1 1 0 0 0 0 1 0 0 1 0 1 0 0 1 1 0 0 1 0 1 0 0 0 1 0 0 1 1 0 0 1 1 1 0 1 0 1 1 0 0 1 0 0 0 0 1 0 0 0 0 1 1 1 1 0 1 0 1 1 1 1 0 1 1 0 1 0 0 0 0 0 1 0 0 0 1 0 0 1 0 1 0 1 0 0 1 0 0 0 1 0 1 1 0 1 0 0 1 1 0 0 0 1 1 0 0 0 1 1 0 0 1 1 0 1 0 0 0 0 0 0 1 1 1 0 1 0 0 0 1 1 0 1 0 0 1 0 1 1 0 1 1 0 1 1 0 0 1 0 0 0 0 1 0 0 0 0 
quality : 4340
======================================

========== print chromosome ==========
genes : 1 1 0 1 1 1 1 1 0 1 0 1 1 1 1 0 0 0 0 1 0 1 0 1 1 1 1 1 1 1 0 0 1 1 0 0 1 1 1 0 1 0 0 1 1 1 1 0 0 1 0 0 1 0 0 1 0 1 0 1 1 0 1 0 0 1 0 0 1 1 1 1 1 1 1 1 1 1 1 0 1 0 1 0 0 0 1 1 0 0 0 0 1 1 1 0 0 1 1 0 0 1 0 0 1 1 0 1 0 1 1 1 0 1 0 1 1 1 0 0 1 0 1 0 1 1 1 1 0 1 1 0 0 1 0 0 1 1 1 0 0 1 1 0 1 0 0 0 1 0 1 1 1 0 0 0 1 1 1 1 0 1 0 1 0 0 0 0 0 1 0 1 1 0 1 1 1 1 1 1 1 0 1 0 0 1 1 1 1 1 1 0 0 0 0 0 0 0 0 0 1 1 0 0 1 1 0 0 0 0 1 0 0 0 1 0 0 0 0 0 1 1 1 1 0 1 0 0 0 1 0 1 1 1 0 0 0 1 0 1 0 1 0 0 0 0 0 1 0 1 1 0 0 0 0 1 1 1 0 0 1 0 1 0 0 0 1 1 1 0 0 0 1 1 1 1 0 1 0 0 0 0 0 1 1 0 1 0 1 0 1 0 1 0 0 1 1 0 0 1 0 0 1 1 1 1 0 0 0 0 0 1 0 1 1 1 1 0 1 1 1 0 0 0 0 0 0 1 0 0 0 0 1 0 0 1 1 0 0 1 1 0 1 1 0 0 0 0 1 0 0 0 0 1 1 0 1 1 0 0 1 0 1 0 0 0 1 0 0 1 1 0 0 1 1 1 0 1 0 1 1 0 0 1 0 0 0 0 1 0 0 0 0 1 1 1 1 0 1 0 1 1 1 1 0 1 1 0 1 0 0 0 0 0 1 0 0 0 1 1 0 1 0 1 0 1 1 0 1 0 0 0 1 0 1 1 0 1 0 0 1 1 0 0 0 1 1 0 0 0 1 1 0 0 1 1 0 1 0 0 0 0 0 0 1 1 1 0 1 0 0 0 1 1 0 1 0 0 1 0 1 1 0 1 1 0 1 1 0 0 1 0 1 1 0 1 0 0 0 0 
quality : 4340
======================================

========== print chromosome ==========
genes : 1 1 0 0 1 1 1 1 0 1 0 1 1 1 1 0 0 0 0 1 0 1 0 1 1 1 1 1 1 1 0 0 1 1 0 0 1 1 1 0 1 0 0 1 1 1 1 0 0 1 0 0 1 0 0 1 0 1 0 1 1 0 1 0 0 1 0 0 1 1 1 1 1 1 1 1 1 1 1 1 1 0 1 0 0 0 1 1 0 0 0 1 1 1 1 0 0 1 1 0 0 1 0 0 1 1 0 1 0 1 1 1 0 1 0 1 1 1 0 1 1 0 1 0 1 1 1 0 0 1 1 0 0 1 1 1 1 1 1 0 0 1 1 0 1 0 0 0 1 1 1 1 1 0 0 0 1 1 1 0 0 1 0 1 0 1 0 0 0 1 0 1 1 0 1 1 1 1 1 1 1 0 1 1 1 1 1 1 1 1 1 0 1 0 0 0 0 0 0 0 1 1 0 0 1 1 0 0 0 0 1 0 0 0 1 0 0 0 0 0 1 1 1 1 0 1 0 0 0 1 0 1 1 1 0 0 0 1 0 1 0 1 0 0 0 0 0 1 0 1 1 0 0 0 0 1 1 1 0 0 1 0 1 0 0 0 1 1 1 0 0 0 0 1 1 1 0 1 0 0 0 0 0 1 1 0 1 0 1 0 1 0 1 0 0 1 1 0 0 1 0 0 1 1 1 1 0 0 0 0 0 1 0 1 1 1 1 0 1 1 1 0 0 0 0 1 0 1 0 0 0 0 1 0 0 1 1 0 0 1 1 0 1 1 0 0 0 0 1 0 0 0 0 1 0 0 1 1 0 0 1 0 1 0 0 0 1 0 0 1 1 0 0 1 1 1 0 1 0 1 1 0 0 1 0 0 0 0 1 0 0 0 0 1 1 1 1 0 1 0 1 1 1 1 0 1 1 0 1 0 0 0 0 0 1 0 0 1 1 1 0 1 0 1 0 1 1 0 1 0 1 0 1 0 1 1 0 1 0 1 1 1 0 0 0 1 1 0 0 0 1 1 0 0 1 1 0 1 0 0 0 0 0 0 1 1 1 0 1 0 0 0 1 1 0 1 0 0 1 0 1 1 0 1 1 0 1 1 0 0 1 0 1 0 0 1 0 0 0 0 
quality : 4340
======================================

========== print chromosome ==========
genes : 1 1 0 0 1 1 1 1 0 1 0 1 1 1 1 0 0 0 0 1 0 1 0 1 1 1 1 1 1 1 0 0 1 1 0 0 1 1 1 0 1 0 0 1 1 1 1 0 0 1 0 0 1 0 0 1 0 1 0 1 1 0 1 0 0 1 0 0 1 1 1 1 1 1 1 1 1 1 1 1 1 0 1 0 0 0 1 1 0 0 0 1 1 1 1 0 0 1 1 0 0 1 0 0 1 1 0 1 0 1 1 1 0 1 0 1 1 1 0 1 1 0 1 0 1 1 1 0 0 1 0 0 0 1 1 0 1 1 1 0 0 1 1 0 1 0 0 0 1 1 0 1 1 0 0 0 1 1 1 1 0 1 0 1 0 1 0 0 0 1 0 1 1 0 1 1 1 1 1 1 1 0 1 0 1 1 1 1 1 1 1 0 1 0 0 0 0 0 0 0 1 1 1 0 1 1 0 0 0 0 1 0 0 0 1 0 0 0 0 0 1 1 1 1 0 1 0 0 0 1 0 1 1 1 0 0 0 1 0 1 0 1 0 0 0 0 0 1 0 1 1 0 0 0 0 1 1 1 0 0 1 0 1 0 0 0 1 1 1 0 0 0 0 1 0 1 0 1 0 0 0 0 0 1 1 0 1 0 1 0 1 0 1 0 0 1 1 0 0 1 0 0 1 1 1 1 0 0 0 0 0 1 0 1 1 1 1 0 1 1 1 0 0 0 0 1 0 1 0 0 0 0 1 0 0 1 1 0 0 1 1 0 1 1 0 0 0 0 1 0 0 0 0 1 0 0 1 1 0 0 1 0 1 0 0 0 1 0 0 1 1 0 0 1 1 1 0 1 0 1 1 0 0 1 0 0 0 0 1 0 0 0 0 1 1 1 1 0 1 0 1 1 1 1 0 1 1 0 1 0 0 0 0 0 1 0 0 0 1 1 0 1 0 1 0 1 1 0 1 0 0 0 1 0 1 1 0 1 0 0 1 1 0 0 0 1 1 0 0 0 1 1 0 0 1 1 0 1 0 0 0 0 0 0 1 1 1 0 1 0 0 0 1 1 0 1 0 0 1 0 1 1 0 1 1 0 1 1 0 0 1 0 1 0 0 1 0 0 0 0 
quality : 4340
======================================

========== print chromosome ==========
genes : 1 1 0 0 1 1 1 1 0 1 0 1 1 1 1 0 0 0 0 1 0 1 0 1 1 1 1 1 1 1 0 0 1 1 0 0 1 1 1 0 1 0 0 1 1 1 1 0 0 1 0 0 1 0 0 1 0 1 0 1 1 0 1 0 0 1 0 0 1 1 1 1 1 1 1 1 1 1 1 1 1 0 1 0 0 0 1 1 0 0 0 1 1 1 1 0 0 1 1 0 0 1 0 0 1 1 0 1 0 1 1 1 0 1 0 1 1 1 0 1 1 0 1 0 1 1 1 0 0 1 1 0 0 1 1 0 1 1 1 0 0 1 1 0 1 0 0 0 1 1 1 1 1 0 0 0 1 1 1 1 0 1 0 1 0 1 0 0 0 1 0 1 1 0 1 1 1 1 1 1 1 0 1 0 1 1 1 1 1 1 1 0 1 0 0 0 1 0 0 0 1 1 0 0 1 1 0 0 0 0 1 0 1 0 1 0 0 0 0 0 1 1 1 1 0 1 1 0 0 1 0 1 1 1 0 0 0 1 0 1 0 1 0 0 0 0 0 1 0 1 1 0 0 0 0 1 1 1 0 0 1 0 1 0 0 0 1 0 1 0 0 0 0 1 1 1 0 1 0 0 0 1 0 1 1 0 1 0 1 0 1 0 1 0 0 0 1 0 0 1 0 0 1 1 1 1 0 0 0 0 0 1 0 1 1 1 1 0 1 1 1 0 0 0 0 1 0 1 0 0 0 0 1 0 0 1 1 0 0 1 1 1 1 1 0 0 1 0 1 0 0 0 0 1 0 0 1 1 0 0 1 0 1 0 0 0 0 0 0 1 1 0 0 1 1 1 0 1 0 1 1 0 0 1 0 0 0 0 1 0 0 0 0 1 1 1 1 0 1 0 1 1 1 1 0 1 1 0 1 0 0 0 0 0 1 0 0 0 1 1 0 1 0 1 0 1 1 0 1 0 0 0 1 0 1 1 0 1 0 0 0 1 0 0 0 1 1 0 0 0 1 1 0 0 1 1 0 1 0 0 0 0 0 0 1 1 1 0 1 0 0 0 1 1 0 1 0 0 1 0 0 1 0 1 1 0 1 1 0 0 1 0 1 0 0 1 0 0 0 0 
quality : 4340
======================================

========== print chromosome ==========
genes : 1 1 0 0 1 1 1 1 0 1 0 1 1 1 1 0 0 0 0 1 0 1 0 1 1 1 1 1 1 1 0 0 1 1 0 0 1 1 1 0 1 0 0 1 1 1 1 0 0 1 0 0 1 0 0 1 0 1 0 1 1 0 1 0 0 1 0 0 1 1 1 1 1 1 1 1 1 1 1 1 1 0 1 0 0 0 1 1 0 0 0 1 1 1 1 0 0 1 1 0 0 0 0 0 1 0 0 1 0 1 1 1 0 1 0 1 1 1 0 1 1 0 1 0 1 1 1 0 0 1 1 0 0 1 1 0 1 1 1 0 0 1 1 0 1 0 0 0 1 1 1 1 1 0 0 0 1 1 1 1 0 1 0 1 0 1 0 0 0 1 0 1 1 0 1 1 1 1 1 1 1 1 1 0 1 1 1 1 1 1 1 0 1 0 0 0 0 0 0 0 1 1 0 0 1 1 0 0 0 0 1 0 0 0 1 0 0 0 0 0 1 1 1 1 0 1 0 0 0 1 0 1 0 1 0 0 0 1 0 1 0 1 0 0 0 0 0 1 0 0 1 0 0 0 0 1 1 1 0 0 1 0 1 0 0 0 1 1 1 0 0 0 0 1 1 1 0 1 0 0 0 1 0 1 1 0 1 0 1 0 1 0 1 0 0 1 1 0 0 1 0 0 1 1 1 1 0 0 0 0 0 1 0 1 1 1 1 0 1 1 1 0 0 0 0 1 0 1 0 0 0 0 1 0 0 1 1 0 0 1 1 0 1 1 0 0 1 0 1 0 0 0 0 1 0 0 1 1 0 0 1 0 1 0 0 0 1 0 1 1 1 0 0 1 1 1 0 1 0 1 1 0 0 1 0 0 0 0 1 0 0 0 0 1 1 1 1 0 1 0 1 1 1 1 0 1 1 0 1 0 0 0 0 0 1 0 0 0 1 1 0 1 0 0 0 1 1 0 1 0 0 0 1 0 1 1 0 1 0 0 1 1 0 0 0 1 1 0 0 0 1 1 1 0 1 1 0 1 0 0 0 0 0 0 1 1 1 0 1 0 0 0 1 1 1 0 0 0 1 0 1 1 0 1 1 0 1 1 0 0 1 0 1 0 0 1 0 0 0 0 
quality : 4340
======================================

========== print chromosome ==========
genes : 1 1 0 0 1 1 1 1 0 1 0 1 1 0 1 0 0 0 0 1 0 1 0 1 1 1 1 1 1 1 0 0 1 1 1 0 1 1 1 0 1 0 1 1 1 1 1 0 0 1 0 0 1 0 0 1 0 1 0 1 0 0 1 0 0 1 0 0 1 1 1 1 1 1 1 1 1 1 1 1 1 0 1 0 0 0 1 1 0 0 0 1 1 1 1 1 0 1 1 0 0 1 0 0 1 1 1 1 0 1 1 1 0 1 0 1 1 1 0 1 1 0 1 0 1 1 1 0 0 1 1 0 0 1 1 0 1 1 1 0 0 1 1 0 1 0 0 0 1 1 1 1 1 1 0 0 1 1 1 1 0 1 0 1 0 1 0 0 0 1 0 1 1 0 1 1 1 1 1 1 1 0 1 0 1 1 1 1 1 1 1 1 1 0 0 0 0 0 0 0 1 1 0 0 1 1 0 0 0 0 1 0 0 0 1 0 0 0 0 1 1 1 1 1 0 1 0 0 0 1 0 1 1 1 0 0 0 1 0 1 0 1 0 0 0 0 0 1 0 1 1 0 0 0 0 1 0 1 0 0 1 0 1 0 0 0 1 1 1 0 1 0 0 1 1 1 0 1 0 0 0 0 0 1 1 0 1 0 1 0 1 0 1 0 0 1 1 0 0 1 0 0 1 1 0 1 0 0 0 0 0 1 0 1 1 1 1 0 1 1 1 0 0 0 0 1 0 1 0 0 0 0 1 0 0 1 1 0 0 1 1 0 1 1 0 0 0 0 1 0 0 0 0 1 0 0 1 1 0 0 1 0 1 0 0 0 1 0 0 1 1 0 0 1 1 1 0 1 0 1 1 0 0 1 0 0 0 0 1 0 0 0 0 1 1 1 1 0 1 0 1 1 1 1 0 1 1 0 1 0 0 0 0 0 1 0 0 0 1 1 0 1 0 1 0 1 1 0 1 0 0 0 1 0 1 1 0 1 0 0 1 1 0 0 0 1 1 0 0 0 1 1 0 0 1 1 0 1 0 0 0 0 0 0 1 1 1 0 1 0 0 0 1 1 0 1 0 0 1 0 1 1 0 1 1 0 1 1 0 0 1 0 1 0 0 1 0 0 0 0 
quality : 4340
======================================

========== print chromosome ==========
genes : 1 1 0 0 1 1 1 1 0 1 0 1 1 1 1 0 0 0 0 1 0 1 0 1 1 1 1 1 1 1 0 0 1 1 0 0 1 1 1 0 1 0 0 1 1 1 1 0 0 1 1 0 1 0 0 1 0 1 0 1 1 0 1 0 0 1 0 0 1 1 1 1 1 1 1 1 1 1 1 1 1 0 1 0 0 0 1 1 0 0 0 1 1 1 1 0 0 1 1 0 0 1 0 0 1 1 0 1 0 1 1 1 0 1 0 1 1 1 0 1 1 0 1 0 1 1 1 0 0 1 1 0 0 1 1 0 1 1 1 0 0 1 1 0 1 0 0 0 1 1 1 1 1 1 0 0 1 1 1 1 0 1 0 1 0 1 0 0 0 1 0 1 1 0 1 1 1 1 1 1 1 0 1 0 1 1 1 1 1 1 1 0 1 0 0 0 0 0 0 1 1 1 0 0 1 1 0 0 0 0 1 0 0 0 1 0 0 0 0 0 1 1 1 1 0 1 0 0 0 1 0 1 1 1 0 0 0 1 0 1 0 1 0 0 0 0 0 1 0 1 1 0 0 0 0 1 1 1 0 0 1 0 1 0 0 0 1 1 1 0 0 0 0 1 1 1 0 1 0 0 0 0 0 1 1 0 1 0 1 0 1 0 1 0 0 1 1 0 0 1 0 0 1 1 1 1 0 0 0 0 0 1 0 1 1 1 1 0 1 1 1 0 0 0 0 1 0 1 0 0 0 0 1 0 0 0 1 0 0 1 1 0 1 1 0 0 0 0 1 0 0 0 0 1 0 0 1 1 0 0 1 0 1 0 0 0 1 0 0 1 1 0 0 1 1 1 0 1 0 1 1 0 0 1 0 0 0 1 1 0 0 0 0 1 1 1 1 0 1 0 1 1 1 1 0 1 1 0 1 0 0 0 0 0 1 0 1 0 1 1 0 1 0 1 0 1 1 0 1 0 0 0 1 0 1 1 0 1 0 0 1 1 0 0 0 1 1 0 0 0 1 1 0 0 1 1 0 1 1 0 0 0 0 0 1 1 1 0 1 0 0 0 1 1 0 1 0 0 1 0 1 1 0 1 1 0 1 1 0 0 1 0 1 0 0 1 0 0 0 0 
quality : 4340
======================================

========== print chromosome ==========
genes : 0 1 0 0 1 1 1 1 0 1 0 1 1 1 1 0 0 0 0 1 0 1 0 1 1 1 1 1 1 1 0 0 1 0 0 0 1 1 1 0 1 0 0 0 1 1 1 0 0 1 0 0 1 0 0 1 0 1 0 1 1 0 1 0 0 1 0 0 1 1 0 1 1 1 1 1 1 1 1 1 1 0 1 0 0 0 1 1 0 0 0 1 1 1 1 0 0 1 1 0 0 1 0 0 1 1 0 1 0 1 1 1 0 0 0 1 1 1 0 1 1 0 1 0 1 1 1 0 0 1 1 0 0 1 1 0 1 1 1 0 0 1 1 0 1 0 0 0 1 1 1 1 1 0 0 0 1 1 1 1 0 1 0 1 0 1 0 0 0 1 0 1 1 0 1 1 1 1 1 1 1 0 1 0 1 1 1 1 0 1 1 0 1 0 0 0 0 0 0 0 1 1 0 0 1 1 0 0 0 0 1 0 0 0 1 0 0 0 0 0 1 1 1 1 0 1 0 0 0 1 0 1 1 1 0 0 0 1 0 1 0 1 0 0 0 0 0 1 0 1 1 0 0 0 1 1 1 1 0 0 1 0 1 0 0 0 1 1 1 0 0 0 0 1 1 1 0 1 0 0 0 0 0 1 1 0 1 0 1 0 1 0 1 0 0 1 1 0 0 1 0 0 1 1 1 1 0 0 0 0 0 1 0 1 1 1 1 0 1 1 1 0 0 0 0 1 0 0 0 0 0 0 1 0 0 1 1 0 0 1 1 0 1 1 0 0 0 0 1 0 0 0 1 1 0 0 1 1 0 0 1 0 1 0 0 0 1 0 0 1 1 0 1 1 1 1 0 1 0 1 1 0 0 1 0 0 0 0 1 0 0 0 0 1 1 1 1 0 1 0 1 1 1 1 0 1 1 0 1 0 0 0 0 0 1 0 0 0 1 1 0 1 0 1 0 1 0 0 1 0 0 0 1 0 1 1 0 1 0 0 1 1 0 0 0 1 1 1 0 0 1 1 0 0 1 1 0 1 0 0 0 0 0 0 1 1 1 0 1 0 0 0 1 1 0 1 0 0 1 0 1 1 0 1 1 0 1 1 0 0 1 0 1 0 0 1 0 0 0 0 
quality : 4340
======================================

========== print chromosome ==========
genes : 1 0 0 0 1 1 1 1 0 1 0 1 1 1 1 0 0 0 0 1 0 1 0 1 1 1 1 1 1 1 0 0 1 0 0 0 1 1 1 0 1 0 0 1 1 1 1 0 0 1 0 0 1 0 0 1 0 1 0 1 1 0 1 0 0 1 0 0 1 1 1 1 1 1 1 1 1 1 1 1 1 0 1 0 0 0 1 1 0 0 0 1 1 1 1 0 0 1 1 0 0 1 0 0 1 1 0 1 0 1 0 1 0 1 0 1 1 1 0 1 1 0 1 0 1 1 1 0 0 1 1 0 0 1 1 0 1 1 1 0 0 1 1 0 1 0 1 0 1 1 1 1 1 0 0 0 1 1 1 1 0 1 0 1 0 1 0 0 0 1 0 1 1 0 1 1 1 1 1 1 1 0 1 0 1 1 1 1 1 1 1 0 1 0 0 0 0 0 1 0 1 1 0 0 1 1 0 0 0 0 1 0 0 0 1 0 0 0 0 0 1 1 1 1 0 1 0 0 0 1 0 1 1 1 0 0 0 1 0 1 0 1 0 0 0 0 0 1 0 1 1 0 0 0 0 1 1 1 0 0 1 0 1 0 0 0 1 1 1 0 0 0 0 1 1 1 0 1 0 0 0 1 0 1 1 0 1 0 1 0 1 0 1 0 0 1 1 0 0 1 0 0 1 1 1 1 0 0 0 0 0 1 0 1 1 1 1 0 1 1 1 0 0 0 0 1 0 1 0 0 0 0 1 0 0 1 1 0 0 1 1 0 1 1 0 0 1 0 1 0 0 0 0 1 0 0 1 1 0 0 1 0 1 0 0 0 1 0 0 1 1 0 0 1 1 1 0 1 0 1 1 0 0 1 0 0 0 0 1 0 0 0 0 1 1 1 1 0 1 0 1 1 1 1 0 1 1 0 1 0 0 0 0 0 1 0 0 0 1 1 0 1 0 1 0 1 1 0 1 0 0 0 1 0 1 1 0 1 0 0 1 1 0 0 0 1 1 0 0 0 1 1 0 0 1 1 0 1 0 0 0 0 0 0 1 1 1 0 1 0 0 0 1 1 0 1 0 0 1 0 1 1 0 1 1 0 1 1 0 0 1 0 1 0 0 1 0 0 0 0 
quality : 4340
======================================

========== print chromosome ==========
genes : 1 1 0 0 1 1 1 1 0 1 0 0 1 1 1 0 0 0 0 1 0 1 0 1 1 1 1 1 1 1 0 0 1 1 1 0 1 1 1 0 1 0 0 1 1 1 1 0 0 1 0 0 1 0 0 1 0 1 0 1 1 0 1 0 0 1 0 0 1 1 1 1 1 1 1 1 1 1 1 1 1 0 1 0 0 0 1 1 0 0 0 1 1 1 1 0 0 1 1 0 0 1 0 1 1 1 0 1 0 1 1 1 0 1 0 1 1 1 1 1 1 0 1 0 1 1 1 0 0 1 1 0 0 1 1 0 1 0 1 0 0 1 1 0 1 0 0 0 1 1 1 1 1 0 0 0 1 1 1 1 0 1 0 1 0 1 0 0 0 1 0 1 0 0 1 1 1 1 1 1 1 0 1 0 1 1 1 1 1 1 1 0 1 0 0 0 0 0 0 0 1 1 0 0 1 1 0 0 0 0 1 0 0 0 1 0 0 0 0 0 1 1 1 1 0 1 0 0 0 1 0 1 1 1 0 0 0 1 0 1 0 1 0 0 0 0 0 1 0 1 1 0 0 0 0 1 1 1 0 0 1 0 1 0 0 0 1 1 1 0 0 0 0 1 1 1 0 1 0 0 0 0 0 1 1 0 1 0 1 0 1 0 1 0 0 1 1 0 0 1 0 0 1 1 1 1 0 0 0 0 0 0 0 1 1 1 1 0 1 1 1 0 0 0 0 1 0 1 0 0 0 0 1 0 0 1 1 0 0 1 1 0 1 1 0 0 0 0 1 0 0 0 0 1 0 0 1 1 0 0 1 0 1 0 0 0 1 0 0 1 1 0 0 1 1 1 0 1 0 1 1 0 0 1 0 0 0 0 1 0 0 0 0 1 1 1 1 0 1 0 1 1 1 1 0 1 1 0 1 0 0 0 0 0 1 0 0 0 1 1 0 1 0 1 0 1 1 0 1 1 0 0 1 0 1 1 0 1 0 0 1 1 0 0 0 1 1 0 0 0 1 1 0 0 1 1 0 1 0 0 0 0 0 0 1 1 1 0 1 0 0 0 1 1 0 1 0 0 1 0 1 1 0 1 1 0 1 1 0 0 1 0 1 0 0 1 0 0 0 0 
quality : 4340
======================================

========== print chromosome ==========
genes : 1 1 1 0 1 1 1 1 0 1 0 1 1 1 1 0 0 0 0 1 0 1 0 1 1 1 1 1 1 1 0 0 1 1 0 0 1 1 1 0 1 0 0 1 1 1 1 0 0 1 0 0 1 0 0 1 0 1 0 1 1 0 1 0 0 1 0 0 1 1 1 1 1 1 1 1 1 1 1 1 1 0 1 0 0 0 1 1 0 0 0 1 1 1 1 0 0 1 1 0 0 1 0 0 1 1 0 1 0 1 1 1 0 1 0 1 1 1 0 1 1 0 1 0 1 1 1 0 0 1 1 0 0 1 1 0 1 1 1 0 0 1 1 0 1 0 0 0 1 1 1 1 1 0 0 0 1 1 1 1 0 1 0 1 0 1 0 0 0 1 0 0 1 0 1 1 1 1 1 1 1 0 1 0 1 1 1 1 1 1 1 0 1 0 0 0 0 0 0 0 1 1 0 0 1 1 0 0 0 0 1 0 0 0 1 0 0 0 0 0 1 1 1 1 0 1 0 0 0 1 1 1 1 1 0 0 0 1 0 1 0 1 0 0 0 0 0 1 0 1 1 0 0 0 0 1 1 1 0 0 1 0 1 0 0 0 1 1 1 0 0 0 0 1 1 1 0 1 0 0 0 1 0 1 1 0 1 0 1 0 1 0 1 0 0 1 1 1 0 1 0 0 1 1 1 1 0 0 0 0 0 1 0 1 1 1 1 0 1 1 1 0 0 1 0 1 0 1 0 0 0 0 1 0 0 1 1 0 0 1 1 0 1 1 0 0 0 0 1 0 0 0 0 1 0 0 1 1 0 0 1 0 1 0 0 0 1 0 0 1 1 0 0 0 1 1 0 1 0 1 1 0 0 1 0 0 0 0 1 0 0 0 0 1 1 1 1 0 1 0 1 1 1 1 0 1 1 0 1 0 0 0 0 0 1 0 0 0 1 1 0 1 0 1 0 1 1 0 1 0 0 0 1 0 1 1 0 1 0 0 1 1 0 0 0 1 1 0 0 0 1 1 0 0 1 1 0 1 0 0 0 0 0 0 1 1 1 0 1 0 0 0 1 1 0 1 0 0 1 0 1 1 0 1 1 0 1 1 0 0 0 0 1 0 0 1 0 0 0 0 
quality : 4340
======================================

========== print chromosome ==========
genes : 1 1 0 0 1 1 1 1 0 1 0 1 1 1 1 0 0 0 0 1 0 1 0 1 1 1 1 1 1 1 0 0 1 1 0 0 1 1 1 0 1 0 0 1 1 1 1 0 0 1 0 0 1 0 0 1 0 1 0 1 1 0 1 0 0 1 0 0 1 1 1 1 1 1 1 1 1 1 1 1 1 0 1 0 0 0 1 1 0 0 0 1 1 1 1 0 0 1 1 0 0 1 0 0 1 1 0 1 0 1 1 1 0 1 0 1 1 1 0 1 1 0 1 0 1 1 1 0 0 1 1 0 0 1 1 0 1 1 1 0 0 1 1 0 1 0 0 0 1 1 1 1 1 0 0 0 1 1 1 1 0 1 0 1 0 1 0 0 0 1 0 1 1 0 1 1 1 1 1 1 1 0 1 0 0 1 1 1 1 1 1 0 1 0 0 0 0 0 0 0 1 1 0 0 1 1 0 0 0 0 1 0 0 0 1 1 0 0 0 0 1 1 1 1 0 1 0 0 0 1 0 1 1 1 0 0 0 1 0 1 0 1 0 0 0 0 0 1 0 1 1 0 0 0 0 1 1 1 0 0 1 0 1 0 0 0 1 1 1 0 0 0 0 1 0 1 0 1 0 0 0 0 0 1 1 0 1 0 1 0 1 0 1 0 0 1 1 0 0 1 0 0 1 1 1 1 0 0 0 0 0 1 0 1 1 1 1 0 1 1 1 0 0 0 0 1 0 0 0 0 0 0 1 0 0 1 1 0 0 1 1 0 1 1 0 0 0 0 1 0 0 0 0 1 0 0 1 1 0 0 1 0 1 0 0 0 1 0 0 1 1 0 0 1 1 1 0 1 0 1 1 0 0 1 0 0 0 0 1 0 0 0 0 1 1 1 1 0 1 0 1 1 1 1 0 1 1 0 1 0 0 0 0 0 1 0 0 0 1 1 0 1 0 1 0 1 1 0 1 0 0 0 1 0 1 1 0 1 0 0 1 1 0 0 0 1 1 0 0 0 1 1 0 0 1 1 0 1 0 0 0 0 0 0 1 1 1 0 1 0 0 0 1 1 0 1 0 0 1 0 1 1 0 1 1 0 1 1 0 0 1 0 1 0 0 1 0 1 0 0 
quality : 4340
======================================

========== print chromosome ==========
genes : 1 1 0 0 1 1 1 1 0 1 0 1 1 1 1 0 1 0 0 1 0 1 0 1 1 1 1 1 0 1 0 0 1 1 0 0 1 1 1 0 1 0 0 1 1 1 1 0 0 1 0 0 1 0 0 1 0 1 0 1 1 0 1 0 0 1 0 0 1 1 1 1 1 1 1 1 1 1 1 1 1 0 1 0 0 0 1 1 0 0 0 1 1 1 1 0 0 1 1 0 0 1 0 0 1 1 0 1 0 1 1 1 0 1 0 1 1 1 0 1 1 0 1 0 1 1 1 0 0 1 1 0 0 1 1 0 1 0 1 0 0 1 1 0 1 0 0 0 1 1 1 1 1 0 0 0 1 1 1 1 0 1 0 1 0 1 0 0 0 1 0 1 1 0 1 1 1 1 1 1 1 0 1 0 1 1 1 1 1 1 1 0 1 0 0 0 0 0 0 0 1 1 0 0 1 1 0 0 0 0 1 0 0 0 1 0 0 0 0 0 1 1 1 1 0 1 0 0 0 1 0 1 1 1 0 0 0 1 0 1 0 1 0 0 0 0 0 1 0 1 1 0 0 0 0 1 1 1 0 0 1 0 1 0 0 0 1 1 1 0 0 0 0 1 1 1 0 1 0 0 0 0 0 1 1 0 1 0 1 0 1 0 1 0 0 1 1 0 0 1 0 0 1 1 1 1 0 0 0 0 0 1 0 1 1 1 1 0 1 1 1 0 0 0 0 1 0 1 0 0 0 0 1 0 1 1 1 0 0 1 1 0 1 1 0 0 0 0 1 0 0 0 0 1 0 0 1 1 0 0 1 0 1 0 0 0 1 0 0 1 1 0 0 1 1 1 0 1 0 1 1 0 0 1 0 0 0 0 1 0 0 0 0 1 1 1 1 0 1 0 1 1 1 1 0 1 1 0 1 0 0 0 0 0 1 0 0 0 1 0 0 1 0 1 0 1 1 0 1 0 0 0 1 0 1 1 0 1 0 0 1 1 0 0 0 1 1 0 0 0 1 1 0 0 1 1 0 1 0 0 0 0 0 0 1 1 1 0 1 0 0 0 1 1 0 1 0 0 1 0 1 1 0 1 1 0 1 1 0 0 1 0 1 0 0 1 0 0 0 0 
quality : 4340
======================================

========== print chromosome ==========
genes : 1 1 0 0 1 1 1 1 0 1 0 1 1 1 1 0 0 0 0 1 0 1 0 1 1 0 1 1 1 1 0 0 1 1 0 0 1 1 1 0 1 0 0 1 1 1 1 0 0 1 0 0 1 0 0 0 0 1 0 1 1 0 1 0 0 1 0 0 1 1 1 1 1 1 1 1 1 1 1 1 1 0 1 0 0 0 1 1 0 0 0 1 1 1 1 0 0 1 1 0 0 1 0 0 1 1 0 1 0 1 1 0 0 1 0 1 1 1 0 0 1 0 1 0 1 1 1 0 0 1 1 0 0 1 1 0 1 1 1 0 0 1 1 0 1 0 0 0 1 1 1 1 1 0 0 0 1 1 1 1 0 1 0 1 1 1 0 0 0 1 0 1 1 0 1 1 1 1 1 1 1 0 1 0 1 1 1 1 1 1 1 0 1 0 0 0 0 0 0 1 1 1 0 0 1 1 0 0 0 0 1 0 0 0 1 0 0 0 0 0 1 1 1 1 0 1 0 0 0 1 0 1 1 1 0 0 0 1 0 1 0 1 1 0 0 0 0 1 0 1 1 0 0 0 0 1 1 1 0 0 1 0 1 0 0 0 1 1 1 0 0 0 0 1 1 1 0 1 0 0 0 0 0 1 1 0 1 0 1 0 1 0 1 0 0 1 1 0 0 1 0 0 1 1 1 1 0 0 0 0 0 1 0 1 1 1 1 0 1 1 1 0 0 0 0 1 0 1 0 0 0 0 1 0 0 1 1 0 0 1 1 0 1 1 0 0 0 0 1 0 0 0 0 1 0 0 1 1 0 0 1 0 1 0 0 0 1 0 0 1 1 0 0 1 1 1 0 1 0 1 1 0 0 1 0 0 0 0 0 0 0 0 0 1 1 1 1 0 1 0 1 1 1 1 0 1 1 0 1 0 0 0 0 0 1 0 0 0 1 1 0 1 0 1 0 1 1 0 1 0 0 0 1 0 1 1 0 1 0 0 1 1 0 0 0 1 1 0 0 0 1 1 0 0 1 1 0 1 0 0 0 0 0 0 1 1 1 0 1 0 0 0 1 1 0 1 0 0 1 0 1 1 0 1 1 0 1 1 0 0 1 0 1 0 0 1 0 0 0 0 
quality : 4340
======================================

========== print chromosome ==========
genes : 1 1 0 0 1 1 1 1 0 1 0 1 1 1 1 0 0 0 0 1 0 1 0 1 1 1 1 1 1 1 0 0 1 1 0 0 1 1 1 0 1 0 0 1 1 1 1 0 0 1 0 0 1 0 0 1 0 1 0 1 1 0 1 0 0 1 0 0 1 1 1 1 1 1 1 1 1 1 1 1 1 0 1 0 0 0 1 1 0 0 0 1 1 1 1 0 0 1 1 1 0 1 0 0 1 1 0 1 0 1 1 1 0 1 0 1 1 1 0 1 1 0 1 0 1 1 1 0 0 1 1 0 0 1 1 0 1 1 1 0 0 1 1 0 1 0 0 0 1 1 1 1 1 0 0 0 1 1 1 0 0 1 0 1 0 1 0 0 0 1 0 1 1 0 1 1 1 1 1 1 1 0 1 0 1 1 1 1 1 1 1 0 1 0 0 0 0 0 0 0 1 1 0 0 1 1 0 0 0 0 1 0 0 0 1 0 0 0 1 0 1 1 1 1 0 1 0 0 0 1 0 1 1 1 0 0 0 1 0 1 0 1 0 0 1 0 0 1 0 1 1 0 0 0 0 1 1 1 0 0 1 0 1 0 0 0 1 1 1 0 0 0 0 1 1 1 0 1 0 0 0 0 0 1 1 0 1 0 1 0 1 0 1 0 0 1 1 0 0 1 0 0 1 1 1 1 0 0 0 0 0 1 0 1 1 1 1 0 1 1 1 0 0 0 0 1 0 1 0 0 0 0 1 0 0 1 1 0 0 1 1 0 1 1 0 0 0 0 1 0 0 0 0 1 0 0 1 1 0 0 1 0 1 0 0 0 1 0 0 1 1 0 0 1 1 1 0 1 0 1 1 0 0 1 0 0 0 0 1 0 0 0 0 1 1 1 1 0 1 0 1 1 1 1 0 1 1 0 1 0 0 0 0 0 1 1 0 0 1 1 0 1 0 1 0 1 1 0 1 0 0 0 1 0 1 1 0 1 0 1 1 1 0 0 0 1 1 0 0 0 1 1 0 0 1 1 0 1 0 0 0 0 0 0 1 1 1 0 1 1 0 0 1 1 0 1 0 0 1 0 1 1 0 1 1 0 1 1 0 0 1 0 1 0 0 1 0 0 0 0 
quality : 4340
======================================

========== print chromosome ==========
genes : 1 1 0 0 1 1 1 1 0 1 0 1 1 1 1 0 0 0 0 1 0 1 0 1 1 1 1 1 1 1 0 0 0 1 0 0 1 1 1 0 1 0 0 1 1 1 1 0 0 1 0 0 1 0 0 1 0 1 0 1 1 0 1 0 0 1 0 0 1 1 1 1 1 1 1 1 1 1 1 1 1 0 1 0 0 0 1 1 0 0 0 1 1 1 1 0 0 1 1 0 0 1 0 0 1 1 0 1 0 1 1 1 0 1 0 1 1 1 0 1 1 0 1 0 1 1 1 0 0 1 1 0 0 1 1 0 1 1 1 0 0 0 1 0 1 0 0 0 1 1 1 1 1 0 0 0 1 1 1 1 0 1 0 1 1 1 0 0 0 1 0 1 1 0 1 1 1 1 1 1 1 0 1 0 1 1 1 1 1 1 1 0 1 0 0 0 0 0 0 0 1 1 0 0 1 1 0 0 0 0 1 0 0 0 1 0 0 0 0 0 1 1 1 1 0 1 0 0 0 1 0 1 1 1 0 0 0 1 1 1 0 1 0 0 0 0 0 1 0 1 1 0 0 0 0 1 1 1 0 0 1 0 1 0 0 0 1 1 1 0 0 0 0 1 1 1 0 1 0 0 0 0 0 1 1 0 1 0 1 0 1 0 1 0 0 1 1 0 0 1 0 0 1 1 1 1 0 0 0 0 0 1 0 1 1 1 1 0 1 1 1 0 0 0 0 1 0 1 0 0 0 0 1 0 0 1 1 0 0 1 1 0 1 1 0 0 0 0 1 0 0 0 1 1 0 0 1 1 0 0 1 0 1 0 0 0 1 0 0 1 1 0 0 1 1 1 0 1 0 1 1 0 0 1 0 0 0 0 1 0 0 0 0 1 1 1 1 0 1 0 1 1 1 1 0 1 1 0 1 0 0 0 0 0 1 0 0 0 1 1 0 1 0 1 0 1 1 0 1 0 0 0 1 0 1 1 0 1 0 0 0 1 0 0 0 1 1 0 0 0 1 1 0 0 1 1 0 1 0 0 0 0 0 0 1 1 1 0 1 0 0 0 1 1 0 1 0 0 1 0 1 1 0 1 1 0 1 1 0 0 1 0 1 0 0 1 0 0 0 0 
quality : 4340
======================================

========== print chromosome ==========
genes : 1 1 0 0 1 1 0 1 0 1 0 1 1 1 1 1 0 0 0 1 0 1 0 1 1 1 1 1 1 1 0 0 1 1 0 0 1 1 1 0 1 0 0 1 1 1 1 0 0 1 0 0 1 0 0 1 0 1 0 1 1 0 1 0 0 1 0 0 1 1 1 1 1 1 1 1 1 1 1 1 1 0 1 0 0 0 1 1 0 0 0 1 1 1 1 0 0 1 1 0 0 1 0 0 1 1 0 1 0 1 1 1 0 1 0 1 1 1 0 1 1 0 1 0 1 1 1 0 0 1 1 0 0 1 1 0 1 1 1 0 0 1 1 0 1 0 0 0 1 1 1 1 1 0 0 0 1 1 1 1 0 1 0 1 0 1 0 0 0 1 0 1 1 0 1 1 1 1 1 1 1 0 1 0 1 1 1 1 1 1 1 0 1 0 0 0 0 0 0 0 1 1 0 0 1 1 0 0 0 0 1 0 0 0 1 0 0 0 0 0 1 1 1 1 0 1 0 0 0 1 0 1 1 1 0 0 0 1 0 1 0 1 0 0 0 0 0 1 0 1 1 0 0 0 0 1 1 1 0 0 1 0 1 0 0 0 1 1 1 0 0 0 0 1 1 1 0 1 0 0 0 0 0 1 1 0 1 0 1 0 1 0 1 0 0 1 1 0 0 1 0 0 1 1 1 1 0 0 0 0 0 1 0 1 1 1 1 0 1 1 1 0 0 0 0 1 0 0 0 0 0 0 1 0 0 1 1 0 0 1 1 0 1 1 0 0 0 0 1 0 0 0 0 1 0 0 1 1 0 0 1 0 1 0 0 0 1 0 0 1 1 0 0 1 1 1 0 1 0 1 1 0 0 1 0 0 0 0 1 0 0 0 0 1 1 1 1 0 1 0 1 1 1 1 1 1 1 0 1 0 0 0 0 0 1 0 0 0 1 1 0 1 0 1 0 1 1 0 1 0 0 0 1 0 1 1 0 1 0 0 1 1 0 0 0 1 1 0 0 0 1 1 0 0 0 1 0 1 0 0 0 0 0 0 1 1 1 0 1 0 0 0 1 1 0 1 0 0 1 0 1 1 0 1 1 0 1 1 0 0 1 0 1 0 0 1 0 0 0 0 
quality : 4340
======================================

========== print chromosome ==========
genes : 0 1 0 0 1 1 1 1 0 1 0 1 1 1 1 0 0 0 0 1 0 1 0 1 1 0 1 1 1 1 0 0 1 1 0 0 1 1 1 0 1 0 0 1 1 1 1 0 0 1 0 0 1 0 0 1 0 1 0 1 1 0 1 0 0 1 0 0 1 0 1 1 1 1 1 1 1 1 1 1 1 0 1 0 0 0 0 1 0 0 0 1 1 1 0 0 0 1 1 0 0 1 0 0 1 1 0 1 0 1 1 1 0 1 0 1 1 1 0 1 1 0 1 0 1 1 1 0 0 1 1 0 0 1 1 0 1 1 1 0 0 1 1 0 1 0 0 0 1 1 1 1 1 0 0 0 1 1 1 1 0 1 0 1 0 1 0 1 0 1 0 1 1 1 1 0 1 1 1 1 1 0 0 0 1 1 1 1 1 1 1 0 1 0 0 0 0 0 0 0 1 1 0 0 1 1 0 0 0 0 1 0 0 0 1 0 0 0 0 0 1 1 1 1 0 1 0 0 0 1 0 1 1 1 0 0 0 1 0 1 0 1 0 0 0 0 0 1 0 1 1 0 0 0 0 1 1 1 0 0 1 0 1 0 0 0 1 1 1 0 0 0 0 1 1 1 0 1 0 0 0 0 0 1 1 0 1 0 1 0 1 0 1 0 0 1 1 0 0 1 0 0 1 1 1 1 0 0 0 0 0 1 0 1 1 0 1 0 1 1 1 0 0 0 0 1 0 1 0 0 0 0 1 0 0 1 1 0 0 1 1 0 1 1 0 0 0 0 1 0 0 0 0 1 0 0 1 1 0 0 1 0 0 0 0 0 1 0 0 1 1 0 0 1 1 1 0 1 0 1 1 0 0 1 0 0 0 0 1 0 0 0 0 1 1 1 1 0 1 0 1 1 1 1 0 1 1 0 1 0 0 0 0 0 1 0 0 0 1 1 0 0 0 1 0 1 1 0 1 0 0 0 1 0 1 1 0 1 0 0 1 1 0 0 0 1 1 0 0 0 1 1 0 0 1 1 0 1 0 0 0 0 1 0 1 1 1 0 1 0 0 0 1 1 0 1 0 0 1 0 1 1 0 1 1 0 1 1 0 0 1 0 1 0 0 1 0 0 0 0 
quality : 4340
======================================

========== print chromosome ==========
genes : 1 1 0 0 1 1 1 1 0 1 0 1 1 1 1 0 0 0 0 1 0 1 0 1 1 1 1 1 1 1 0 0 1 1 0 0 1 1 1 0 1 0 0 1 1 1 1 0 0 1 0 0 1 0 0 1 0 1 0 1 1 0 1 0 0 1 0 0 1 1 1 1 1 1 1 1 1 1 1 1 1 0 1 0 0 0 1 1 0 0 0 1 1 1 1 0 0 1 1 1 0 1 0 0 1 1 0 1 0 1 1 1 0 1 0 1 1 1 0 0 1 0 1 0 1 1 1 0 0 1 1 0 0 1 1 0 1 1 1 0 0 1 1 0 1 0 0 0 1 1 1 1 1 0 0 0 1 1 1 1 0 1 0 1 0 1 0 0 0 1 0 1 1 0 1 1 1 1 1 1 1 0 1 0 1 1 1 1 1 1 1 0 1 0 0 0 0 0 0 0 1 1 0 1 1 1 0 0 0 0 1 0 0 0 1 0 0 0 0 0 1 1 1 1 0 1 0 0 0 0 0 1 1 1 0 0 0 1 0 1 0 1 0 0 0 0 0 1 0 1 1 0 0 0 0 1 1 1 0 0 1 0 1 0 0 0 1 1 1 0 0 0 0 1 1 1 0 1 0 0 0 0 0 1 1 0 1 0 1 0 1 0 1 0 0 1 1 0 0 1 0 0 1 1 1 1 0 0 0 1 0 1 0 1 1 1 1 0 1 1 1 0 1 0 0 1 0 1 0 0 0 0 1 0 0 1 1 0 0 1 1 0 1 1 0 0 0 0 1 0 0 0 0 1 0 0 1 1 0 0 1 0 1 0 0 1 1 0 0 1 1 0 0 1 1 1 0 1 0 1 1 0 0 1 0 0 0 0 1 0 0 0 0 1 1 1 1 0 1 0 1 1 1 1 0 1 1 0 1 0 0 0 0 0 1 0 0 0 0 1 0 1 0 1 0 1 1 0 1 0 0 0 1 0 1 1 0 1 0 0 1 1 0 0 0 1 1 0 0 0 1 1 0 0 1 1 0 1 0 0 0 0 0 0 1 1 1 0 1 0 0 0 1 1 0 1 0 0 1 0 1 1 0 1 1 0 1 1 0 0 1 0 1 0 0 1 0 0 0 0 
quality : 4340
======================================

========== print chromosome ==========
genes : 1 1 0 0 1 1 1 1 0 1 0 1 1 1 1 0 0 0 0 1 0 1 0 1 1 1 1 1 1 1 0 0 1 1 0 0 1 1 1 0 0 0 0 1 1 1 1 0 0 1 0 1 1 0 0 1 0 1 0 1 1 0 1 0 0 1 0 0 1 1 1 1 1 1 1 1 1 1 1 1 0 0 1 0 0 0 1 1 0 0 0 1 1 0 1 0 0 1 1 0 0 1 0 0 1 1 0 1 0 1 1 1 0 1 0 1 1 1 0 1 1 0 1 0 1 1 1 0 0 1 1 0 0 1 1 0 1 1 1 1 0 1 1 0 1 0 0 0 1 1 1 1 1 0 0 0 1 1 0 1 0 1 1 1 0 1 0 0 0 1 0 1 1 0 1 1 1 1 1 1 1 0 1 0 1 1 1 1 1 1 1 0 1 0 0 0 0 0 1 0 1 1 0 0 1 1 0 0 0 0 1 0 0 0 1 0 0 0 0 0 1 1 1 1 0 1 0 0 0 1 0 1 1 1 0 0 0 1 0 1 0 1 0 0 0 1 0 1 0 1 1 0 0 0 0 1 1 1 0 0 1 0 1 0 0 0 1 1 1 0 0 0 0 1 1 1 0 1 0 0 0 0 0 1 1 0 1 0 1 0 1 0 1 0 0 1 1 0 0 1 0 0 1 1 1 1 0 0 0 0 0 1 0 0 1 1 1 0 1 1 1 0 0 0 0 1 0 1 0 0 0 0 1 0 0 1 1 0 0 1 1 0 1 1 0 0 0 0 1 0 0 0 0 1 0 0 1 1 0 0 1 0 1 0 0 0 1 0 0 1 1 0 0 1 1 1 0 1 0 1 1 0 0 1 0 0 0 0 1 0 0 0 0 1 1 1 1 0 1 0 1 1 1 1 0 1 1 0 1 0 0 0 0 0 1 0 0 0 1 1 0 1 0 1 0 1 1 0 1 0 0 0 1 0 1 1 0 1 0 0 1 1 0 0 0 1 1 0 0 0 1 1 0 0 1 1 0 1 0 0 0 0 0 0 1 1 1 0 1 0 0 0 1 1 0 1 0 0 1 0 1 1 0 1 1 0 1 1 0 0 1 0 1 0 0 1 0 0 0 0 
quality : 4340
======================================

========== print chromosome ==========
genes : 1 1 0 0 1 1 1 1 0 1 0 1 1 1 1 0 0 0 0 1 0 1 0 1 1 1 1 1 1 1 0 0 1 1 0 0 1 1 1 0 1 0 0 1 1 1 1 0 0 1 0 0 1 0 0 1 0 1 0 0 1 0 1 1 0 1 0 0 1 1 1 1 1 1 1 1 1 1 1 1 1 0 1 0 0 0 1 1 0 0 0 1 1 1 1 0 0 1 1 0 0 1 0 0 1 1 0 1 0 1 1 1 0 1 0 1 1 1 0 1 1 0 1 0 1 1 1 0 0 1 1 0 0 1 1 0 1 1 1 0 0 1 1 0 1 0 0 0 1 1 1 1 1 0 0 0 1 1 1 1 0 1 1 1 0 1 0 0 0 1 0 1 1 0 1 1 1 1 1 1 1 0 1 0 1 1 1 1 1 1 1 0 1 0 0 0 0 0 0 0 1 1 0 0 1 1 0 0 0 0 1 0 0 0 1 0 0 0 0 0 1 1 1 1 0 1 0 0 0 1 0 1 1 1 0 0 0 1 0 1 0 1 0 0 0 0 0 1 0 1 1 0 0 0 0 1 1 1 0 0 1 0 1 0 0 0 1 1 1 0 0 0 0 1 1 1 0 1 0 0 0 0 0 1 1 0 1 0 1 0 1 0 1 0 0 1 1 0 0 1 0 0 1 1 1 1 0 0 0 0 0 1 0 1 1 1 1 0 1 1 1 0 0 0 0 1 0 0 0 0 0 0 1 0 0 1 1 0 0 1 1 0 1 0 0 0 0 0 1 0 0 0 0 1 0 0 1 1 0 0 1 0 1 0 0 0 1 0 0 1 1 0 0 1 1 1 0 1 0 1 1 0 0 1 0 0 0 0 1 0 0 0 0 1 0 1 1 0 1 0 1 1 1 1 0 1 1 0 1 0 0 0 0 0 1 0 0 0 1 1 0 1 0 0 0 1 1 0 1 0 0 0 1 0 1 1 0 1 0 0 1 1 0 0 0 1 1 1 0 0 1 1 1 0 1 1 0 1 0 0 0 0 0 0 1 1 1 0 1 0 0 0 1 1 1 0 0 0 1 0 1 1 0 1 1 0 1 1 0 0 1 0 1 0 0 1 0 0 0 0 
quality : 4342
======================================

========== print chromosome ==========
genes : 1 1 0 0 1 1 1 1 0 1 0 1 1 1 1 0 0 0 0 1 1 1 0 1 1 1 1 1 1 1 0 0 1 1 0 0 1 1 1 0 1 0 0 1 1 1 1 0 0 1 0 0 0 0 0 1 0 1 0 1 1 0 1 0 0 1 0 0 1 1 1 1 0 1 1 1 1 1 1 1 1 0 0 0 0 0 1 1 0 0 0 1 1 1 1 0 0 1 1 0 0 1 0 0 1 1 0 1 0 1 1 1 0 1 0 0 1 1 0 1 1 0 1 0 1 1 1 0 0 1 1 0 0 1 1 0 1 1 1 0 0 1 1 0 1 0 0 0 1 1 1 1 1 0 0 0 1 1 1 1 0 1 0 1 0 1 0 0 0 1 0 1 1 0 1 1 1 1 1 1 1 0 1 0 1 1 1 1 1 1 1 0 1 0 0 0 0 0 0 0 1 1 0 0 1 1 0 0 0 0 1 0 0 0 1 0 0 0 0 0 1 1 1 1 0 1 0 0 0 1 0 1 1 1 0 0 0 1 0 1 0 1 0 0 0 0 0 1 0 1 1 0 0 0 0 1 1 1 0 0 1 0 1 0 0 0 1 1 1 0 0 0 0 1 1 1 0 1 0 0 0 0 0 1 1 0 1 0 1 0 1 0 1 0 0 1 1 0 0 1 0 0 1 1 1 1 0 0 0 0 0 1 0 1 1 1 1 1 1 1 1 0 0 0 0 1 0 1 0 0 0 0 1 0 0 1 1 0 0 1 1 0 1 1 0 0 0 0 1 0 0 0 0 1 0 0 1 1 0 0 1 0 1 0 0 0 1 1 0 1 1 0 0 1 1 1 0 1 0 1 1 0 0 1 0 0 0 0 1 0 0 0 0 1 1 1 1 0 1 0 1 1 1 1 0 1 1 0 1 0 0 0 0 0 1 0 0 0 1 1 0 1 0 1 0 1 1 0 1 0 0 0 1 0 1 1 0 1 0 0 1 1 0 0 0 1 1 0 0 0 1 1 0 0 1 1 0 1 0 0 0 0 0 0 1 1 1 0 1 0 0 0 1 0 0 1 0 0 1 0 1 1 0 1 1 0 1 1 0 0 1 0 1 0 0 1 0 0 0 0 
quality : 4342
======================================

========== print chromosome ==========
genes : 1 1 0 0 1 1 1 1 0 1 0 1 1 1 1 0 0 0 0 1 0 1 0 1 1 1 1 1 1 1 0 0 1 1 0 0 1 1 1 0 1 0 0 1 1 1 1 0 0 1 0 0 1 0 0 1 0 1 0 1 1 0 1 0 0 1 0 0 0 1 1 1 1 1 1 1 1 1 1 1 1 0 1 0 1 0 1 1 1 0 1 1 1 1 1 0 0 1 1 0 0 1 0 0 1 1 0 1 0 1 1 1 0 1 1 1 1 1 0 1 1 0 1 0 1 1 1 0 0 1 1 0 0 1 1 0 1 1 1 0 0 1 1 0 1 0 0 0 1 1 1 1 1 0 0 0 1 1 1 1 0 1 0 1 0 1 0 1 0 1 0 1 1 0 1 1 1 1 1 1 1 0 1 0 1 1 0 1 1 1 1 0 1 0 0 0 0 0 0 0 1 1 0 0 1 1 0 0 0 0 0 0 0 0 1 0 0 0 0 0 1 1 1 1 0 1 0 0 0 1 0 0 1 1 1 0 0 1 0 1 0 1 0 0 0 0 0 1 0 1 1 0 0 0 0 1 1 1 0 0 1 0 1 0 0 0 1 1 1 0 0 0 0 1 1 1 0 1 0 0 0 0 0 1 1 0 1 0 1 0 1 0 1 0 0 1 1 0 0 1 0 0 1 1 1 1 0 0 0 0 0 1 0 1 1 1 1 0 1 1 1 0 0 0 0 1 0 1 0 1 0 0 1 0 0 1 1 0 0 1 1 0 1 1 0 0 0 0 1 0 0 0 0 1 0 0 1 0 0 0 1 0 1 0 0 0 1 0 0 1 1 0 0 1 1 1 0 1 0 1 1 0 0 1 0 0 0 0 1 0 0 1 0 1 1 1 1 0 1 0 0 1 1 1 0 1 1 0 1 0 0 0 0 0 1 0 0 0 1 1 0 0 0 1 0 1 1 0 1 0 0 0 1 0 1 1 0 1 0 0 1 1 0 0 0 1 1 0 0 0 1 1 0 0 1 1 0 1 0 0 0 0 0 0 1 1 1 0 1 0 0 0 1 1 0 1 0 0 1 0 1 1 0 1 1 0 1 1 0 0 1 0 1 0 0 1 0 0 0 0 
quality : 4342
======================================

========== print chromosome ==========
genes : 1 1 0 0 1 1 1 1 0 1 0 1 1 1 1 0 0 0 0 1 0 1 0 1 1 1 1 1 1 1 0 0 1 1 0 0 1 1 1 0 1 0 0 1 1 1 1 0 0 1 0 0 1 0 0 1 0 1 0 1 1 0 0 0 0 1 0 0 1 1 1 1 1 1 1 1 1 1 1 1 1 0 1 0 0 0 1 1 0 0 0 1 1 1 1 0 0 1 1 0 0 1 0 1 1 1 0 1 0 1 0 1 0 1 0 1 1 1 0 1 1 0 1 0 1 1 1 0 0 1 1 0 0 1 1 0 1 1 1 0 0 1 1 0 1 0 0 0 1 1 1 1 1 0 0 0 1 1 1 1 0 1 0 1 0 1 0 0 0 1 0 1 1 0 1 1 1 1 1 1 1 0 1 0 1 1 1 1 1 1 1 0 1 0 0 0 0 0 0 1 1 1 0 0 1 1 0 0 0 0 1 0 0 0 1 0 0 0 0 0 1 1 1 1 0 1 0 0 0 1 0 1 1 1 0 0 0 1 0 1 0 1 0 0 0 0 0 1 0 1 1 0 0 0 0 1 1 1 0 0 1 0 1 0 0 0 1 1 1 0 0 0 0 1 1 1 0 1 0 0 0 0 0 1 1 0 1 0 1 0 1 0 1 1 0 1 1 0 0 1 0 0 1 1 1 1 0 0 0 0 0 1 0 1 1 0 1 0 1 0 1 0 0 1 0 1 0 1 0 0 0 0 1 0 0 1 1 0 0 1 1 0 1 1 0 0 0 0 1 0 0 0 0 1 0 0 1 1 0 0 1 0 1 0 0 0 1 0 0 1 1 0 0 1 1 1 0 1 0 1 1 0 0 1 0 0 0 0 1 0 0 0 0 1 1 1 1 0 1 0 1 1 1 1 0 1 1 0 1 1 0 0 0 0 1 1 0 0 1 1 0 1 0 1 0 1 1 0 1 0 0 0 1 0 1 1 0 1 0 0 1 1 0 0 0 1 1 0 0 0 1 1 0 0 1 1 0 1 0 0 0 0 0 0 1 1 1 0 1 0 0 0 1 1 0 1 0 0 1 0 1 1 0 1 1 0 1 1 0 0 1 0 1 0 0 1 0 0 0 0 
quality : 4343
======================================

========== print chromosome ==========
genes : 1 1 0 0 1 1 1 1 0 1 0 1 1 1 1 0 0 0 0 1 0 1 0 1 1 1 1 1 1 0 0 0 1 1 0 0 1 1 1 0 1 0 0 1 1 1 1 0 0 1 0 0 1 0 0 1 0 1 0 1 1 0 1 0 0 1 0 0 1 1 1 1 1 1 1 1 1 1 0 1 1 0 1 0 0 0 1 1 0 0 0 1 1 1 1 0 0 1 1 0 0 1 0 0 1 0 0 1 0 1 1 1 0 1 0 1 1 1 0 1 1 0 1 0 1 1 1 0 0 1 1 0 0 1 1 0 1 1 1 0 0 1 1 0 1 0 0 0 1 1 1 1 1 0 0 0 1 1 1 1 0 1 0 1 0 1 0 0 0 1 0 0 1 0 1 1 1 1 0 1 1 0 1 0 1 1 1 1 1 1 1 0 1 0 0 0 0 0 0 0 1 1 0 0 1 1 0 0 0 0 1 0 0 0 1 0 0 1 0 0 1 1 1 1 0 1 0 0 0 1 0 1 1 1 0 0 0 1 0 1 0 1 1 0 0 0 0 1 0 1 1 0 0 0 0 1 1 1 0 0 1 0 1 0 0 0 1 1 1 0 0 0 0 1 1 1 0 1 0 0 0 0 0 1 1 0 1 0 1 0 1 0 1 0 0 1 1 0 0 1 0 0 1 1 1 1 0 0 0 0 0 1 0 1 1 1 1 0 1 1 1 0 0 0 0 1 0 1 0 0 0 0 1 0 0 1 1 0 0 1 1 0 1 1 0 0 1 0 1 0 0 0 0 1 0 0 1 1 0 0 1 0 1 0 0 0 1 0 1 1 1 0 0 1 1 1 0 1 0 1 1 1 0 1 0 0 0 0 1 0 0 0 0 1 1 1 1 0 1 0 1 1 1 1 0 1 1 0 0 0 0 0 0 0 1 0 0 0 1 1 0 1 0 0 0 1 1 0 1 0 0 0 1 0 1 1 0 1 0 0 1 1 0 0 0 1 1 0 0 0 0 1 1 0 1 1 0 1 0 0 0 0 0 0 1 1 1 0 1 0 0 0 1 1 1 0 0 0 1 0 1 1 0 1 1 0 1 1 0 0 1 0 1 0 0 1 0 0 0 0 
quality : 4346
======================================

========== print final result ==========
Generations evolved: 442260
Best quality: 4346
Mean quality: 4333.266602
Standard deviation: 20.061863
======================================

1 2 5 6 7 8 10 12 13 14 15 20 22 24 25 26 27 28 29 33 34 37 38 39 41 44 45 46 47 50 53 56 58 60 61 63 66 69 70 71 72 73 74 75 76 77 78 80 81 83 87 88 92 93 94 95 98 99 102 105 108 110 111 112 114 116 117 118 120 121 123 125 126 127 130 131 134 135 137 138 139 142 143 145 149 150 151 152 153 157 158 159 160 162 164 166 170 173 175 176 177 178 180 181 183 185 186 187 188 189 190 191 193 201 202 205 206 211 215 218 221 222 223 224 226 230 232 233 234 238 240 242 243 248 250 251 256 257 258 261 263 267 268 269 274 275 276 278 284 285 287 289 291 293 296 297 300 303 304 305 306 312 314 315 316 317 319 320 321 326 328 333 336 337 340 341 343 344 347 349 354 357 358 361 363 367 369 370 371 374 375 376 378 380 381 382 384 389 394 395 396 397 399 401 402 403 404 406 407 415 419 420 422 426 427 429 433 435 436 438 441 442 446 447 452 453 455 456 458 465 466 467 469 473 474 475 479 481 482 484 485 487 488 491 493 496 