========== print final result ==========
Generations evolved: 6649247
Best quality: 354
Mean quality: 353.600006
Standard deviation: 1.404427
======================================

Number of population: 30

========== print chromosome ==========
genes : 0 1 0 0 0 1 1 0 1 1 0 1 1 0 1 1 1 1 1 0 0 0 1 0 1 0 1 1 0 1 0 1 1 1 1 0 1 1 1 0 1 1 1 1 0 0 0 0 1 1 0 0 1 0 1 0 0 0 0 0 1 0 0 1 0 0 0 0 0 1 0 1 0 1 0 0 0 0 0 1 0 1 1 1 0 1 0 0 1 1 0 0 1 0 0 1 1 0 1 0 
quality : 347
======================================

========== print chromosome ==========
genes : 0 1 0 0 0 1 1 0 1 1 0 1 1 0 1 1 1 1 1 0 0 1 1 0 1 0 1 1 0 1 0 1 1 1 1 0 1 1 1 0 0 1 1 1 0 0 0 0 1 1 0 0 1 0 1 0 0 0 0 0 1 0 0 1 0 0 0 0 0 1 0 1 0 1 0 0 0 0 0 1 0 0 1 1 0 1 0 0 1 1 0 0 1 1 0 1 1 0 0 0 
quality : 351
======================================

========== print chromosome ==========
genes : 0 1 0 0 0 1 1 0 1 1 0 1 1 0 1 1 1 1 1 0 0 1 1 0 1 0 1 1 0 1 0 1 1 1 1 0 1 1 1 0 1 1 1 1 0 0 0 0 1 1 0 0 1 0 1 0 0 0 0 0 1 0 0 1 0 0 0 0 0 1 0 1 0 1 0 0 0 0 0 1 0 0 1 1 0 1 0 0 1 1 0 0 1 1 0 1 1 0 1 0 
quality : 354
======================================

========== print chromosome ==========
genes : 0 1 0 0 0 1 1 0 1 1 0 1 1 0 1 1 1 1 1 0 0 1 1 0 1 0 1 1 0 1 0 1 1 0 0 0 1 1 1 1 1 1 1 1 0 0 0 0 1 1 0 0 1 0 1 0 0 0 0 0 1 0 0 1 0 0 0 0 0 1 0 1 0 1 0 0 0 0 0 1 0 0 1 1 0 1 0 0 1 0 0 0 1 1 0 1 1 0 1 0 
quality : 352
======================================

========== print chromosome ==========
genes : 0 1 0 0 0 1 1 0 1 1 0 1 1 0 1 1 1 1 1 0 0 0 1 0 1 0 1 1 0 1 0 1 1 1 1 0 1 1 1 0 1 1 1 1 0 0 0 0 1 1 0 0 1 0 1 0 0 0 0 0 1 0 0 1 0 0 0 0 0 1 0 1 0 1 0 0 0 0 0 1 0 0 1 1 0 1 0 0 1 1 0 0 1 1 0 1 1 0 1 0 
quality : 354
======================================

========== print chromosome ==========
genes : 0 1 0 0 0 1 1 0 1 1 0 1 1 0 1 1 1 1 1 0 0 1 1 0 1 0 1 1 0 1 0 1 1 1 1 0 1 1 1 0 1 1 1 1 0 0 0 0 1 1 0 0 1 0 1 0 0 0 0 0 1 0 0 1 0 0 0 0 0 1 0 1 0 1 0 0 0 0 0 1 0 0 1 1 0 1 0 0 1 1 0 0 1 1 0 1 1 0 1 0 
quality : 354
======================================

========== print chromosome ==========
genes : 0 1 0 0 0 1 1 0 1 1 0 1 1 0 1 1 1 1 1 0 0 1 1 0 1 0 1 1 1 1 0 1 1 1 1 0 1 1 1 0 1 1 1 0 0 0 0 0 1 1 0 0 1 0 1 0 0 0 0 0 1 0 0 1 0 0 0 0 0 1 0 1 0 1 0 0 0 0 0 1 0 1 1 1 0 1 0 0 1 1 0 0 1 1 0 1 1 0 1 0 
quality : 354
======================================

========== print chromosome ==========
genes : 0 1 0 0 0 1 1 0 1 1 0 1 1 0 1 1 1 1 1 0 0 1 1 0 1 0 1 1 0 1 0 1 1 1 1 0 1 1 1 0 1 1 1 1 0 0 0 0 1 1 0 0 0 0 1 0 0 0 0 0 1 0 0 1 0 0 0 0 0 1 0 1 0 1 0 0 0 0 0 1 0 0 1 1 0 1 0 0 1 1 0 0 1 1 0 1 1 0 1 0 
quality : 354
======================================

========== print chromosome ==========
genes : 0 1 0 0 0 1 1 0 1 1 0 1 1 0 1 1 1 1 1 0 0 0 1 0 1 0 1 1 0 1 0 1 1 1 1 0 1 1 1 0 1 1 1 1 0 0 0 0 1 1 0 0 1 0 1 0 0 0 0 0 1 0 0 1 0 0 0 0 0 1 0 1 0 1 0 0 0 0 0 1 0 0 1 1 0 1 0 0 1 1 0 0 1 1 0 1 1 0 1 0 
quality : 354
======================================

========== print chromosome ==========
genes : 1 1 1 0 0 1 1 0 1 1 0 1 1 0 1 1 1 1 1 0 0 1 1 0 1 0 1 1 0 1 0 1 1 1 1 1 1 1 1 0 1 1 1 1 0 0 0 0 1 1 0 0 1 0 1 0 0 0 0 0 1 0 0 1 0 0 0 0 0 1 0 1 0 1 0 0 0 0 0 1 0 0 1 1 0 1 0 0 1 1 0 0 1 1 0 1 1 0 1 0 
quality : 354
======================================

========== print chromosome ==========
genes : 0 1 0 0 0 1 1 0 1 1 0 1 0 0 1 1 1 1 1 0 0 1 1 0 1 0 1 1 0 1 0 1 1 1 1 0 1 1 1 0 1 1 1 1 0 0 0 0 1 0 0 0 1 0 1 0 0 0 0 0 1 0 0 1 1 0 0 0 0 1 0 1 0 1 0 0 0 0 0 1 0 0 1 1 0 1 0 0 1 1 0 0 1 1 0 1 1 0 1 0 
quality : 354
======================================

========== print chromosome ==========
genes : 0 1 1 0 0 1 1 0 1 1 0 1 1 0 1 1 1 1 1 0 0 1 1 0 1 0 1 1 0 1 0 1 1 1 1 0 1 1 1 0 1 1 1 1 1 0 0 0 1 1 0 0 1 0 1 0 0 0 0 0 1 0 0 1 0 0 0 0 0 1 0 1 0 1 0 0 0 0 0 1 0 0 1 1 0 1 0 0 1 1 0 0 1 1 0 1 1 0 1 1 
quality : 354
======================================

========== print chromosome ==========
genes : 0 1 0 0 0 1 1 0 1 1 0 1 1 0 1 1 1 1 1 0 0 1 1 0 1 0 1 1 0 1 0 1 1 1 1 0 1 1 1 0 1 1 1 1 0 0 0 0 1 1 0 0 1 0 1 0 0 0 0 0 1 0 0 1 0 0 0 0 0 1 0 1 0 1 0 0 0 0 0 1 0 0 1 1 0 1 0 0 1 1 0 0 1 1 0 1 1 0 0 0 
quality : 354
======================================

========== print chromosome ==========
genes : 0 1 1 0 0 1 1 0 1 1 0 1 1 0 1 1 1 1 1 0 0 1 1 0 0 0 1 1 0 1 0 1 1 1 1 0 1 1 1 0 1 1 0 1 0 0 0 0 1 1 0 0 1 0 1 0 0 0 0 0 1 0 0 1 0 0 0 0 0 1 1 1 0 0 0 0 0 0 0 1 0 0 1 1 0 1 0 0 1 1 0 0 1 1 0 1 1 0 1 0 
quality : 354
======================================

========== print chromosome ==========
genes : 0 1 0 0 0 1 1 0 1 1 0 1 1 1 1 1 1 1 1 0 0 1 1 0 1 0 1 1 0 1 0 0 1 1 0 0 1 1 1 1 1 1 1 1 0 0 0 0 1 1 0 0 1 0 1 0 0 0 0 0 1 0 0 1 0 0 0 0 0 1 0 1 0 1 0 0 0 0 0 1 0 0 1 1 0 1 0 0 1 1 0 0 1 1 0 1 1 0 0 0 
quality : 354
======================================

========== print chromosome ==========
genes : 0 1 0 0 0 1 1 0 1 1 0 1 1 0 1 1 1 1 1 0 0 1 1 0 1 0 1 1 0 1 0 1 1 1 1 0 1 1 1 0 1 1 1 1 0 0 0 0 1 1 0 0 1 0 1 0 0 0 0 0 1 0 0 1 0 0 0 0 0 1 0 1 0 1 0 0 0 0 0 1 0 0 1 1 0 1 0 0 1 1 0 0 1 1 0 1 1 0 1 0 
quality : 354
======================================

========== print chromosome ==========
genes : 0 1 1 0 0 1 1 0 1 1 0 1 1 0 1 1 0 1 1 0 0 1 1 0 1 0 1 1 0 1 0 1 1 1 1 0 1 0 1 0 1 1 0 1 0 0 0 0 1 1 0 0 1 0 1 0 0 0 0 0 1 0 0 1 0 0 0 0 0 1 0 1 0 1 0 0 0 0 0 1 0 1 1 1 0 1 0 0 1 1 0 0 1 1 0 1 1 0 1 0 
quality : 354
======================================

========== print chromosome ==========
genes : 0 1 0 0 0 1 1 0 1 1 0 1 1 0 1 1 1 1 1 0 0 1 1 0 1 0 1 1 0 1 0 1 1 0 1 0 1 1 1 0 1 1 1 1 0 0 0 0 1 1 0 0 1 0 1 0 0 0 0 0 1 0 0 1 0 0 0 0 0 1 0 1 0 1 0 0 0 0 0 1 0 0 1 1 0 1 0 0 1 1 0 0 1 1 0 1 1 0 1 0 
quality : 354
======================================

========== print chromosome ==========
genes : 0 1 0 0 0 1 1 0 1 1 0 1 1 0 1 1 1 1 1 0 0 1 1 0 1 0 1 1 0 1 0 1 1 1 1 0 1 1 1 0 1 1 1 1 0 0 0 0 1 1 0 0 1 0 1 0 0 0 0 0 1 1 0 1 0 0 0 0 0 1 0 1 0 1 0 0 0 0 0 1 0 0 1 1 0 1 0 0 1 1 0 0 1 1 0 1 1 0 1 0 
quality : 354
======================================

========== print chromosome ==========
genes : 0 1 0 0 0 1 1 0 1 1 0 1 1 0 1 1 1 1 1 0 0 1 1 0 1 0 1 1 0 1 0 1 1 1 1 0 1 1 1 0 1 1 1 1 0 0 0 0 1 1 0 0 1 0 1 0 0 0 0 0 1 0 0 1 1 0 0 0 0 1 0 1 0 1 0 0 0 0 0 1 0 0 1 1 0 1 0 0 1 1 0 0 1 1 0 1 1 0 1 0 
quality : 354
======================================

========== print chromosome ==========
genes : 0 1 0 0 0 1 1 0 1 1 0 1 1 0 1 1 1 1 1 0 0 1 1 0 1 0 1 1 0 1 0 1 1 1 1 0 1 1 1 0 1 1 1 1 0 0 0 0 1 1 0 0 1 0 1 0 0 0 0 0 1 0 0 1 0 0 0 0 0 1 0 1 0 1 0 0 0 0 0 1 0 0 1 1 0 1 0 0 1 1 0 0 1 1 0 1 1 0 1 0 
quality : 354
======================================

========== print chromosome ==========
genes : 0 1 1 0 0 1 1 0 1 1 0 1 1 0 1 1 1 1 1 0 0 1 1 0 1 0 1 1 0 1 0 1 1 1 1 0 1 1 1 0 1 1 1 1 0 0 0 0 1 1 0 0 1 0 1 0 0 0 0 0 1 0 0 1 0 0 0 0 0 1 0 1 0 1 0 0 0 0 0 1 0 0 1 1 0 1 0 0 1 1 0 0 1 1 0 1 1 0 1 0 
quality : 354
======================================

========== print chromosome ==========
genes : 0 1 1 0 0 1 1 0 1 1 0 1 1 0 1 1 1 1 1 0 0 1 1 0 1 0 1 1 0 1 0 1 1 1 1 0 1 1 1 0 1 1 1 0 0 0 0 0 1 1 0 0 1 0 1 0 0 0 0 0 1 0 0 1 0 0 0 0 0 1 0 1 0 1 0 0 0 0 0 1 0 0 0 0 0 1 0 0 1 1 0 0 1 1 0 1 1 0 1 0 
quality : 354
======================================

========== print chromosome ==========
genes : 0 1 0 0 0 1 1 0 1 1 0 1 1 0 1 1 1 1 1 0 0 1 1 0 1 0 1 1 0 1 0 1 1 1 1 0 1 1 1 0 1 1 1 1 0 0 0 0 1 1 0 0 1 0 1 0 0 0 0 0 1 0 0 1 0 0 0 0 0 1 0 1 0 1 0 0 0 0 0 1 0 0 1 1 0 1 0 0 1 1 0 0 1 1 0 1 1 0 1 0 
quality : 354
======================================

========== print chromosome ==========
genes : 0 1 0 0 0 1 1 0 1 1 0 1 1 0 1 1 1 1 1 0 0 1 1 0 1 0 1 1 0 1 0 1 1 1 1 0 1 1 1 0 1 1 1 1 1 0 0 0 1 1 0 0 1 0 1 0 0 0 0 0 1 0 0 1 0 0 1 0 0 1 0 1 0 1 0 0 0 0 0 1 0 0 1 1 0 1 0 0 1 1 0 0 1 1 0 1 1 0 1 0 
quality : 354
======================================

========== print chromosome ==========
genes : 0 1 1 0 0 1 1 0 1 1 0 1 1 0 1 1 1 1 1 0 0 1 1 0 1 0 1 1 0 1 0 1 1 1 1 0 1 1 1 0 1 1 1 1 0 0 0 0 1 1 0 0 1 0 1 0 0 0 0 0 1 0 0 1 0 0 0 0 0 1 0 1 0 1 0 0 0 0 0 1 0 0 1 1 0 1 0 0 1 1 0 0 1 1 0 1 1 0 1 0 
quality : 354
======================================

========== print chromosome ==========
genes : 0 1 0 1 0 1 1 0 1 1 0 1 1 0 1 1 1 1 1 0 0 1 1 0 1 0 1 1 0 1 1 1 1 1 1 0 1 1 1 0 1 1 0 1 0 0 0 0 1 1 0 0 1 0 1 0 0 0 0 0 1 0 0 1 0 0 0 0 0 1 0 1 0 1 0 0 0 0 0 1 0 0 1 1 0 1 0 0 1 0 0 0 1 1 0 1 1 0 1 0 
quality : 354
======================================

========== print chromosome ==========
genes : 0 1 0 0 0 1 1 0 1 1 0 1 1 0 1 1 1 1 1 0 0 1 1 0 1 0 1 1 0 1 0 1 1 1 1 0 1 1 1 0 1 1 1 1 0 0 0 0 1 1 0 0 1 0 1 0 0 0 0 0 1 0 0 1 0 0 0 0 0 1 0 1 0 1 0 0 0 0 0 1 0 0 1 1 0 1 0 0 1 1 0 0 1 1 0 1 1 0 1 0 
quality : 354
======================================

========== print chromosome ==========
genes : 0 1 0 0 0 1 0 0 1 1 0 1 1 0 1 1 1 1 1 0 0 1 1 0 1 0 1 1 0 1 0 1 1 1 1 0 1 1 1 0 1 1 1 1 0 0 0 0 1 1 0 1 1 0 1 0 0 0 0 0 1 0 0 1 0 0 0 0 0 0 0 1 0 1 0 0 0 0 0 1 0 0 1 1 0 1 0 0 1 1 0 0 1 1 0 1 1 0 1 0 
quality : 354
======================================

========== print chromosome ==========
genes : 0 1 0 0 0 1 1 0 1 1 0 1 1 0 1 1 1 1 1 0 0 1 1 0 1 0 1 1 0 1 0 1 0 1 1 0 1 1 1 0 1 1 1 1 0 0 0 0 1 1 0 0 1 0 1 0 0 0 0 0 1 0 0 1 0 0 0 0 0 1 0 1 0 1 0 0 0 0 0 1 0 0 1 1 0 1 0 0 1 1 1 0 1 1 0 1 1 0 1 0 
quality : 354
======================================

========== print final result ==========
Generations evolved: 6649247
Best quality: 354
Mean quality: 353.600006
Standard deviation: 1.404427
======================================

2 6 7 9 10 12 13 15 16 17 18 19 22 23 25 27 28 30 32 34 35 37 38 39 41 42 43 44 49 50 53 55 61 64 70 72 74 80 83 84 86 89 90 91 93 94 96 97 99 