========== print final result ==========
Generations evolved: 24423447
Best quality: 92
Mean quality: 91.833336
Standard deviation: 0.647719
======================================

Number of population: 30

========== print chromosome ==========
genes : 1 1 0 0 0 1 1 0 0 1 0 0 0 0 1 0 0 0 1 0 1 1 0 0 1 1 1 1 0 1 1 0 1 1 1 1 1 0 1 0 1 0 0 0 0 1 0 1 0 1 
quality : 92
======================================

========== print chromosome ==========
genes : 1 1 0 0 0 1 1 0 0 1 0 0 1 0 1 0 0 0 1 0 1 1 0 0 1 1 1 1 0 1 1 0 1 0 1 1 1 0 1 1 1 0 1 0 0 1 0 1 0 1 
quality : 89
======================================

========== print chromosome ==========
genes : 1 1 0 0 0 1 1 0 0 1 0 0 0 0 1 0 0 0 0 0 1 1 0 0 1 1 1 0 0 1 1 0 1 1 1 1 1 0 1 0 1 0 1 0 0 1 1 1 0 1 
quality : 90
======================================

========== print chromosome ==========
genes : 1 1 0 0 0 1 1 0 0 1 0 0 0 0 1 0 0 0 1 0 1 1 0 0 1 1 1 1 0 1 1 0 1 1 1 1 1 0 1 0 1 0 1 0 0 1 0 1 0 1 
quality : 92
======================================

========== print chromosome ==========
genes : 1 1 0 0 0 1 1 0 0 1 0 0 0 0 1 0 0 0 1 0 1 1 0 0 1 1 1 1 0 1 1 0 1 1 1 1 1 0 1 1 1 0 1 0 0 1 0 1 0 1 
quality : 92
======================================

========== print chromosome ==========
genes : 1 1 0 0 0 1 1 0 0 1 0 0 0 0 1 0 0 0 1 0 1 1 0 0 1 1 1 1 0 1 1 0 1 1 1 1 1 0 1 1 1 0 1 0 0 1 0 1 0 1 
quality : 92
======================================

========== print chromosome ==========
genes : 1 1 0 0 0 1 1 0 0 1 0 0 0 0 1 0 0 0 1 0 1 1 0 0 1 1 1 1 0 1 1 0 1 1 1 1 1 0 1 0 1 0 1 0 0 1 0 1 0 1 
quality : 92
======================================

========== print chromosome ==========
genes : 1 1 0 0 0 1 1 0 0 1 1 0 0 0 1 0 0 0 1 0 1 1 0 1 1 1 1 1 0 1 1 0 1 1 1 1 1 0 1 0 1 0 1 0 0 1 0 1 0 1 
quality : 92
======================================

========== print chromosome ==========
genes : 1 1 0 0 0 0 1 0 0 1 0 1 0 0 1 0 0 0 1 0 1 1 0 0 1 1 1 1 0 1 1 0 1 1 1 0 1 0 1 0 1 0 1 0 0 1 0 1 0 1 
quality : 92
======================================

========== print chromosome ==========
genes : 1 1 0 0 0 1 1 0 0 1 0 0 0 0 1 0 0 0 1 0 1 1 0 0 1 1 1 1 0 1 1 0 1 1 1 1 1 0 1 0 1 0 1 0 0 1 0 1 0 1 
quality : 92
======================================

========== print chromosome ==========
genes : 1 1 0 0 0 0 1 0 0 1 0 0 0 0 1 0 0 0 1 0 1 1 0 0 1 1 1 1 0 1 1 0 1 1 1 1 1 0 1 0 1 0 1 0 0 1 0 1 0 1 
quality : 92
======================================

========== print chromosome ==========
genes : 1 1 0 0 0 1 1 0 0 1 0 0 0 0 1 0 0 0 1 0 1 1 0 0 1 1 1 1 0 1 1 0 1 1 1 1 1 0 1 0 1 0 1 0 0 1 0 1 0 1 
quality : 92
======================================

========== print chromosome ==========
genes : 1 1 0 0 0 1 1 0 0 1 0 0 0 0 1 0 0 0 1 0 1 1 0 0 1 1 1 1 0 1 1 0 1 1 1 1 1 0 1 0 1 0 1 0 0 1 0 1 0 1 
quality : 92
======================================

========== print chromosome ==========
genes : 1 1 0 0 0 1 1 0 0 1 0 0 0 0 1 0 0 0 1 0 0 1 0 0 1 1 1 1 0 1 1 0 1 1 1 1 1 0 1 1 1 0 1 0 0 1 0 1 0 1 
quality : 92
======================================

========== print chromosome ==========
genes : 1 1 0 0 0 1 1 0 0 1 0 0 0 0 1 0 0 0 1 0 1 1 0 0 1 1 1 1 0 1 1 0 1 0 1 1 1 0 1 0 1 0 1 0 0 1 0 1 0 1 
quality : 92
======================================

========== print chromosome ==========
genes : 1 0 0 0 0 1 1 0 0 1 0 0 0 0 1 0 0 0 0 0 1 1 0 0 1 1 1 1 0 1 1 0 1 1 1 1 1 0 1 1 1 0 1 0 0 1 0 1 0 1 
quality : 92
======================================

========== print chromosome ==========
genes : 1 0 0 0 0 1 1 0 0 1 0 0 0 0 1 0 0 0 1 0 0 1 0 0 1 1 1 1 0 1 1 0 1 1 1 1 1 0 1 0 1 0 1 0 0 1 0 1 0 1 
quality : 92
======================================

========== print chromosome ==========
genes : 1 1 0 0 0 1 1 0 0 1 0 0 0 0 1 0 0 0 1 0 1 1 0 0 1 1 1 1 0 1 1 0 1 1 1 1 1 0 1 0 1 0 1 0 0 1 0 1 0 1 
quality : 92
======================================

========== print chromosome ==========
genes : 1 1 0 0 0 1 1 0 0 1 0 0 0 0 1 0 0 0 1 0 1 1 0 0 1 1 1 1 0 1 1 0 1 1 1 1 1 0 1 0 1 0 1 0 0 1 0 1 1 1 
quality : 92
======================================

========== print chromosome ==========
genes : 1 1 0 0 0 1 1 0 0 0 0 0 0 0 1 0 0 0 1 0 1 1 0 0 1 1 1 1 0 1 1 0 1 1 1 1 1 0 1 0 1 0 1 0 0 1 0 1 0 1 
quality : 92
======================================

========== print chromosome ==========
genes : 1 1 0 0 0 1 1 0 0 1 0 0 0 0 1 0 0 0 1 0 1 1 0 0 1 1 1 1 0 1 1 0 1 1 1 1 1 0 1 0 1 0 1 0 0 1 0 1 0 1 
quality : 92
======================================

========== print chromosome ==========
genes : 1 1 0 0 0 1 1 0 0 1 0 0 0 0 1 0 0 0 1 0 1 1 0 0 1 1 1 1 0 1 1 0 1 1 1 0 1 0 1 0 1 0 1 1 0 1 0 1 0 1 
quality : 92
======================================

========== print chromosome ==========
genes : 1 0 0 0 0 1 1 0 0 1 0 0 0 0 1 0 0 0 1 0 1 1 0 0 1 1 1 1 0 1 1 0 1 1 1 1 1 0 1 0 1 0 1 0 0 1 0 1 0 1 
quality : 92
======================================

========== print chromosome ==========
genes : 1 1 0 0 0 1 1 0 0 1 0 0 0 0 1 0 0 0 1 0 1 1 0 0 1 1 1 1 0 1 1 0 1 1 1 1 1 0 1 0 1 0 1 0 0 1 0 1 0 1 
quality : 92
======================================

========== print chromosome ==========
genes : 1 1 0 0 0 1 1 0 1 1 0 0 0 0 1 0 0 0 1 0 1 1 0 0 1 1 1 1 0 1 1 0 1 1 1 0 1 0 0 0 1 0 1 0 0 1 0 1 0 1 
quality : 92
======================================

========== print chromosome ==========
genes : 1 1 0 0 0 1 1 0 0 1 0 0 0 0 1 0 0 0 1 0 1 1 0 0 1 1 1 1 0 1 1 0 1 1 1 1 1 0 1 0 1 0 1 0 0 1 0 1 0 1 
quality : 92
======================================

========== print chromosome ==========
genes : 1 1 0 0 0 1 1 0 0 1 0 0 0 0 1 0 0 0 1 0 1 1 0 0 1 1 1 1 0 1 1 0 1 1 1 1 1 0 1 0 1 0 1 0 0 1 0 1 0 1 
quality : 92
======================================

========== print chromosome ==========
genes : 1 1 0 0 0 1 1 0 0 1 0 0 0 0 1 0 0 0 1 0 1 1 0 0 1 1 1 1 0 1 1 0 1 1 1 1 1 0 1 0 1 0 1 0 0 1 0 1 0 1 
quality : 92
======================================

========== print chromosome ==========
genes : 1 1 0 0 0 1 1 0 0 1 0 0 0 0 1 0 0 0 1 0 1 1 0 0 1 1 1 1 0 1 1 0 1 1 1 1 1 0 1 0 1 0 1 0 0 0 0 1 0 1 
quality : 92
======================================

========== print chromosome ==========
genes : 1 1 0 0 0 1 1 0 0 1 0 0 0 0 1 0 0 0 1 0 1 1 0 0 1 1 1 1 0 1 1 0 1 1 1 1 1 0 1 0 1 0 1 0 1 1 0 1 0 1 
quality : 92
======================================

========== print final result ==========
Generations evolved: 24423447
Best quality: 92
Mean quality: 91.833336
Standard deviation: 0.647719
======================================

1 2 6 7 10 15 19 21 22 25 26 27 28 30 31 33 34 35 36 37 39 41 43 45 46 48 50 