========== print final result ==========
Generations evolved: 467155
Best quality: 3148
Mean quality: 3141.933350
Standard deviation: 12.370522
======================================

Number of population: 30

========== print chromosome ==========
genes : 1 1 0 1 0 1 1 0 0 0 0 1 1 1 0 0 1 1 0 1 0 0 1 1 1 0 0 1 1 1 0 1 0 1 0 0 0 0 1 0 1 1 0 0 1 1 1 1 1 0 0 0 1 0 0 1 0 1 0 0 0 1 0 0 1 0 1 0 1 1 1 0 0 0 0 0 1 0 0 0 0 1 0 0 1 1 1 1 1 1 0 1 0 1 0 1 0 0 1 0 1 1 0 0 1 1 1 0 0 1 1 0 1 1 1 0 0 0 1 1 1 0 1 1 1 0 1 0 1 1 1 0 1 0 1 1 0 0 0 1 1 1 0 1 1 1 0 1 1 0 0 0 1 0 0 0 0 1 0 0 0 0 1 1 0 1 1 1 0 1 0 0 0 1 0 1 0 0 0 0 0 0 1 0 1 1 1 1 0 0 0 0 1 0 0 0 0 1 1 1 1 1 1 1 1 1 1 0 1 1 1 1 0 0 0 0 1 1 0 1 0 1 0 1 1 0 1 0 0 1 0 0 0 0 1 0 1 0 0 1 0 1 1 0 0 0 1 1 1 1 0 1 0 0 1 1 0 1 1 0 1 0 0 0 1 1 1 1 0 0 0 0 0 0 0 1 0 1 0 0 0 1 0 1 1 1 1 0 0 1 0 1 0 1 1 0 0 0 0 1 1 1 1 0 1 1 1 0 0 1 0 0 0 0 1 1 1 0 1 1 1 0 0 0 0 0 1 0 1 0 0 1 1 0 0 1 1 0 0 0 0 1 1 0 1 1 0 0 1 0 0 0 1 0 1 0 0 0 0 1 1 1 0 1 0 0 1 0 1 1 1 0 0 1 1 1 0 1 1 1 1 1 1 0 0 0 1 0 0 1 1 1 1 0 0 0 1 1 1 1 1 1 0 1 0 0 1 1 0 0 0 0 1 1 1 1 1 1 0 0 0 0 0 1 1 1 0 1 1 0 0 1 0 0 1 1 0 0 1 1 0 0 1 1 1 0 0 0 1 1 1 0 0 1 0 1 0 1 0 0 1 0 1 0 1 0 1 0 0 0 0 0 1 1 0 0 1 1 1 0 1 1 0 0 1 0 1 0 1 0 0 0 0 1 1 0 0 0 0 0 
quality : 3089
======================================

========== print chromosome ==========
genes : 1 1 0 1 0 1 1 0 0 0 0 1 1 1 0 0 1 1 0 1 1 0 1 1 1 1 0 1 0 1 1 1 0 1 0 0 0 0 1 0 1 0 0 0 1 1 1 1 1 1 0 1 1 0 0 1 0 1 1 0 0 0 0 0 1 0 1 0 1 1 1 0 0 0 0 0 1 0 0 0 0 1 0 0 1 1 1 0 1 0 0 1 0 1 0 1 0 0 1 0 1 1 0 0 1 1 1 0 0 1 1 0 1 1 1 0 0 0 1 1 1 0 1 1 1 1 1 0 1 1 1 0 1 0 1 1 0 0 0 1 1 1 0 1 1 1 0 1 1 0 0 0 1 0 0 0 0 1 0 0 0 0 1 1 0 1 1 1 0 1 0 0 0 1 0 1 0 0 0 0 0 0 1 0 1 1 1 1 0 0 1 0 1 0 0 0 0 1 1 1 1 1 1 1 0 1 1 0 0 1 1 0 0 0 0 0 1 1 0 1 0 1 0 1 1 0 1 0 0 1 0 0 0 0 1 0 1 0 0 1 0 1 1 0 0 0 1 1 1 1 0 1 0 1 1 1 0 1 1 0 1 0 0 0 1 1 1 0 0 0 0 0 1 0 0 0 0 1 0 0 0 1 0 1 1 1 1 1 0 0 0 1 0 0 1 0 0 0 0 1 1 1 1 0 1 1 1 0 0 1 0 0 0 0 1 1 1 0 1 1 1 0 0 0 0 0 0 0 1 0 0 1 1 1 0 1 1 0 0 0 0 1 1 0 1 1 0 0 1 0 0 0 1 1 1 0 0 0 0 1 1 1 0 1 0 0 1 0 1 1 1 0 0 1 1 1 0 1 1 1 1 0 1 1 0 0 0 0 0 1 1 1 1 0 0 0 1 1 1 0 1 1 0 1 0 0 1 1 0 0 0 0 1 1 1 1 1 1 1 0 0 0 0 1 1 1 0 0 1 1 0 1 1 0 0 1 0 0 1 1 0 0 1 1 1 0 0 1 1 1 1 0 0 1 0 1 0 1 0 0 1 0 1 0 1 0 1 0 0 0 0 0 1 1 1 0 1 1 1 0 1 1 0 0 0 1 0 1 1 1 0 0 0 1 1 0 0 0 0 0 
quality : 3121
======================================

========== print chromosome ==========
genes : 1 1 0 1 0 1 1 0 0 0 0 1 1 1 0 0 1 1 0 0 1 0 1 1 1 0 0 1 0 1 1 1 0 1 0 0 0 0 1 0 1 1 0 0 1 1 1 0 1 0 1 1 1 0 0 1 0 1 1 0 0 0 0 0 1 0 1 0 1 1 1 0 0 0 0 0 1 0 0 0 0 1 0 0 1 1 1 1 1 1 0 1 0 1 0 1 0 0 1 0 1 1 0 0 1 1 1 0 0 1 1 0 1 1 1 0 0 0 1 1 1 0 1 1 1 0 1 0 1 1 1 0 1 0 1 1 0 0 0 1 1 1 0 1 1 1 0 0 1 0 0 0 1 0 0 1 0 0 0 0 0 0 1 0 0 1 1 1 0 1 0 0 0 1 0 1 0 0 0 0 0 0 1 0 1 1 1 1 0 0 1 0 1 0 0 0 0 1 1 1 1 1 1 1 1 1 1 0 1 1 0 1 0 0 0 0 1 1 0 1 0 1 0 1 0 0 1 0 0 1 0 0 0 0 1 0 1 0 0 1 0 1 1 0 0 0 1 1 1 1 0 1 0 0 1 1 0 1 1 0 1 0 0 0 1 1 1 1 0 0 0 0 1 0 0 0 0 1 0 0 0 1 0 1 1 1 1 0 0 0 0 1 0 1 1 0 0 0 0 1 1 1 1 0 1 1 1 0 0 1 0 0 0 1 1 1 1 0 0 1 1 0 0 0 0 0 1 0 1 0 0 1 1 0 0 1 1 0 0 0 0 1 1 0 1 1 0 0 0 0 0 1 1 1 1 0 0 0 0 1 1 1 0 1 0 0 1 0 1 1 1 0 0 1 1 0 0 1 1 1 1 0 1 1 0 0 0 0 0 1 1 1 1 0 0 0 1 1 1 0 1 1 1 1 0 0 1 1 0 0 0 0 1 1 0 1 0 1 0 0 0 0 0 1 1 1 0 0 1 1 0 1 1 0 0 1 0 0 1 1 0 0 1 1 1 0 0 0 1 1 1 1 0 0 0 1 0 1 0 0 1 0 1 0 1 0 1 0 0 0 0 0 0 1 0 0 1 1 1 0 1 1 0 0 0 1 1 1 1 0 0 0 0 1 1 0 0 0 1 0 
quality : 3138
======================================

========== print chromosome ==========
genes : 1 1 0 1 0 1 1 0 0 0 0 1 1 1 0 0 1 1 0 1 1 0 1 1 1 0 0 1 0 1 1 1 0 1 0 0 0 0 1 0 1 1 0 0 1 1 1 1 1 1 0 1 1 0 0 1 0 1 1 0 0 0 0 0 1 0 1 0 1 1 1 0 1 0 0 0 1 0 0 0 0 1 0 0 1 1 1 0 1 1 0 1 0 1 1 1 0 0 1 0 1 1 0 0 1 1 1 0 0 1 1 0 1 1 1 0 0 0 1 1 1 0 1 1 1 0 1 0 1 1 1 0 1 1 1 1 0 0 0 1 1 1 0 1 1 1 0 1 1 0 0 0 1 0 0 0 0 0 0 0 0 0 1 1 0 1 0 1 0 1 0 0 0 1 0 1 0 0 0 1 0 0 1 0 1 1 1 1 0 0 1 0 1 0 0 0 0 1 0 1 1 1 1 1 1 1 1 0 1 1 1 1 0 0 0 0 1 1 0 1 0 1 0 1 1 0 0 0 0 1 0 0 0 0 1 0 1 0 0 1 0 1 1 0 0 0 0 1 1 1 0 1 0 0 1 1 0 1 1 0 1 0 0 0 1 1 1 1 0 0 0 0 1 0 0 1 0 1 0 0 0 1 0 1 1 1 1 0 0 0 0 1 0 1 1 0 0 0 0 1 1 1 1 1 1 1 1 0 0 1 0 0 0 0 1 1 1 0 1 1 1 0 0 0 0 0 0 0 1 0 0 1 1 0 0 1 1 0 0 0 0 1 1 0 1 0 0 0 0 0 0 1 1 1 1 0 0 0 0 1 1 1 0 1 0 0 1 0 1 1 1 0 0 1 1 1 0 1 1 1 1 0 1 1 1 0 0 0 0 1 1 1 1 0 0 0 1 1 1 0 1 1 1 1 0 0 1 1 0 0 0 0 1 1 1 1 1 1 0 0 0 0 0 1 1 1 0 0 1 1 0 1 1 0 0 1 0 0 1 1 0 0 1 1 1 0 0 0 1 1 1 0 0 1 0 1 0 1 0 0 1 0 1 0 1 0 1 0 0 0 0 0 0 0 0 0 1 1 1 0 1 1 0 0 0 1 1 1 1 0 0 0 0 1 0 0 0 1 1 0 
quality : 3115
======================================

========== print chromosome ==========
genes : 1 1 0 1 0 1 1 0 0 0 0 1 1 1 0 0 1 1 0 1 1 0 1 1 1 0 0 1 0 1 1 1 0 1 1 0 0 0 1 0 1 1 0 0 1 1 1 1 1 1 0 1 1 0 0 1 0 1 1 0 0 0 0 0 1 0 1 0 0 1 1 0 0 0 0 0 1 0 0 0 0 1 0 1 1 1 1 0 1 1 0 1 0 1 0 1 0 0 1 0 1 1 0 0 1 1 1 0 0 1 1 0 1 1 1 0 0 0 1 1 1 0 1 1 1 0 1 0 1 1 1 0 1 0 1 1 0 0 0 1 1 1 0 1 1 1 0 1 1 0 0 0 1 0 0 0 0 1 0 0 0 0 1 1 0 1 1 1 0 1 0 0 0 1 0 1 0 0 0 0 0 0 1 0 1 1 1 1 0 0 1 0 1 0 0 0 0 1 1 1 1 1 1 1 1 1 1 0 1 1 1 1 0 0 0 0 1 1 0 1 0 1 0 1 1 0 1 0 0 1 0 0 0 0 1 0 1 0 0 1 0 1 1 0 0 0 1 1 1 1 0 1 0 0 1 1 0 1 1 0 1 0 0 0 1 1 1 1 0 0 0 0 1 0 0 1 0 1 0 0 0 1 0 1 1 1 1 0 1 0 0 1 0 1 1 0 0 0 0 1 1 1 1 0 1 1 1 0 0 1 0 0 0 0 1 1 1 0 1 1 1 0 0 0 0 0 1 0 1 0 0 1 1 0 0 1 1 0 0 0 0 1 1 0 1 1 0 0 1 0 0 0 1 1 1 0 0 0 0 1 1 1 0 1 0 0 1 0 1 1 1 0 0 1 1 1 0 1 1 1 1 1 1 0 0 0 1 0 0 1 1 1 1 0 0 0 1 1 1 0 1 1 0 1 0 0 1 1 0 0 0 0 1 1 1 1 1 1 0 0 0 0 0 1 1 1 0 0 1 0 0 1 0 0 1 1 0 0 1 1 0 0 1 1 1 0 0 0 1 1 1 0 0 1 0 1 0 1 0 0 1 0 1 0 1 0 1 0 0 0 0 0 1 1 0 0 1 1 1 0 1 1 0 0 1 0 1 0 1 0 0 0 0 1 1 0 1 0 0 0 
quality : 3145
======================================

========== print chromosome ==========
genes : 1 1 0 1 0 1 1 0 0 0 0 1 1 1 0 0 1 1 1 1 1 0 1 1 1 0 0 1 0 1 1 1 0 1 0 0 0 0 1 0 1 1 0 0 1 1 1 1 1 1 0 1 1 0 0 1 0 1 1 0 0 0 0 0 1 0 1 0 1 1 1 0 0 0 0 0 1 0 0 0 0 1 0 0 1 1 1 0 1 1 0 1 0 1 0 1 0 0 1 0 1 1 0 0 1 1 1 0 0 1 1 0 1 1 1 0 0 0 1 1 1 0 1 1 1 0 1 0 1 1 1 0 1 0 1 1 0 0 0 1 1 1 0 1 1 1 0 0 1 0 0 0 1 0 0 0 0 1 0 0 0 0 1 1 0 1 1 1 0 1 0 0 0 1 0 1 0 0 0 0 0 0 1 0 1 1 1 1 0 0 1 0 1 0 0 0 0 1 1 1 1 1 1 1 1 1 1 0 1 1 1 1 0 0 0 0 1 1 0 1 0 1 0 1 1 0 1 0 0 1 0 0 0 0 1 0 1 0 0 1 0 1 1 0 0 0 1 1 1 1 0 1 0 0 1 1 0 1 1 0 1 0 0 1 1 1 1 1 0 0 0 0 1 0 0 1 0 1 0 0 0 1 0 1 1 1 1 0 1 0 0 1 0 1 1 0 0 0 0 1 1 1 1 0 1 1 1 0 0 1 0 0 0 0 1 1 1 0 1 1 1 0 0 0 0 0 1 0 1 0 0 1 1 0 0 1 1 0 0 0 1 1 1 0 1 1 0 0 1 0 0 0 1 1 1 0 0 0 0 1 1 1 0 1 0 0 1 0 1 1 1 0 0 1 1 1 0 1 1 1 1 1 1 1 0 0 1 0 0 1 1 1 1 0 0 0 1 1 1 0 1 1 0 1 0 0 1 1 0 0 0 0 1 1 1 1 1 1 0 0 0 0 0 1 1 1 0 0 1 0 0 1 1 0 1 1 0 0 1 1 0 0 1 1 1 0 0 0 1 1 1 0 0 1 0 1 0 1 0 0 1 0 1 0 0 0 1 0 0 0 0 0 1 1 0 0 1 1 1 0 1 1 0 0 1 0 1 0 1 0 0 0 0 1 1 0 0 0 0 0 
quality : 3145
======================================

========== print chromosome ==========
genes : 1 1 0 1 0 1 1 0 0 0 0 1 1 1 0 0 1 1 0 1 1 0 1 1 1 0 0 1 0 1 1 1 0 1 0 0 0 0 1 0 1 1 0 0 1 1 1 1 1 1 0 1 1 0 0 1 0 1 1 0 0 0 0 0 1 0 1 0 1 1 1 0 0 0 0 0 1 0 0 0 0 1 0 0 1 1 1 0 1 1 0 1 0 1 0 1 0 0 1 0 0 1 0 0 1 1 1 0 0 1 1 0 1 1 1 0 0 0 1 1 1 0 1 1 1 0 1 0 1 1 1 0 1 0 1 1 0 0 0 1 1 1 1 1 1 1 0 1 1 0 0 0 1 0 0 0 0 1 0 0 0 0 1 1 0 1 1 1 0 1 0 0 0 1 0 1 0 0 0 0 0 0 1 0 1 1 1 1 0 0 1 0 1 0 0 0 0 1 1 1 1 1 1 1 1 1 1 0 1 1 1 1 0 0 0 0 1 1 0 1 0 1 0 1 1 0 1 0 0 1 0 0 0 0 1 0 1 0 0 1 0 1 1 0 0 0 1 1 1 1 0 1 0 0 1 1 0 1 1 0 1 0 0 0 1 1 1 1 0 0 0 0 1 0 0 1 0 1 0 0 0 1 0 0 1 1 1 0 1 0 0 1 0 1 1 0 0 0 0 1 1 1 1 0 1 1 1 1 0 1 0 0 0 0 1 1 1 0 1 1 1 0 0 0 0 0 1 0 1 0 0 1 1 0 1 1 1 0 0 0 0 1 1 0 1 1 0 0 1 0 0 0 1 1 1 0 0 0 0 1 1 1 0 1 0 0 1 0 1 1 1 0 0 1 1 1 0 1 1 1 1 1 1 1 0 0 1 0 0 1 1 1 1 0 0 0 1 1 1 0 1 1 0 1 0 0 1 1 0 0 0 0 1 1 1 1 0 1 0 0 0 0 0 1 1 1 0 0 1 0 0 1 1 0 1 1 0 0 1 1 0 0 1 1 1 0 0 0 1 1 1 0 0 1 0 1 0 1 0 0 1 0 1 0 1 0 1 0 0 0 0 0 1 1 0 0 1 1 1 0 1 1 0 0 1 0 1 0 1 0 0 0 0 1 1 0 0 0 0 0 
quality : 3145
======================================

========== print chromosome ==========
genes : 1 1 0 1 0 1 1 0 0 0 0 1 1 1 0 0 1 1 0 1 1 0 1 1 1 0 0 1 0 1 1 1 1 1 0 0 0 0 1 1 1 1 0 0 1 1 1 1 1 1 0 1 1 0 0 1 0 1 1 0 0 0 0 0 1 0 1 0 1 1 1 0 0 0 0 0 1 0 0 0 0 1 0 0 1 1 1 0 1 1 0 1 0 1 0 1 0 0 1 0 1 1 0 0 1 0 1 0 0 1 1 0 1 1 1 0 0 0 1 1 1 0 1 1 1 0 1 0 1 1 1 0 1 0 1 1 0 0 0 1 1 1 0 1 1 1 0 1 0 0 0 0 1 0 0 0 0 1 0 0 0 0 1 1 0 1 1 1 0 1 0 0 0 1 0 1 0 0 0 0 0 0 1 0 1 1 1 1 0 0 1 0 1 0 0 0 0 1 1 1 1 1 1 1 1 1 1 0 1 1 1 1 0 0 0 0 1 1 0 1 0 1 0 1 1 0 1 0 0 1 0 0 0 0 1 0 1 0 0 1 0 1 1 0 0 0 1 1 1 1 0 1 0 0 1 1 0 1 1 0 1 0 0 0 1 1 1 1 0 0 0 0 1 0 0 1 0 1 0 0 0 1 0 1 1 1 1 0 1 0 0 1 0 1 1 0 0 0 0 1 1 1 1 0 1 1 1 0 0 1 0 0 0 0 1 1 1 0 1 1 1 0 0 0 0 0 1 0 1 0 0 1 0 0 0 1 1 0 0 0 0 1 1 0 1 1 0 0 1 0 0 0 1 1 1 0 0 0 0 1 1 1 0 1 0 0 1 0 1 1 1 0 0 1 1 1 0 1 1 1 1 1 1 1 0 0 1 0 0 1 1 1 1 0 0 0 1 1 1 0 1 1 0 1 0 0 1 1 0 0 0 0 1 1 1 0 1 1 0 0 0 0 0 1 1 1 0 0 1 0 0 1 1 0 1 1 0 0 1 1 0 0 1 1 1 0 0 0 1 1 1 0 0 1 0 1 0 1 0 0 1 0 1 0 1 0 1 0 0 0 0 0 1 1 0 0 1 1 1 0 1 1 0 0 1 0 1 0 1 0 0 0 0 1 1 0 0 0 0 1 
quality : 3145
======================================

========== print chromosome ==========
genes : 1 1 0 1 0 0 1 0 0 0 0 1 1 1 0 0 1 1 0 1 1 0 1 1 1 0 0 1 0 1 1 1 0 1 0 0 0 0 1 0 1 1 0 0 1 1 1 1 1 1 0 1 1 0 0 1 0 1 1 0 0 0 0 0 1 0 1 0 1 1 1 0 0 1 0 0 1 0 0 0 0 1 0 0 1 1 1 0 1 1 0 1 0 1 0 1 0 0 1 0 1 1 0 0 1 1 1 0 0 1 1 0 1 1 1 0 0 0 1 1 1 0 1 1 0 0 1 0 1 1 1 0 1 0 1 1 0 0 0 1 1 1 0 1 1 1 0 1 1 0 0 0 1 0 0 0 0 1 0 0 0 0 1 1 0 1 1 1 0 1 0 0 0 1 0 1 0 0 0 0 0 0 1 0 1 1 1 1 0 0 1 0 1 0 0 0 0 1 1 1 1 1 1 1 1 1 1 0 1 1 1 1 0 0 0 0 1 1 0 1 0 1 0 1 1 0 1 0 0 1 0 0 0 0 1 0 1 0 0 1 0 1 1 0 0 0 1 1 1 1 0 1 0 0 1 1 0 1 1 0 1 0 0 0 1 1 1 1 0 0 0 0 1 0 0 1 0 1 0 0 0 1 0 1 1 0 1 0 1 0 0 1 0 1 1 0 0 0 0 1 1 1 1 0 1 1 1 0 0 1 0 0 0 0 1 1 1 0 1 1 1 0 0 0 0 0 0 0 1 0 0 1 1 0 0 1 1 0 0 0 0 1 1 0 1 1 0 0 1 0 0 0 1 1 1 0 0 0 0 1 1 1 0 1 0 0 1 0 1 1 1 0 0 1 1 1 0 1 1 1 1 1 1 1 0 0 1 0 0 1 1 1 1 0 0 0 1 1 1 0 1 1 0 1 0 0 1 1 0 0 0 0 1 1 1 1 1 1 0 0 0 0 0 1 1 1 0 0 1 0 0 1 1 0 1 1 0 0 1 1 0 0 1 1 1 0 0 0 1 1 1 0 0 1 0 1 0 1 0 0 1 0 1 0 1 0 1 0 0 0 0 0 1 1 0 0 1 1 1 0 1 1 0 0 1 0 1 0 1 0 0 0 0 1 1 0 0 0 0 0 
quality : 3145
======================================

========== print chromosome ==========
genes : 1 1 0 1 0 1 1 0 0 0 0 1 1 1 0 0 1 1 0 1 1 0 1 1 1 0 0 1 0 1 1 1 0 1 0 0 0 0 1 0 1 1 0 0 1 1 1 1 1 1 0 1 0 0 0 1 0 1 1 0 0 0 0 0 1 0 1 0 1 1 1 0 0 0 0 0 1 0 0 0 0 1 0 0 1 1 1 0 1 1 0 1 0 1 0 1 0 0 1 0 1 1 0 0 1 1 1 0 0 1 1 0 1 1 1 0 0 0 1 1 1 0 1 1 0 0 1 0 1 0 1 0 1 0 1 1 0 0 0 1 1 1 0 1 1 1 0 1 1 0 0 0 1 0 0 0 0 1 0 0 0 0 1 1 0 1 1 1 0 1 0 0 0 1 0 1 0 0 0 0 0 0 1 0 1 1 1 1 0 0 1 0 1 0 0 0 0 1 1 1 1 1 1 0 1 1 1 0 1 1 1 1 0 0 0 0 1 1 0 1 0 1 0 1 1 0 1 0 0 1 0 0 0 0 1 0 1 0 0 1 0 1 1 0 0 0 1 1 1 1 0 1 0 0 1 1 0 1 0 0 1 0 0 0 1 1 1 1 0 0 0 0 1 0 0 1 0 1 0 0 0 1 0 1 1 1 1 0 1 0 0 1 0 1 1 0 0 0 0 1 1 1 1 0 1 1 1 0 0 1 0 0 1 0 1 1 1 0 1 1 1 0 0 0 0 0 1 0 1 0 0 1 1 0 0 1 1 0 0 0 0 1 1 0 1 1 0 0 1 0 0 0 1 1 1 0 0 0 0 1 1 1 0 1 0 0 1 0 1 1 1 0 0 1 1 1 0 1 1 1 1 1 1 1 0 0 1 0 0 1 1 1 1 0 0 0 1 1 1 0 1 1 0 1 0 0 1 1 0 0 0 0 1 1 1 1 1 1 0 0 0 0 0 1 1 1 0 0 1 0 0 1 1 0 1 1 0 0 1 1 0 0 1 0 1 0 0 0 0 1 1 0 0 1 0 1 0 1 0 0 1 0 1 0 1 0 1 0 0 0 0 0 1 1 0 0 1 1 1 0 1 1 0 0 1 0 1 0 1 0 0 0 0 1 1 0 0 0 0 0 
quality : 3145
======================================

========== print chromosome ==========
genes : 1 1 0 1 0 1 1 0 0 0 0 1 1 1 0 0 1 1 0 1 1 0 1 1 1 1 0 1 0 1 1 1 0 1 0 0 0 0 1 0 1 1 0 0 1 1 1 1 1 1 0 1 1 0 0 1 0 1 1 0 0 0 0 0 1 0 1 0 1 1 1 0 0 0 0 0 1 0 0 0 0 1 0 0 1 1 1 0 1 1 0 1 0 1 0 1 0 0 1 0 1 1 0 0 1 1 1 0 0 1 1 0 1 1 1 0 0 0 1 1 1 0 1 1 0 0 1 0 1 1 1 0 1 0 1 1 0 0 0 1 1 1 0 1 1 1 0 1 1 0 0 0 1 0 0 0 0 1 0 0 0 0 1 1 0 1 1 1 0 1 0 0 0 1 0 1 0 0 0 0 0 0 1 0 1 1 1 1 0 0 1 0 1 1 0 0 0 1 1 1 1 1 1 1 1 1 1 1 1 1 1 1 0 0 0 0 1 1 0 1 0 1 0 1 1 0 1 0 0 1 0 0 0 0 1 0 1 0 0 1 0 1 1 0 0 0 1 1 1 1 0 1 0 0 1 1 0 1 1 0 1 0 0 0 1 1 1 1 0 0 0 0 1 0 0 1 0 1 0 0 0 1 0 1 1 1 1 0 1 0 0 1 0 1 1 0 0 0 0 1 1 1 1 0 1 1 1 0 0 1 0 0 0 0 1 1 1 0 1 1 1 0 0 0 0 0 1 0 1 0 0 1 1 0 0 1 1 0 0 0 0 1 1 0 1 1 0 0 1 0 0 0 1 1 1 0 0 0 0 1 1 1 0 1 0 0 1 0 1 0 1 0 0 1 1 1 0 1 1 1 1 1 1 1 0 0 1 0 0 1 1 1 1 0 0 0 1 1 1 0 1 1 0 1 0 0 1 1 0 0 0 0 1 1 1 1 1 0 0 0 0 0 0 1 1 1 0 0 1 0 0 1 1 0 1 1 0 0 1 1 0 0 1 1 1 1 0 0 0 1 1 0 0 1 0 1 0 1 0 0 1 0 1 1 1 0 1 0 0 0 0 0 1 1 0 0 1 1 1 0 1 1 0 0 1 0 1 0 1 0 0 0 0 1 1 0 0 0 0 0 
quality : 3145
======================================

========== print chromosome ==========
genes : 1 1 0 1 0 1 1 0 0 0 0 1 1 1 0 0 1 1 0 1 1 0 1 1 1 0 0 1 0 1 1 1 0 1 0 0 0 0 1 0 1 1 0 0 1 1 1 1 1 1 0 1 1 1 0 1 0 1 1 0 0 0 0 0 1 0 1 0 1 1 1 0 0 0 0 0 1 0 0 0 0 1 0 0 1 1 1 1 1 1 0 1 0 1 0 1 0 0 1 0 1 1 0 0 1 1 1 0 0 1 1 0 1 1 1 0 0 0 1 1 1 0 0 1 1 0 1 0 1 1 1 0 1 0 1 1 0 0 0 1 1 1 0 1 1 1 1 1 1 0 0 0 1 0 0 0 0 0 0 0 0 0 1 1 0 1 1 1 0 1 0 0 0 1 0 1 0 0 0 0 0 0 1 0 1 1 1 1 0 0 1 0 1 0 0 0 0 1 1 1 1 1 1 1 1 1 1 0 1 1 1 1 1 0 0 0 1 1 0 1 0 1 0 1 0 0 1 0 0 1 0 0 0 0 1 1 1 0 0 1 0 1 1 0 0 0 1 1 1 1 0 1 0 0 1 1 0 1 1 0 1 0 0 0 1 1 1 1 0 1 0 0 1 0 0 0 0 1 0 0 0 1 0 1 1 1 1 0 0 0 0 1 0 1 1 0 0 0 0 1 1 1 1 0 1 1 1 0 0 1 0 0 0 0 1 1 1 0 1 1 1 0 0 0 0 0 1 0 1 0 1 1 1 0 0 1 1 0 0 0 0 1 1 0 1 1 0 0 0 0 0 1 1 1 1 0 0 0 0 1 1 1 0 1 1 0 1 0 1 1 1 0 0 1 1 0 0 1 1 1 1 0 1 1 0 0 0 0 0 1 0 1 1 0 1 0 1 1 1 0 1 1 1 1 0 0 1 1 0 0 0 0 1 1 0 1 0 1 0 0 0 0 0 1 1 1 0 0 1 1 0 1 0 0 0 1 0 0 1 1 0 0 1 1 1 0 0 0 1 1 1 1 0 0 0 1 0 1 0 0 1 0 1 0 1 0 1 0 0 0 0 0 0 1 0 0 1 1 1 0 1 1 0 0 0 1 1 1 1 0 0 0 0 1 1 0 0 0 1 0 
quality : 3145
======================================

========== print chromosome ==========
genes : 1 1 0 1 0 1 1 0 0 0 0 1 1 1 0 0 1 1 0 1 0 0 1 1 1 0 0 1 0 1 1 1 0 1 0 0 0 0 1 0 1 1 0 0 1 1 1 1 1 1 0 1 1 0 0 1 0 1 1 0 0 0 0 0 0 0 1 0 1 1 1 0 0 0 0 0 1 0 0 0 0 1 0 0 1 1 1 1 1 0 0 1 0 1 0 1 0 0 1 0 1 1 0 0 1 1 1 0 0 1 1 0 1 1 1 0 0 0 1 1 1 0 1 1 1 0 1 0 1 1 1 0 1 0 1 1 0 0 0 1 1 1 0 1 1 1 0 1 1 0 0 0 1 0 0 0 0 0 0 0 0 0 1 1 0 1 1 1 0 1 0 0 0 1 0 1 0 0 0 0 0 0 1 0 1 1 1 1 0 0 1 0 1 0 0 0 0 1 1 1 1 1 1 1 1 1 1 0 1 1 1 1 0 0 0 0 1 1 0 1 0 1 0 1 1 0 1 0 0 1 0 0 0 0 1 0 1 0 0 1 0 1 1 0 0 0 1 1 1 1 0 1 0 0 1 1 0 1 1 0 1 0 0 0 1 1 1 1 0 0 0 0 1 0 0 0 0 1 0 0 1 0 0 1 1 1 1 0 0 0 0 1 0 1 1 0 0 0 0 1 1 1 1 0 1 1 1 0 0 1 0 0 0 0 1 1 1 0 1 1 1 0 0 0 0 0 1 0 1 0 0 1 1 0 0 1 1 0 0 0 0 1 1 0 1 1 0 0 0 0 0 1 1 1 1 0 0 0 0 1 1 1 0 1 0 0 1 0 1 1 1 0 0 1 1 0 0 1 1 1 1 0 1 1 0 0 0 0 0 1 1 1 1 0 0 0 1 1 1 0 1 1 1 1 0 0 1 1 0 0 0 0 1 1 0 1 1 1 0 0 0 0 0 1 1 1 1 0 1 1 0 1 1 0 0 1 0 0 1 1 1 0 1 1 1 0 0 0 1 1 1 1 0 0 0 1 0 1 0 0 1 0 1 0 1 0 1 0 0 0 0 0 0 1 0 0 1 1 1 0 1 1 0 0 0 1 1 1 1 0 0 0 0 1 1 0 0 0 1 0 
quality : 3145
======================================

========== print chromosome ==========
genes : 1 1 0 1 0 1 1 0 0 0 0 1 1 1 0 0 1 1 0 1 1 0 1 1 1 0 0 1 0 1 1 1 0 1 0 0 0 0 1 0 1 1 0 0 1 1 1 0 1 1 0 1 1 0 0 1 0 1 1 0 0 0 0 0 1 0 1 0 1 1 1 0 0 0 0 1 1 0 0 0 0 1 0 0 1 1 1 1 1 1 0 1 0 1 0 1 0 0 1 0 1 1 0 0 1 1 1 0 0 1 1 0 1 1 1 0 0 0 1 1 1 1 1 1 1 0 1 0 1 1 1 0 1 0 1 1 0 0 0 1 1 1 0 1 1 1 0 1 1 0 0 0 1 0 0 0 0 0 0 0 0 0 1 1 0 1 1 1 0 1 0 0 0 1 0 1 0 0 0 0 0 0 1 0 1 1 1 1 0 0 1 0 1 0 0 0 0 1 1 1 1 1 1 1 1 1 1 0 1 1 1 1 0 0 0 0 1 1 0 1 0 1 0 1 1 0 1 0 0 1 0 0 0 0 1 0 1 1 0 1 0 1 1 0 0 0 1 1 1 1 0 1 0 0 1 1 0 0 1 0 1 0 0 0 1 1 1 1 1 0 0 0 1 0 0 1 0 1 0 0 0 1 0 1 1 1 1 0 0 1 0 1 0 1 1 0 0 0 0 1 1 1 1 0 1 1 1 0 0 1 0 0 0 0 1 1 1 0 1 1 1 0 0 0 0 0 1 0 1 0 0 1 1 0 0 1 1 0 0 0 0 1 1 0 1 1 0 0 1 0 0 1 1 1 1 0 0 0 0 1 1 1 0 1 0 0 1 0 1 1 1 0 0 1 1 1 0 1 1 1 1 0 1 1 0 0 0 0 0 1 1 1 1 0 0 0 1 1 1 0 1 1 1 1 0 0 1 1 0 0 0 0 1 1 1 1 1 1 0 0 0 0 0 1 1 1 0 0 1 1 0 1 1 0 0 1 0 0 1 1 0 0 1 0 1 0 0 0 1 1 1 0 0 1 0 1 0 1 0 0 1 0 1 0 1 0 1 0 0 0 0 0 0 1 0 0 1 1 1 0 1 1 0 0 0 1 1 1 1 1 0 0 0 1 1 0 0 0 1 0 
quality : 3145
======================================

========== print chromosome ==========
genes : 1 1 0 1 0 1 1 0 0 0 0 1 1 1 0 0 1 1 0 1 1 0 1 1 1 0 0 1 0 1 1 1 1 1 0 0 0 0 1 0 1 1 0 0 1 1 1 1 1 1 0 1 1 0 0 1 0 1 1 0 0 0 0 0 1 0 1 0 1 1 1 0 0 0 0 0 1 0 0 0 0 1 0 0 1 1 1 0 1 1 0 1 0 1 0 1 0 0 1 0 1 1 0 0 1 1 1 0 0 1 1 0 1 1 1 0 0 0 1 1 1 0 1 1 1 0 1 0 1 1 1 0 1 1 1 1 0 0 0 1 1 1 0 1 1 1 0 1 1 0 0 0 1 0 0 0 0 1 0 0 0 0 1 1 0 1 1 1 0 1 0 0 0 1 0 1 0 0 1 0 0 0 1 0 1 1 1 1 0 0 1 0 1 0 0 0 0 1 1 1 1 1 1 1 1 1 1 0 1 1 1 1 0 0 0 0 1 1 0 1 0 1 0 1 1 0 1 0 0 1 0 0 0 0 1 0 1 0 0 1 0 1 1 0 0 0 1 1 1 1 0 1 0 0 1 1 0 1 0 0 1 0 0 0 1 1 1 1 0 0 0 0 1 0 0 0 0 1 0 0 0 1 0 1 1 1 1 0 0 0 0 1 0 1 1 0 0 0 0 1 1 1 1 0 1 1 1 0 0 1 0 0 0 0 1 1 1 0 1 1 1 0 0 0 0 0 1 0 1 0 0 1 1 0 0 1 1 0 0 0 0 1 1 0 1 1 0 0 0 0 0 1 1 1 1 0 0 0 0 1 1 1 0 1 0 0 1 0 1 1 1 0 0 1 1 0 0 1 1 1 1 0 1 1 0 0 0 0 0 1 1 1 1 0 0 0 1 1 1 0 1 1 1 1 0 0 1 1 0 0 0 0 1 1 0 1 1 1 0 0 0 0 0 1 1 1 0 0 1 1 0 1 1 0 0 1 0 0 1 1 0 0 1 1 1 0 0 0 1 1 1 1 0 0 0 1 0 1 1 0 1 0 1 1 1 0 1 0 0 0 0 0 0 1 0 0 1 1 1 0 1 1 1 0 0 1 1 1 1 0 0 0 0 1 1 0 0 0 1 0 
quality : 3145
======================================

========== print chromosome ==========
genes : 1 1 0 1 0 1 1 0 0 0 0 1 1 1 0 0 1 1 0 1 1 0 1 1 1 0 0 1 0 1 1 1 0 1 0 0 0 0 1 0 1 1 0 0 1 1 1 1 1 1 0 1 1 0 0 1 0 1 1 0 0 0 0 0 1 0 1 0 1 1 1 0 0 0 0 0 1 0 0 0 0 1 0 0 1 1 1 1 1 1 0 1 0 1 0 1 0 0 1 0 1 1 0 0 1 1 1 0 0 1 1 0 1 1 1 0 0 0 1 1 1 0 1 1 1 0 1 0 1 1 1 0 1 0 1 1 0 0 0 1 1 1 1 0 1 1 0 1 1 0 0 0 1 0 0 0 0 0 0 0 0 0 1 1 0 1 1 1 0 1 0 0 0 1 0 1 0 0 0 0 0 0 1 0 1 1 1 1 0 0 1 0 1 0 0 0 0 1 1 1 1 1 1 1 1 1 1 0 1 1 1 1 0 0 0 0 1 1 0 1 0 1 0 1 1 0 1 0 0 1 0 0 0 0 1 0 1 0 0 1 0 1 1 0 0 0 1 1 1 1 0 1 0 0 1 1 0 1 1 0 1 0 0 0 1 1 1 1 0 0 0 0 1 0 0 0 0 1 0 0 0 1 0 1 1 1 1 0 0 0 0 1 0 1 1 0 0 0 0 1 1 1 1 0 1 1 1 0 0 1 0 0 0 0 1 1 1 0 0 1 1 0 0 0 0 0 1 0 0 0 0 1 1 0 0 1 1 0 0 0 0 1 1 0 1 1 0 0 0 0 0 1 1 1 1 0 0 0 0 1 1 1 0 1 0 0 1 0 1 1 1 0 0 1 1 0 0 1 1 1 1 0 0 1 0 0 0 0 0 1 1 1 1 0 0 0 1 1 0 0 1 1 1 1 0 0 1 1 0 0 0 0 1 1 0 1 1 1 0 0 0 0 0 1 1 1 0 0 1 1 0 1 1 0 0 1 0 0 1 1 0 0 1 1 1 0 0 0 1 1 1 1 0 0 0 1 0 1 0 0 1 0 1 0 1 0 1 1 0 0 0 0 0 1 0 0 1 1 1 0 1 1 1 0 0 1 1 1 1 0 0 0 0 1 1 0 0 0 1 0 
quality : 3145
======================================

========== print chromosome ==========
genes : 1 1 0 1 0 1 1 0 0 0 0 1 1 1 0 0 1 1 0 1 1 0 1 1 1 0 0 1 0 1 0 1 0 1 0 0 0 0 1 0 1 1 0 0 1 1 1 1 1 0 0 0 1 0 0 1 0 1 0 0 0 1 0 0 1 0 1 0 1 1 1 0 0 0 0 0 1 0 0 0 0 1 0 0 1 1 1 1 1 1 0 1 0 1 0 1 0 0 1 0 1 1 0 0 1 1 1 0 0 1 1 0 1 1 1 0 0 0 1 1 1 0 1 1 1 0 1 0 1 1 1 0 1 0 1 1 0 0 0 1 1 1 0 1 1 1 0 1 1 0 0 0 1 0 0 0 0 0 0 0 0 0 1 1 0 1 1 1 0 1 0 0 0 1 0 1 0 0 0 0 0 0 1 0 1 1 1 1 0 0 0 0 1 0 0 0 0 1 1 1 1 1 1 1 1 1 1 0 1 1 1 1 0 0 0 0 1 1 0 1 0 1 0 1 1 0 1 0 0 1 0 0 0 0 1 0 1 0 0 1 0 1 1 0 0 0 1 1 1 1 0 1 0 0 1 1 0 1 1 0 1 0 0 0 1 1 1 1 0 0 0 0 0 0 0 1 0 1 0 0 0 1 0 1 1 1 1 0 0 0 0 1 0 1 1 0 0 0 0 1 1 1 1 0 1 1 1 0 0 1 0 0 0 0 1 1 1 0 1 1 1 0 0 0 0 0 1 0 1 0 0 1 1 0 0 1 1 0 0 0 0 1 1 0 1 1 1 0 1 0 0 1 1 1 1 0 0 0 0 1 1 1 0 1 0 1 1 0 1 1 1 0 1 1 1 1 0 1 1 1 1 0 1 1 0 0 0 0 0 1 1 1 1 0 0 0 1 1 1 0 1 1 1 1 0 0 1 1 0 0 0 0 1 1 1 1 1 1 0 0 0 0 0 1 1 1 0 0 1 1 0 1 1 0 0 1 0 0 1 1 0 0 1 1 1 0 0 0 1 1 1 0 0 1 0 1 0 1 0 0 1 0 1 0 1 0 1 0 0 0 0 0 0 1 0 0 1 1 1 0 1 1 0 0 0 1 1 1 1 1 0 0 0 1 1 0 0 0 1 0 
quality : 3145
======================================

========== print chromosome ==========
genes : 1 1 0 1 0 1 1 0 0 0 0 1 1 1 0 0 1 1 0 1 1 0 1 1 1 0 0 1 0 1 1 1 0 1 0 0 0 0 1 0 1 1 0 0 1 1 1 1 1 1 0 1 1 0 0 1 0 1 1 0 0 0 0 0 1 0 1 0 1 1 1 0 1 0 0 0 1 0 0 0 0 1 0 0 1 1 1 1 1 1 0 1 0 1 1 1 0 0 1 0 1 1 0 0 1 1 1 0 0 1 1 0 1 1 1 0 0 0 1 1 1 0 1 1 1 0 1 0 1 1 1 0 1 0 1 1 0 0 0 1 1 1 0 1 1 1 0 1 1 0 0 0 1 0 0 0 0 0 0 0 0 0 1 1 0 1 0 1 0 1 0 0 0 1 0 1 0 0 0 0 0 0 1 0 1 1 1 1 0 0 1 0 1 0 0 0 0 1 0 1 1 1 1 1 1 1 1 0 1 1 1 1 0 0 0 0 1 1 0 1 0 1 0 1 1 0 1 0 0 1 0 0 0 0 1 0 1 0 0 1 0 1 1 0 0 0 1 1 1 1 0 1 0 0 1 1 0 1 1 0 1 0 0 0 1 1 1 1 0 0 0 0 1 0 0 1 0 1 0 0 0 1 0 1 1 1 1 0 0 0 0 1 0 1 1 0 0 0 0 1 1 1 1 0 1 1 1 0 0 1 0 0 0 0 1 1 1 0 1 1 1 0 0 0 0 0 0 0 1 0 0 1 1 0 0 1 1 0 0 0 0 1 1 0 1 0 0 0 1 0 0 1 1 1 1 0 0 0 0 1 1 1 0 1 0 0 1 0 1 1 1 0 0 1 1 1 0 1 1 1 1 0 1 1 1 0 0 0 0 1 1 1 1 0 0 0 1 1 1 0 1 1 1 1 1 0 1 1 0 0 0 0 1 1 1 1 1 1 0 0 0 0 0 1 1 1 0 0 1 1 0 1 1 0 0 1 0 0 1 1 0 0 1 1 1 0 0 0 1 1 1 0 0 1 0 1 0 1 0 0 1 0 1 0 1 0 0 0 0 1 0 0 0 1 0 0 1 1 1 0 1 1 0 0 0 1 1 1 1 1 0 0 0 1 1 0 0 0 1 0 
quality : 3145
======================================

========== print chromosome ==========
genes : 1 1 0 1 0 1 1 0 0 0 0 1 1 1 0 0 1 1 0 1 1 0 1 1 1 0 0 1 0 1 1 1 0 1 0 0 0 0 1 0 1 1 0 0 1 1 1 1 1 1 0 1 1 0 0 1 0 1 1 0 0 0 0 0 1 0 1 0 1 1 1 0 0 0 0 0 1 0 0 0 0 1 0 0 1 1 1 0 1 1 0 1 0 1 0 1 0 0 1 0 1 1 0 0 1 1 1 0 0 1 1 0 1 1 0 0 0 0 1 1 1 0 1 1 1 0 1 0 1 1 1 0 1 0 1 1 0 0 0 1 1 1 0 1 1 1 0 1 1 0 0 0 1 0 0 0 0 1 0 0 0 0 1 1 0 1 1 1 0 1 0 0 0 1 0 1 0 0 0 0 0 0 1 0 1 1 1 1 0 0 1 0 1 0 0 0 0 1 1 1 1 1 1 1 0 1 1 0 1 1 1 0 0 0 0 0 1 1 0 1 0 1 0 1 1 0 1 0 0 1 0 0 0 0 1 0 1 0 0 1 0 1 1 0 0 0 1 1 1 1 0 1 0 1 1 1 0 1 1 0 1 0 0 0 1 1 1 1 0 0 0 0 1 0 0 0 0 1 0 0 0 1 0 1 1 1 1 1 0 0 0 1 0 0 1 0 0 0 0 1 1 1 1 0 1 1 1 0 0 1 0 0 0 0 1 1 1 0 1 1 1 0 0 0 0 0 1 0 1 0 0 1 1 1 0 1 1 0 0 0 0 1 1 0 1 1 0 0 1 0 0 1 1 1 1 0 0 0 0 1 1 1 0 1 0 0 1 0 1 1 1 0 0 1 1 1 0 1 1 1 1 0 1 1 0 0 0 0 0 1 1 1 1 0 0 0 1 1 1 0 1 1 0 1 0 0 1 1 0 0 0 0 1 1 1 1 1 1 0 0 0 0 0 1 1 1 0 0 1 1 0 1 1 0 0 1 0 0 1 1 0 0 1 1 1 0 0 0 1 1 1 0 0 1 0 1 0 1 0 0 1 0 1 0 1 0 1 0 0 0 0 0 1 1 0 0 1 1 1 0 1 1 0 0 0 1 0 1 1 1 0 0 0 1 1 0 0 0 0 0 
quality : 3146
======================================

========== print chromosome ==========
genes : 1 1 0 1 0 1 1 0 0 0 0 1 1 1 0 0 1 1 0 1 1 0 1 1 1 0 0 1 0 1 1 1 0 1 0 0 0 1 1 0 1 1 0 0 1 1 1 1 1 1 0 1 1 0 0 1 0 1 1 0 0 0 0 0 1 0 1 0 1 1 1 0 0 0 0 0 1 0 0 0 0 1 0 0 1 1 1 1 1 1 0 1 0 1 0 1 0 0 1 0 1 1 0 0 1 1 1 0 0 1 1 0 1 1 1 0 0 0 1 1 1 0 1 1 1 0 1 0 1 1 1 0 1 0 1 1 0 0 0 1 1 1 0 1 1 1 0 1 1 0 0 0 1 0 0 0 0 0 0 0 0 0 1 1 0 1 1 1 0 1 0 0 0 1 0 1 0 0 0 0 0 0 1 0 1 1 1 1 0 0 1 0 1 0 0 0 0 1 1 1 1 1 1 1 1 1 1 0 1 1 0 1 0 0 0 0 1 1 0 1 0 1 0 1 0 0 1 0 0 1 0 0 0 0 1 0 1 0 0 1 0 1 1 0 0 0 1 1 1 1 0 1 0 0 1 1 0 1 1 0 1 0 0 0 1 1 1 1 0 0 0 0 1 0 0 0 0 1 0 0 0 1 0 1 1 1 1 0 0 0 0 1 0 1 1 0 0 0 0 1 1 1 1 0 1 1 1 0 0 1 0 0 0 0 1 1 1 0 1 1 1 0 0 0 0 0 1 0 1 0 0 1 1 0 0 1 1 0 0 0 0 1 1 0 1 1 0 0 0 0 0 1 1 1 1 0 0 0 0 1 1 1 0 1 0 0 1 0 1 1 1 0 0 1 1 0 0 1 1 1 1 0 1 1 0 0 0 0 0 1 1 1 1 0 0 0 1 1 1 0 1 1 1 1 0 0 1 1 0 0 0 0 1 1 0 1 1 1 0 0 0 0 0 1 1 1 0 0 1 1 0 1 1 0 0 1 0 0 1 1 0 0 1 1 1 0 0 0 1 1 1 1 0 0 0 1 0 1 0 0 1 0 1 0 1 0 1 0 0 0 0 0 0 1 0 0 1 1 1 0 1 1 0 0 0 1 1 1 1 0 0 0 0 1 1 0 0 0 1 0 
quality : 3146
======================================

========== print chromosome ==========
genes : 1 1 0 1 0 1 1 0 0 0 0 1 1 1 0 0 1 1 0 1 1 0 1 1 1 0 0 1 0 1 1 1 0 1 0 0 0 0 1 0 1 1 0 0 1 1 1 1 1 1 0 1 1 0 0 1 0 1 1 0 0 0 0 0 1 0 1 0 1 1 1 0 0 0 0 0 1 0 0 0 0 1 0 0 1 1 1 0 1 1 0 1 0 1 0 1 0 0 1 0 1 1 0 0 1 1 1 0 0 1 1 0 1 1 1 0 0 0 1 1 1 0 1 1 1 0 1 0 1 1 1 0 1 0 1 1 0 0 0 1 1 1 0 1 1 1 0 1 1 0 0 0 1 0 0 0 0 1 0 0 0 0 1 1 0 1 1 1 0 1 0 0 0 1 0 1 0 0 0 0 0 0 1 0 1 1 1 1 0 0 1 0 1 0 0 0 0 1 1 1 1 1 1 1 1 1 1 0 1 1 1 1 0 0 0 0 1 1 0 1 0 1 0 1 1 0 1 0 0 1 0 0 0 0 1 0 1 0 0 1 0 1 1 0 0 0 1 1 1 1 0 1 0 0 1 1 0 1 1 0 1 0 0 0 1 1 1 1 0 0 0 0 1 0 0 1 0 1 0 0 1 1 0 1 1 1 1 0 1 1 0 1 0 1 1 0 0 0 0 1 1 1 1 0 1 1 1 1 0 1 0 0 0 0 1 1 1 0 1 1 1 0 0 0 0 0 1 0 1 0 0 1 1 0 0 1 1 0 0 0 0 1 1 0 0 1 0 0 1 0 0 0 1 1 1 0 0 0 0 1 1 1 0 0 0 0 1 0 1 1 1 0 0 1 1 1 0 1 1 1 1 0 1 1 0 0 0 0 0 1 1 1 1 0 0 0 1 1 1 0 1 1 1 1 0 0 1 1 0 0 0 0 1 1 1 1 1 1 0 0 0 0 0 1 1 1 0 0 1 1 0 1 1 0 0 1 0 0 1 1 0 0 1 1 1 0 0 0 1 1 1 0 0 1 0 1 0 1 0 0 1 0 1 0 1 0 1 0 0 0 0 0 0 0 0 0 1 1 1 0 1 1 0 0 0 1 1 1 1 0 0 0 0 1 0 0 0 1 1 0 
quality : 3146
======================================

========== print chromosome ==========
genes : 0 1 0 1 0 1 1 0 0 0 0 1 1 1 0 0 1 1 0 1 1 0 1 1 1 0 0 1 0 1 1 1 0 1 0 0 0 0 1 0 1 1 0 0 1 1 1 1 1 1 0 1 1 0 0 1 0 1 1 0 0 0 0 0 1 0 1 0 1 1 1 0 0 0 0 0 1 1 0 0 1 1 0 0 1 1 1 0 1 1 0 1 0 1 0 1 0 1 1 0 1 1 0 0 1 1 1 1 0 1 0 0 1 1 1 0 0 0 1 1 1 0 1 1 1 0 1 0 1 1 1 0 1 0 1 1 0 0 0 1 1 1 0 1 1 1 0 1 1 0 0 0 1 0 0 0 0 1 0 0 0 0 1 1 0 1 1 1 0 1 0 0 0 1 0 1 0 0 0 0 0 0 1 0 1 1 1 1 0 0 1 0 1 0 1 0 1 1 1 1 1 1 1 1 1 1 1 0 1 1 1 1 0 0 0 0 1 1 0 1 0 1 0 1 1 0 1 0 0 1 0 0 0 0 1 0 1 0 0 1 0 1 1 0 0 0 1 1 1 1 0 1 0 0 1 1 0 1 1 0 1 0 0 0 1 1 1 1 0 0 0 0 1 0 0 1 0 1 0 0 0 1 1 1 1 1 1 0 1 0 0 1 0 0 1 0 0 0 0 1 1 1 1 0 1 1 1 0 0 0 0 0 0 0 1 1 1 0 1 1 1 0 0 0 0 0 1 0 1 0 0 1 1 0 0 1 1 0 0 0 0 0 1 0 1 1 0 0 1 0 0 0 0 1 1 0 0 0 0 1 1 1 0 1 0 0 1 0 1 1 1 0 0 1 1 1 0 1 1 1 1 1 1 1 0 0 1 0 0 1 1 1 1 0 0 0 1 1 1 0 1 1 0 1 0 0 1 1 0 0 0 0 1 1 1 1 1 1 0 0 0 0 1 1 1 1 0 0 1 0 0 1 1 1 1 1 0 0 1 1 0 0 1 1 1 0 0 0 1 1 1 0 0 1 0 1 0 1 0 0 1 0 1 0 1 0 1 0 0 0 0 0 1 1 0 0 1 1 1 0 1 1 0 0 1 0 1 0 1 0 0 0 0 0 0 1 0 0 0 0 
quality : 3147
======================================

========== print chromosome ==========
genes : 1 1 0 1 0 1 1 0 0 0 0 1 1 1 0 0 1 1 1 1 1 0 0 1 1 0 0 1 0 1 1 1 0 1 0 0 0 0 1 0 1 1 0 0 1 1 1 1 1 1 0 1 1 0 0 1 0 1 1 0 0 0 0 0 1 0 1 0 1 1 1 0 0 0 0 0 1 0 0 0 1 1 0 0 1 1 1 1 1 1 0 1 0 1 0 1 0 0 1 0 1 1 0 0 1 0 1 0 0 1 1 0 1 1 1 0 0 0 1 1 1 0 1 1 1 0 1 0 1 1 1 0 1 0 1 1 0 0 0 1 1 1 0 1 1 1 0 1 1 0 1 0 1 0 0 0 0 1 0 0 0 0 1 1 0 1 1 1 0 1 0 0 0 1 0 1 0 0 0 0 0 0 1 0 1 1 1 1 0 0 1 0 1 0 1 0 1 1 1 1 1 1 1 1 1 1 1 0 1 1 1 1 0 0 0 0 1 1 0 1 0 1 0 1 1 0 1 0 0 1 0 0 0 0 1 0 1 0 0 1 0 1 1 0 0 0 1 1 1 1 0 1 0 0 1 1 0 1 1 0 1 0 0 0 1 1 1 1 0 0 0 0 1 0 0 1 0 1 0 0 0 1 0 1 1 1 1 0 1 0 0 1 0 1 1 0 0 0 0 1 1 1 1 0 1 1 1 0 0 1 0 0 0 0 1 1 1 0 1 1 1 0 0 0 0 0 1 0 1 0 0 1 1 0 0 1 1 0 0 0 0 1 1 0 1 1 0 0 1 0 0 0 1 1 1 0 0 0 0 1 1 1 0 1 0 0 1 0 1 1 1 0 0 1 1 1 0 1 1 1 1 1 1 1 0 0 1 0 0 1 1 1 1 0 0 0 1 1 1 0 1 1 0 1 0 0 1 1 0 0 0 0 1 1 1 1 1 1 0 0 0 0 0 1 1 1 0 0 1 0 0 1 1 0 1 1 0 0 1 1 0 0 1 1 1 0 0 0 1 1 1 0 0 1 0 1 0 1 0 0 1 0 1 0 1 0 1 0 0 0 0 0 1 1 0 0 1 1 1 0 1 1 0 0 1 0 1 0 1 0 0 0 0 1 1 0 0 0 0 0 
quality : 3147
======================================

========== print chromosome ==========
genes : 1 1 1 1 0 1 1 0 0 0 0 1 1 1 0 0 1 1 0 1 1 0 1 1 1 0 0 1 0 1 1 1 0 1 0 0 0 0 1 0 1 1 0 0 1 1 1 1 1 1 0 1 1 0 0 1 0 1 1 0 0 0 0 0 1 0 1 0 1 1 1 0 0 0 0 0 1 0 0 0 0 1 0 1 1 1 1 0 0 1 0 1 0 1 0 1 0 0 1 0 1 1 0 0 1 1 1 0 0 1 1 0 1 1 1 0 0 0 1 1 1 0 1 1 1 0 1 0 1 1 1 0 1 0 1 1 0 0 0 1 1 1 0 1 1 1 0 1 1 0 0 0 1 0 0 0 0 1 0 0 0 0 1 1 0 1 1 1 0 1 0 0 0 1 0 1 0 0 0 0 0 0 1 0 1 1 1 1 0 0 1 0 1 0 0 0 0 1 1 1 0 1 1 1 1 1 1 0 1 1 1 1 0 0 0 0 1 1 0 1 0 1 0 1 1 0 1 0 0 1 0 0 0 0 1 0 1 0 0 1 0 1 1 0 0 0 1 1 1 1 0 0 0 0 1 1 0 1 1 0 1 0 0 0 1 1 1 1 0 0 0 0 1 0 0 1 0 1 0 0 0 1 0 1 1 1 1 0 1 0 0 1 0 1 1 0 0 0 0 1 1 1 1 0 1 1 1 0 0 1 0 0 0 0 1 1 1 0 1 1 1 0 0 0 0 0 1 0 1 0 0 1 1 0 0 1 1 0 0 0 0 1 1 0 1 1 0 0 1 0 1 0 1 1 1 0 0 0 0 1 1 1 0 1 0 0 1 0 1 1 1 0 0 1 1 1 0 1 1 1 1 0 1 1 0 0 0 0 0 1 1 1 1 0 0 0 1 1 1 0 0 1 0 1 0 0 1 1 0 0 0 0 1 1 1 1 1 0 0 0 0 0 0 1 1 1 0 0 1 0 0 1 1 0 0 1 0 0 1 1 0 0 1 1 1 0 0 0 1 1 1 0 0 1 0 1 0 1 0 0 1 0 1 0 1 0 1 0 0 0 0 0 1 1 0 0 1 1 1 0 1 1 0 0 1 1 1 0 1 0 0 0 0 1 1 0 0 0 0 0 
quality : 3147
======================================

========== print chromosome ==========
genes : 1 1 0 1 0 1 1 0 0 0 0 1 1 1 0 0 1 1 0 1 1 0 1 1 1 0 0 1 0 1 1 1 0 1 0 0 0 0 1 0 1 1 0 0 1 1 1 0 1 1 0 1 1 0 0 1 0 1 1 0 0 0 0 0 1 0 1 0 1 1 1 0 0 0 0 0 1 0 0 0 0 1 0 0 1 1 1 0 1 1 0 1 0 1 0 1 0 0 1 0 1 1 0 0 1 1 1 0 0 1 1 0 1 1 1 0 0 0 1 1 1 0 1 1 1 0 1 0 1 1 1 0 1 0 1 0 1 0 0 1 1 1 0 1 1 1 0 1 1 0 0 0 1 0 0 0 0 1 0 0 0 0 0 1 0 1 1 1 0 1 0 0 0 1 0 1 0 0 0 0 0 0 1 0 1 1 1 1 0 0 1 0 1 0 0 0 0 1 1 1 1 1 1 1 1 1 1 0 1 1 1 1 0 0 0 0 1 1 0 1 0 1 0 1 1 0 1 0 0 1 0 0 0 0 1 0 1 0 0 1 0 1 1 0 1 0 1 1 1 1 0 1 0 0 1 1 0 1 1 0 1 0 0 0 1 1 1 1 0 0 0 0 1 0 0 1 0 1 0 0 0 1 0 1 1 1 1 0 1 0 0 1 0 1 1 0 0 0 0 1 1 1 1 0 1 1 1 0 0 1 0 0 1 0 1 1 1 0 1 1 1 0 0 0 0 0 1 0 1 0 0 1 1 0 0 1 1 0 0 0 0 1 1 0 1 1 0 0 1 0 0 0 1 1 1 0 0 0 0 1 1 1 0 1 0 0 1 0 1 1 1 0 0 1 1 1 0 1 1 1 1 0 1 1 0 0 1 0 0 1 1 1 1 0 0 0 1 1 1 0 1 1 0 1 0 0 1 1 0 0 1 0 1 1 1 1 1 1 0 0 0 0 0 1 1 1 0 0 1 0 0 1 1 0 0 1 0 0 1 1 0 0 1 1 1 0 0 1 1 1 1 0 0 1 0 1 0 1 0 0 1 0 1 0 1 0 1 0 0 1 0 0 1 1 0 1 1 1 0 0 1 1 0 0 1 1 1 0 1 0 0 0 0 1 1 0 0 0 0 0 
quality : 3147
======================================

========== print chromosome ==========
genes : 1 1 0 1 0 1 1 0 0 0 0 1 1 1 0 0 1 1 0 1 1 0 1 1 1 0 0 1 0 1 1 1 0 1 0 0 0 0 1 0 1 1 0 0 1 1 1 1 1 1 0 1 1 0 0 1 0 1 1 0 0 0 0 0 1 0 1 0 1 1 1 0 0 0 0 0 1 0 0 0 0 1 0 0 1 1 1 0 1 1 0 1 0 1 0 1 0 0 1 0 1 1 0 0 1 1 1 0 0 1 1 0 1 1 1 0 0 0 1 1 1 0 1 1 1 0 0 0 1 1 1 0 0 0 1 1 0 0 0 1 1 1 0 1 1 1 0 1 1 0 0 0 1 0 0 0 0 1 0 0 0 0 1 1 0 1 1 1 0 1 0 0 0 1 1 1 0 0 0 0 0 0 1 0 1 1 1 1 0 0 1 0 0 0 0 0 0 1 1 1 1 0 1 1 1 1 1 0 1 1 1 1 0 0 0 0 1 1 0 1 0 1 0 1 1 0 1 0 0 1 0 0 0 0 1 0 1 0 0 1 0 1 1 0 0 0 0 1 1 1 0 1 0 0 1 1 0 1 1 0 1 0 0 0 1 1 1 1 0 0 0 0 1 0 0 1 0 1 0 0 0 1 0 1 1 1 1 0 1 0 0 1 0 1 1 0 0 0 0 1 1 1 1 0 1 1 1 0 0 1 0 0 0 0 1 1 1 0 1 1 1 0 0 0 0 0 1 0 1 0 0 1 1 0 0 1 1 0 0 0 0 1 1 0 1 1 0 0 1 0 0 0 1 1 1 0 0 0 0 1 1 1 0 1 0 0 1 0 1 1 1 0 0 1 1 1 0 1 1 1 1 0 1 1 0 0 1 0 0 1 1 1 1 0 0 0 1 1 1 0 1 1 0 1 0 0 1 1 0 0 0 0 1 1 1 1 1 1 0 0 0 0 0 1 1 1 0 0 1 0 0 1 1 0 0 1 0 0 1 1 0 0 1 1 1 0 0 0 1 1 1 0 0 1 0 1 0 1 0 0 1 0 1 0 1 0 1 0 0 0 0 0 1 1 0 0 1 1 1 0 1 1 0 0 1 1 1 0 1 0 0 0 0 1 1 0 0 0 0 1 
quality : 3147
======================================

========== print chromosome ==========
genes : 1 1 0 1 0 1 1 0 0 0 0 1 1 1 0 0 1 1 0 1 1 1 1 1 1 0 0 1 0 1 1 1 0 1 0 0 0 0 1 0 1 1 0 0 1 1 1 1 1 1 0 1 1 0 0 1 0 1 1 0 0 0 0 0 1 0 1 0 1 1 1 0 0 0 0 0 1 0 0 0 0 1 0 0 1 1 1 0 1 1 0 1 0 1 0 1 0 0 1 0 1 1 0 0 1 1 1 0 0 1 1 0 1 0 1 0 0 0 1 1 1 0 1 1 1 0 1 0 1 1 1 0 0 0 1 1 0 0 0 1 1 1 0 1 1 1 0 1 1 0 0 0 1 0 0 0 0 1 0 0 0 0 1 1 0 1 1 1 0 1 0 0 0 1 0 1 0 0 0 0 0 0 1 0 1 1 1 1 0 0 1 0 1 0 0 0 0 1 1 1 1 1 1 1 1 1 1 0 1 1 1 1 0 0 0 0 1 1 0 1 0 1 0 1 1 0 1 0 0 1 0 0 0 0 1 0 1 0 0 1 0 1 1 0 0 0 1 1 1 1 0 1 0 0 1 1 0 1 1 0 1 1 0 0 1 1 1 1 0 0 0 0 1 0 0 0 0 1 0 0 0 1 0 0 1 1 1 0 0 0 0 1 0 1 1 1 0 0 0 1 1 1 1 0 1 1 1 0 0 1 0 0 0 0 1 1 1 0 1 1 1 0 0 0 0 0 1 0 1 0 0 1 1 0 0 1 1 0 0 0 0 1 1 0 1 1 0 0 1 0 0 1 1 1 1 0 0 0 0 0 1 1 0 1 0 0 1 0 1 1 1 0 0 1 1 1 0 1 1 1 1 0 1 1 0 0 0 0 0 1 1 1 1 0 0 0 1 1 1 0 1 1 1 1 0 0 1 1 0 0 0 0 1 1 1 1 1 1 0 0 0 0 0 1 1 1 0 0 1 1 0 1 1 0 0 1 0 0 1 1 0 0 1 1 1 0 0 0 1 1 1 0 0 1 0 1 0 1 0 0 1 1 1 0 1 0 1 0 0 0 0 0 0 1 0 0 1 1 1 0 1 1 0 0 0 1 1 1 1 1 0 0 0 1 1 0 0 0 1 0 
quality : 3148
======================================

========== print chromosome ==========
genes : 1 1 0 1 0 1 1 0 0 0 0 1 1 1 0 0 1 1 0 1 1 0 1 1 1 0 0 1 0 1 1 1 0 1 0 0 0 0 1 0 1 1 0 0 1 1 1 0 1 1 0 1 1 0 0 1 0 1 1 0 0 0 0 0 1 0 1 0 1 1 1 0 0 0 0 0 1 0 0 0 0 1 0 0 1 1 1 1 1 1 0 1 0 1 0 1 0 0 1 0 1 1 0 0 1 1 1 0 0 1 1 0 1 1 1 0 0 0 1 1 1 0 1 1 1 0 1 0 1 1 1 0 1 0 1 1 0 0 0 1 1 1 0 1 1 1 0 1 1 0 0 0 1 0 1 0 0 0 0 0 0 0 1 1 0 1 1 1 0 1 0 0 0 1 0 1 0 0 0 0 0 0 1 0 1 1 1 1 0 0 1 0 1 0 0 0 0 1 1 1 1 1 1 1 1 1 1 0 1 1 1 1 0 0 0 0 1 1 0 1 0 1 0 1 1 0 1 0 0 1 0 0 0 0 1 0 1 0 0 1 0 1 1 0 0 0 1 1 1 1 0 1 0 0 1 1 0 1 1 0 1 0 0 0 1 1 1 1 0 0 0 0 0 0 0 0 0 1 0 0 0 1 0 1 1 1 1 0 0 0 0 1 0 1 1 0 0 0 0 1 1 1 1 0 1 1 1 0 0 1 0 0 0 0 1 1 1 0 1 1 1 0 0 0 0 0 1 0 1 0 0 1 1 0 0 1 1 0 0 0 0 1 1 0 1 1 0 0 1 0 0 1 1 1 1 0 0 1 0 1 1 1 0 1 0 0 1 0 0 1 1 0 0 1 1 1 0 1 1 1 1 0 1 1 0 0 0 0 0 1 0 1 1 0 0 0 1 1 1 0 1 1 1 1 0 0 1 1 0 0 0 0 1 1 1 1 1 1 0 0 0 0 0 1 1 1 0 0 1 1 0 1 1 0 0 1 0 0 1 1 0 1 1 1 1 0 0 0 1 1 1 0 0 1 0 1 0 1 0 0 1 0 1 0 1 0 1 0 0 0 0 0 0 1 0 0 1 1 1 0 1 1 0 0 0 1 1 1 1 1 0 0 0 1 1 0 0 0 1 0 
quality : 3148
======================================

========== print chromosome ==========
genes : 1 1 0 1 0 1 1 0 0 0 0 1 1 1 0 0 1 1 0 1 1 0 1 1 1 0 0 1 0 1 1 1 0 1 0 0 0 0 1 0 1 1 0 0 1 1 1 1 1 1 0 1 1 0 0 1 0 1 1 1 0 0 0 0 1 0 0 0 1 1 1 0 0 0 0 0 1 0 0 0 0 1 0 0 1 1 1 1 1 1 0 1 0 1 0 1 0 0 1 0 1 1 0 0 1 1 1 0 0 1 1 0 1 1 1 0 0 0 1 1 1 0 1 1 1 0 1 0 1 1 1 0 1 0 1 1 0 0 0 1 1 1 0 1 1 1 0 1 1 0 0 0 1 0 0 0 0 0 0 0 0 0 1 1 0 1 1 1 0 1 0 0 0 1 0 0 0 0 0 0 0 0 1 0 1 1 1 1 0 0 1 0 1 0 0 0 0 1 1 1 1 1 1 1 1 1 1 0 1 1 1 1 0 0 0 0 1 1 0 1 0 1 0 1 1 0 1 0 0 1 0 0 0 0 1 0 1 0 0 1 0 1 1 0 0 0 1 1 1 1 0 1 0 0 1 1 0 1 1 0 1 0 0 0 1 1 1 1 0 0 0 0 1 0 0 0 0 1 0 0 0 1 0 1 1 1 1 0 0 0 0 1 0 1 1 1 0 0 0 1 1 1 1 0 1 1 1 0 0 1 0 0 0 0 1 1 1 0 1 1 1 0 0 0 0 0 1 0 1 0 0 1 1 0 0 0 1 0 0 0 0 1 1 0 1 1 0 0 1 0 0 1 1 1 1 0 0 0 0 1 1 1 0 1 0 0 1 0 1 1 1 0 0 1 1 1 0 1 1 1 1 0 1 1 0 0 0 0 0 1 1 1 1 0 0 0 1 1 1 0 1 1 1 1 0 0 1 1 0 0 0 0 1 1 1 1 1 1 0 0 0 0 0 1 1 1 0 0 1 1 0 1 1 0 0 1 0 1 1 1 0 0 1 1 1 0 0 0 1 1 1 0 0 1 0 1 0 1 0 0 1 0 1 0 1 0 1 0 0 0 0 0 0 1 0 0 1 1 1 0 1 1 0 0 0 1 1 1 1 1 0 0 0 1 1 0 0 0 1 0 
quality : 3148
======================================

========== print chromosome ==========
genes : 1 1 0 1 0 1 1 0 0 0 0 1 1 1 0 0 1 1 1 1 1 0 1 1 0 0 0 1 0 1 1 1 0 1 0 0 0 0 1 0 1 1 0 0 1 1 1 1 1 1 0 1 1 0 0 1 0 1 1 0 0 0 0 0 1 1 1 0 1 1 1 0 0 0 0 0 1 0 0 0 0 1 0 0 1 1 1 1 1 1 0 1 0 1 0 1 0 0 1 0 1 1 0 0 1 1 1 0 0 1 1 0 1 1 1 0 0 0 1 1 1 0 1 1 1 0 1 0 1 1 1 0 1 0 1 1 0 0 0 1 1 1 0 1 1 1 0 1 1 0 0 0 1 0 0 0 0 0 0 0 0 0 1 1 0 1 1 1 0 1 0 0 0 1 0 1 0 0 0 0 0 0 1 0 1 1 1 1 0 0 1 0 1 0 0 0 0 1 1 1 1 1 1 1 1 1 1 0 1 1 1 1 0 0 0 0 1 1 0 1 0 1 0 1 1 0 1 0 0 1 0 0 0 0 1 0 1 0 0 1 0 1 1 0 0 0 1 1 1 1 0 1 0 0 1 1 0 1 1 0 1 0 0 0 1 1 1 1 0 0 0 0 1 0 0 0 0 1 0 0 0 1 0 1 1 1 1 0 0 0 0 1 0 1 1 0 0 0 0 1 1 1 1 0 1 1 1 0 0 1 0 0 0 0 1 1 1 0 1 1 1 0 0 0 0 0 1 0 1 0 0 1 1 1 0 1 1 0 0 0 0 1 1 0 1 1 0 0 1 0 0 1 1 1 1 0 0 0 0 1 1 1 0 1 0 0 1 0 1 1 1 0 0 1 1 1 0 1 1 1 1 0 1 1 0 0 0 0 0 1 1 1 1 0 0 0 1 1 1 0 1 1 0 1 0 0 1 1 0 0 0 0 1 1 1 1 1 1 0 0 0 0 0 1 1 1 0 0 1 1 0 1 1 0 0 1 0 0 1 1 0 0 1 1 1 0 0 0 1 1 1 0 0 1 0 1 0 1 0 0 1 0 1 0 1 0 1 0 0 0 0 0 1 1 0 0 1 1 1 0 1 1 0 0 0 1 1 1 1 1 0 0 0 1 1 0 0 0 0 0 
quality : 3148
======================================

========== print final result ==========
Generations evolved: 467155
Best quality: 3148
Mean quality: 3141.933350
Standard deviation: 12.370522
======================================

1 2 4 6 7 12 13 14 17 18 19 20 21 23 24 28 30 31 32 34 39 41 42 45 46 47 48 49 50 52 53 56 58 59 65 66 67 69 70 71 77 82 85 86 87 88 89 90 92 94 96 99 101 102 105 106 107 110 111 113 114 115 119 120 121 123 124 125 127 129 130 131 133 135 136 140 141 142 144 145 146 148 149 153 163 164 166 167 168 170 174 176 183 185 186 187 188 191 193 198 199 200 201 202 203 204 205 206 207 209 210 211 212 217 218 220 222 224 225 227 230 235 237 240 242 243 247 248 249 250 252 255 256 258 259 261 265 266 267 268 273 278 282 284 285 286 287 292 294 295 300 301 302 303 305 306 307 310 315 316 317 319 320 321 327 329 332 333 334 336 337 342 343 345 346 349 352 353 354 355 360 361 362 364 367 369 370 371 374 375 376 378 379 380 381 383 384 390 391 392 393 397 398 399 401 402 404 407 408 413 414 415 416 417 418 424 425 426 429 430 432 433 436 439 440 443 444 445 449 450 451 454 456 458 461 463 465 467 473 474 477 478 479 481 482 486 487 488 489 490 494 495 