========== print final result ==========
Generations evolved: 6958104
Best quality: 341
Mean quality: 340.399994
Standard deviation: 1.602630
======================================

Number of population: 20

========== print chromosome ==========
genes : 1 0 1 0 1 1 0 1 0 1 1 1 0 1 0 1 1 0 0 1 0 1 1 0 0 1 1 0 1 0 1 0 1 1 0 0 1 1 1 0 0 1 0 0 0 0 0 0 0 0 1 0 0 1 0 0 0 1 1 1 0 0 1 1 1 0 0 1 1 1 1 0 1 1 1 0 1 0 1 0 1 0 0 1 0 1 1 1 0 0 1 0 0 1 0 1 0 1 0 0 
quality : 337
======================================

========== print chromosome ==========
genes : 1 0 1 0 1 1 0 1 0 1 1 1 0 1 0 1 1 0 0 1 0 1 1 0 0 1 0 1 1 0 1 0 1 1 0 0 1 1 1 0 0 1 0 0 0 0 0 0 0 0 1 0 0 1 0 0 0 1 1 1 0 0 1 1 1 0 0 1 1 1 1 0 1 0 1 0 1 1 1 0 1 0 0 1 0 1 1 1 0 1 1 0 0 1 1 1 0 1 0 0 
quality : 341
======================================

========== print chromosome ==========
genes : 1 0 1 0 1 1 0 1 0 1 1 1 0 1 0 1 1 0 0 1 0 1 1 1 0 1 1 1 1 0 1 0 1 1 0 0 1 1 1 0 0 1 0 0 0 0 0 0 0 0 1 0 0 1 0 0 0 1 1 1 0 0 1 1 1 0 0 1 1 0 1 0 1 0 1 0 1 0 1 0 1 0 0 1 0 0 1 1 0 1 1 0 0 1 1 0 0 1 0 0 
quality : 339
======================================

========== print chromosome ==========
genes : 1 0 1 0 1 1 0 1 0 1 1 1 0 1 0 1 1 0 0 1 0 1 0 0 0 1 1 1 1 0 1 0 1 1 0 0 1 1 1 0 0 1 0 0 0 0 0 0 0 0 1 0 0 1 0 0 0 1 1 1 0 0 1 1 1 0 0 1 1 1 1 0 1 0 1 1 1 0 1 0 1 0 0 1 1 1 1 1 0 1 1 0 0 1 1 0 0 1 0 0 
quality : 335
======================================

========== print chromosome ==========
genes : 1 0 1 0 1 1 0 1 0 1 1 1 0 1 0 1 1 0 0 1 0 1 0 0 0 1 1 1 1 0 1 0 1 1 0 0 1 1 1 0 0 1 0 0 0 0 0 0 0 0 1 0 0 1 0 0 0 1 1 1 0 0 1 1 1 0 0 1 1 1 1 0 1 0 1 1 1 0 1 0 1 0 0 1 0 1 1 1 0 1 1 0 0 1 1 0 0 1 0 0 
quality : 341
======================================

========== print chromosome ==========
genes : 1 0 1 0 1 1 0 1 0 1 1 1 0 1 0 1 1 0 0 1 0 1 1 0 0 1 1 1 1 0 1 0 1 1 0 0 1 1 1 0 0 1 0 0 0 0 0 0 0 0 1 0 0 1 0 0 0 1 1 1 0 0 1 1 1 0 0 1 1 1 1 0 1 0 1 0 1 0 1 0 1 0 0 1 0 1 1 1 0 0 1 0 0 1 1 0 0 1 0 0 
quality : 341
======================================

========== print chromosome ==========
genes : 1 0 1 0 1 1 0 1 0 1 1 1 0 1 0 1 1 0 0 1 0 1 1 0 0 1 1 1 1 0 1 0 1 1 0 0 1 0 1 0 0 1 0 0 0 0 0 0 0 0 1 0 0 1 0 0 0 1 1 1 0 0 1 1 1 0 0 1 1 1 1 0 1 0 1 0 1 0 1 0 1 0 0 1 0 1 1 1 0 1 1 0 0 1 1 0 1 1 0 0 
quality : 341
======================================

========== print chromosome ==========
genes : 1 0 1 0 1 1 0 1 0 1 1 1 0 1 0 0 1 0 0 1 0 1 1 0 0 1 1 1 1 0 1 0 1 1 0 0 1 1 1 0 0 0 0 0 0 0 0 0 0 0 1 0 0 1 0 0 0 1 1 1 0 0 1 1 1 0 0 1 1 1 1 0 1 0 1 0 1 0 1 0 1 0 0 1 0 1 1 1 0 1 1 0 0 1 1 0 0 1 0 0 
quality : 341
======================================

========== print chromosome ==========
genes : 1 0 1 0 1 1 0 1 0 1 1 1 0 1 1 1 1 0 0 1 0 1 1 0 0 1 1 1 1 0 1 0 1 1 0 0 1 1 1 0 0 1 0 0 0 0 0 0 0 0 1 0 0 1 0 0 0 1 1 1 0 0 1 1 1 0 1 1 1 1 1 1 1 0 1 0 1 0 1 0 1 0 0 1 0 1 1 1 0 1 1 0 0 1 1 0 0 1 0 0 
quality : 341
======================================

========== print chromosome ==========
genes : 1 0 1 0 1 1 0 1 0 1 1 1 0 1 0 1 1 0 0 1 0 1 1 0 0 1 1 1 1 0 1 0 1 1 0 0 1 1 1 0 0 1 0 0 0 0 0 0 0 0 1 0 0 1 0 0 0 1 1 1 0 0 1 1 1 0 0 1 1 1 1 0 1 0 1 0 1 0 1 0 1 0 0 1 0 1 1 1 0 0 1 0 0 1 1 0 0 1 0 0 
quality : 341
======================================

========== print chromosome ==========
genes : 1 0 1 0 1 1 0 1 0 1 1 1 0 1 0 1 1 0 0 1 0 1 1 0 0 1 0 1 1 0 1 0 1 1 0 0 1 1 1 0 0 1 0 0 0 0 0 0 0 0 1 0 0 1 0 0 0 1 1 1 0 0 1 1 1 0 0 1 1 0 1 0 1 0 1 0 1 0 1 0 1 0 0 1 0 0 1 1 0 1 1 0 0 1 1 0 0 1 0 0 
quality : 341
======================================

========== print chromosome ==========
genes : 1 0 1 0 1 1 0 1 0 1 1 1 0 1 0 1 1 0 0 1 0 1 1 0 0 1 1 1 1 0 1 0 1 1 0 0 1 1 1 0 0 1 0 0 0 0 0 0 0 0 1 1 0 1 0 0 0 1 1 1 0 0 1 1 1 0 0 1 1 1 1 0 1 0 1 0 1 0 1 0 1 0 0 1 0 1 1 1 0 1 1 0 0 1 1 0 0 1 0 0 
quality : 341
======================================

========== print chromosome ==========
genes : 1 0 1 1 1 1 0 1 0 1 1 1 0 1 0 1 1 0 0 1 0 1 1 0 0 1 1 1 1 0 0 0 0 1 0 0 1 1 1 0 0 1 0 0 0 0 0 0 0 0 1 0 0 1 0 0 0 1 1 1 0 0 1 1 1 0 0 1 1 1 1 0 0 0 1 0 1 0 1 0 1 0 0 1 0 1 1 1 0 1 1 0 0 1 1 0 0 1 0 0 
quality : 341
======================================

========== print chromosome ==========
genes : 1 0 1 0 1 1 0 1 0 1 1 1 0 1 0 1 1 0 0 1 0 1 1 0 0 1 1 1 1 0 1 0 1 1 0 0 1 1 1 0 0 1 0 0 0 0 0 0 0 0 1 0 0 1 0 0 0 1 1 1 0 0 1 1 1 0 0 1 1 1 1 0 1 0 1 0 1 0 1 0 1 0 0 1 0 1 1 1 0 1 1 0 0 1 0 0 0 1 0 0 
quality : 341
======================================

========== print chromosome ==========
genes : 1 0 1 0 1 1 0 1 0 1 1 1 0 1 0 1 1 0 0 1 0 1 1 0 0 1 1 1 1 0 1 0 1 1 0 0 0 1 1 0 0 1 0 0 1 0 0 0 0 0 0 0 0 1 0 0 0 1 1 1 0 0 1 1 1 0 0 1 1 1 1 0 1 0 1 0 1 0 1 0 1 0 0 1 0 1 1 1 0 1 1 0 0 1 1 0 0 1 0 0 
quality : 341
======================================

========== print chromosome ==========
genes : 1 0 1 0 1 1 0 1 0 0 1 1 0 1 0 1 1 0 0 1 0 1 1 0 0 1 1 1 1 0 1 0 1 1 0 1 1 1 1 0 0 1 0 0 0 0 0 0 0 0 1 0 0 1 0 0 0 1 1 1 0 0 1 1 1 0 0 1 1 1 1 0 1 0 1 0 1 0 1 0 1 0 0 1 0 1 1 1 0 1 1 0 0 1 1 0 0 1 0 0 
quality : 341
======================================

========== print chromosome ==========
genes : 1 0 1 0 1 1 0 1 0 1 1 1 0 1 0 1 1 0 0 1 0 1 1 0 0 1 1 1 1 0 1 0 0 1 0 0 1 1 1 0 0 1 0 0 0 0 0 0 0 0 1 0 0 1 0 0 0 1 1 1 0 0 1 1 1 0 0 1 1 1 1 0 1 0 1 0 1 0 1 0 1 0 0 1 0 1 1 1 0 1 1 0 0 1 1 0 0 0 0 0 
quality : 341
======================================

========== print chromosome ==========
genes : 1 0 1 0 1 1 0 1 0 1 1 1 0 1 0 1 1 0 0 1 0 1 1 1 0 1 1 1 1 0 1 0 1 1 0 0 1 1 1 0 0 1 0 0 0 0 0 0 0 0 1 0 0 1 0 0 0 1 1 1 0 0 1 1 1 0 0 1 1 1 1 0 1 0 1 0 1 0 1 0 1 0 0 1 0 1 1 1 0 1 1 0 0 1 1 0 0 1 0 0 
quality : 341
======================================

========== print chromosome ==========
genes : 1 0 1 0 1 1 0 1 0 1 1 1 0 1 0 1 1 0 0 1 0 1 1 0 0 1 1 1 0 0 1 0 1 1 0 0 1 1 1 0 0 1 0 0 0 0 1 0 0 0 1 0 0 1 0 0 0 1 1 1 0 0 1 1 1 0 0 1 1 1 1 0 1 0 0 0 1 0 1 0 1 0 0 1 1 1 1 1 0 1 1 0 0 1 1 0 0 1 0 0 
quality : 341
======================================

========== print chromosome ==========
genes : 1 0 1 0 1 1 0 1 0 1 1 1 0 1 1 1 1 0 0 1 0 1 1 0 0 1 1 1 1 0 1 0 1 1 0 0 1 1 1 0 0 1 0 0 0 0 0 0 0 0 1 0 0 1 0 0 0 1 1 1 0 0 1 1 1 0 0 1 1 1 1 0 0 0 1 0 1 0 1 0 1 0 0 1 0 1 1 1 0 1 1 0 0 1 1 0 0 1 0 0 
quality : 341
======================================

========== print final result ==========
Generations evolved: 6958104
Best quality: 341
Mean quality: 340.399994
Standard deviation: 1.602630
======================================

1 3 5 6 8 10 11 12 14 15 16 17 20 22 23 26 27 28 29 31 33 34 37 38 39 42 51 54 58 59 60 63 64 65 68 69 70 71 75 77 79 81 84 86 87 88 90 91 94 95 98 