========== print final result ==========
Generations evolved: 476021
Best quality: 4361
Mean quality: 4338.950195
Standard deviation: 37.262188
======================================

Number of population: 20

========== print chromosome ==========
genes : 1 1 0 1 0 0 1 0 1 1 0 1 0 0 1 1 1 0 0 1 0 1 0 0 1 1 0 0 1 1 1 1 1 1 0 0 1 1 1 1 1 0 1 0 0 1 1 1 0 0 1 1 0 0 0 0 0 0 1 0 0 0 1 0 0 0 1 1 0 0 0 0 0 1 1 0 0 0 0 0 1 0 1 1 0 1 1 0 0 1 1 0 0 1 1 1 0 1 1 1 0 0 1 0 1 1 1 0 0 1 1 1 1 0 0 0 0 1 0 0 0 1 0 1 1 1 1 1 1 1 1 0 1 1 1 1 1 0 0 1 1 0 0 0 1 0 1 1 0 1 0 0 1 1 0 0 0 0 1 0 0 0 1 1 1 0 1 0 0 0 0 1 0 0 0 0 0 0 0 1 1 1 1 1 0 1 0 1 0 0 1 0 1 1 0 1 0 1 1 1 0 0 0 0 1 0 0 0 0 1 0 1 0 0 0 1 1 1 1 1 1 0 0 0 1 0 1 1 1 1 1 1 1 1 0 0 1 1 0 1 0 1 1 0 1 1 1 0 0 0 1 1 0 1 1 1 0 0 0 1 1 0 1 0 1 1 0 1 1 0 0 0 0 0 0 1 0 1 0 0 0 1 0 1 0 1 1 0 1 1 1 0 0 1 1 1 0 1 1 1 1 1 0 1 0 1 0 1 0 0 1 0 1 0 0 0 1 1 0 1 1 0 1 0 1 1 1 0 0 1 0 0 0 0 0 0 0 1 0 1 1 1 0 0 1 1 1 0 0 1 1 1 1 0 1 0 1 0 0 0 0 1 1 1 1 1 0 1 0 0 0 1 1 1 0 0 1 0 0 1 0 1 1 1 0 0 0 0 0 1 1 0 1 0 0 0 1 1 0 0 0 0 1 0 1 0 1 1 0 0 1 1 0 0 1 0 1 1 1 1 0 1 1 0 0 0 1 1 1 0 1 0 1 1 0 1 0 0 0 1 0 1 0 1 0 0 1 0 0 1 0 1 1 0 0 0 1 1 1 0 1 1 1 1 1 0 0 0 0 1 1 0 1 0 1 0 0 0 1 1 0 1 0 1 1 0 0 0 0 0 1 0 0 0 1 0 0 1 0 0 
quality : 4261
======================================

========== print chromosome ==========
genes : 1 1 0 1 0 0 1 0 1 1 0 1 1 0 1 1 1 0 0 1 0 1 0 0 1 1 0 0 1 0 1 1 1 1 0 0 1 0 1 1 1 0 1 0 0 1 1 1 0 0 1 1 0 0 0 0 0 0 1 0 0 0 0 0 0 0 0 1 1 0 0 0 0 1 0 0 0 0 0 0 1 0 1 1 0 1 1 0 0 1 1 0 0 1 1 1 0 1 1 1 0 0 1 0 1 1 1 0 0 1 1 1 1 0 0 0 0 1 0 0 0 1 0 1 1 1 1 1 1 1 1 0 1 1 1 1 1 0 0 1 1 0 0 0 1 0 1 1 1 1 0 0 1 1 0 0 0 0 1 0 0 0 1 1 0 0 1 0 0 0 0 1 0 0 0 0 0 0 0 1 1 1 1 1 0 1 0 1 0 0 1 1 1 1 0 1 0 1 1 1 0 0 0 0 1 0 0 1 0 1 0 1 0 0 0 1 1 1 1 1 1 0 1 0 1 0 1 1 1 1 1 1 1 1 0 0 1 1 0 1 0 1 1 0 1 1 1 0 0 0 0 1 0 1 1 1 0 0 0 1 1 0 1 1 1 1 0 1 1 0 0 0 0 0 0 0 0 1 0 0 0 1 1 1 0 1 1 0 1 1 1 0 0 1 1 1 0 1 1 1 1 1 0 1 0 0 0 1 0 0 1 0 1 0 0 0 1 1 1 1 0 0 1 0 1 1 1 0 1 1 0 1 0 0 0 0 1 1 0 1 1 1 0 0 1 1 0 1 0 1 1 0 1 0 1 0 1 0 0 0 1 1 1 1 1 1 0 1 0 1 0 0 1 1 0 0 1 0 0 0 0 1 1 1 0 1 0 0 0 1 1 0 1 0 0 0 1 1 0 0 0 0 1 1 1 0 1 1 0 0 0 1 0 0 1 1 1 1 1 1 0 1 1 0 0 0 1 1 1 0 1 0 1 1 0 1 0 0 0 1 0 1 0 1 0 0 1 0 0 1 0 1 1 0 0 0 1 0 1 0 1 1 1 1 1 0 0 1 0 1 1 0 1 0 1 0 0 1 0 1 0 1 0 1 0 0 0 0 0 0 1 0 0 0 1 0 0 1 0 0 
quality : 4258
======================================

========== print chromosome ==========
genes : 1 1 0 1 0 0 1 1 1 1 0 1 0 0 1 1 1 0 0 1 0 1 0 0 1 1 0 0 1 0 1 1 1 1 0 0 1 1 1 1 1 0 1 0 0 1 0 1 0 0 1 1 0 0 0 0 0 0 1 0 1 0 0 0 0 0 0 1 1 0 0 0 0 1 0 0 0 0 0 0 1 0 1 1 0 1 1 0 0 1 1 0 0 1 1 1 0 1 1 1 0 0 1 0 1 1 1 0 0 1 1 1 1 0 0 0 0 1 0 0 0 1 0 1 1 1 1 1 1 1 1 0 1 1 1 1 1 0 0 1 1 0 0 0 1 0 1 1 0 1 0 0 1 0 0 0 0 0 1 0 0 0 1 1 1 0 1 1 0 0 1 1 0 0 0 0 0 0 0 1 1 1 1 1 0 1 0 1 0 0 1 1 0 1 0 1 0 1 1 1 0 0 0 0 1 0 1 0 0 1 0 1 0 0 0 1 1 1 1 1 1 0 0 0 1 0 1 1 1 1 1 1 1 1 0 0 1 1 0 1 0 1 1 0 1 1 1 0 0 0 0 1 0 1 1 1 0 0 0 1 1 0 1 1 1 1 0 1 1 0 0 0 0 0 0 0 0 1 0 0 0 1 0 1 0 1 1 0 1 1 1 0 0 1 1 1 0 1 1 1 1 1 0 1 0 1 0 1 0 0 1 0 1 0 0 0 1 1 1 1 0 0 1 0 1 1 1 0 1 1 0 1 0 0 0 0 1 1 0 1 1 1 0 0 1 1 0 1 1 1 1 0 1 0 1 0 1 1 0 0 0 1 1 1 1 1 0 1 0 1 0 1 1 1 0 0 1 0 0 0 0 1 1 1 0 1 0 0 0 1 1 0 1 0 0 1 1 1 0 0 0 0 1 1 1 0 1 1 0 0 0 1 0 0 1 1 1 1 1 1 0 1 1 0 0 0 1 1 1 0 1 0 1 1 0 1 0 0 0 1 0 1 1 1 0 0 1 0 0 1 0 1 1 0 0 0 1 0 1 0 1 1 1 1 1 0 0 1 0 1 1 0 1 0 1 0 0 1 1 1 0 0 0 1 0 0 0 0 0 0 1 1 0 0 1 0 0 1 0 0 
quality : 4264
======================================

========== print chromosome ==========
genes : 1 1 0 1 0 0 1 0 1 1 1 1 0 0 0 1 1 0 1 1 0 1 0 0 1 1 0 0 1 0 1 1 1 1 0 0 1 1 0 1 1 0 1 0 0 1 1 1 0 0 1 1 0 0 0 0 0 0 1 0 0 0 0 0 0 0 0 1 1 0 0 0 0 1 0 0 0 0 0 0 1 0 1 1 0 1 1 0 0 1 1 0 0 1 0 1 0 1 1 1 1 0 1 0 1 1 1 0 0 1 1 1 1 0 0 0 0 1 0 0 0 1 1 1 1 1 1 1 1 1 1 0 1 1 0 1 1 0 0 1 1 0 0 0 1 0 1 1 0 1 0 0 1 0 0 0 0 0 1 0 0 0 1 1 1 0 1 0 0 0 0 1 0 0 0 0 0 0 0 1 1 1 1 1 0 1 0 1 0 0 1 1 1 1 0 1 0 1 1 1 0 0 0 0 1 0 0 0 0 1 0 1 0 0 0 1 0 1 1 0 1 0 0 0 1 0 1 1 1 1 1 1 1 1 0 0 1 1 0 1 1 1 1 0 1 1 1 0 0 0 1 1 0 1 1 1 0 0 0 1 1 0 1 1 1 1 0 1 1 1 0 0 0 0 0 1 0 1 0 0 0 1 1 1 0 1 1 0 1 1 1 0 0 1 1 1 0 1 1 1 1 1 0 1 0 1 0 1 0 0 1 0 1 0 0 0 1 0 1 1 1 0 1 0 1 1 1 0 0 1 0 1 0 0 0 0 0 1 0 1 1 1 0 0 1 1 0 0 0 1 1 0 1 0 1 0 0 0 0 0 0 1 1 1 1 1 0 1 0 1 0 1 1 1 0 0 1 0 0 1 0 1 1 1 0 0 0 0 0 1 0 0 1 0 0 0 1 1 0 0 0 0 1 1 1 0 1 1 0 0 1 1 0 0 1 1 0 1 1 1 0 1 1 0 0 0 1 1 1 0 1 0 1 1 0 1 0 0 0 1 1 1 0 1 0 0 1 0 0 0 1 1 0 0 0 0 1 0 1 0 1 1 1 1 1 0 0 1 0 1 1 0 1 0 1 0 0 1 1 1 0 0 0 1 1 0 0 0 0 0 1 0 0 0 0 0 0 0 0 0 
quality : 4285
======================================

========== print chromosome ==========
genes : 1 1 0 1 0 0 1 0 1 1 0 1 0 0 1 1 1 0 0 1 0 1 0 0 1 1 0 0 1 0 1 1 1 1 0 0 1 1 1 1 1 1 1 0 0 1 1 1 0 0 1 1 0 0 0 0 0 0 1 0 0 0 0 0 0 0 0 1 1 0 0 0 0 1 0 0 0 0 0 0 1 0 1 1 0 1 1 0 0 1 1 0 0 1 1 0 0 1 1 1 0 0 1 0 1 1 1 0 0 1 1 1 1 0 0 0 0 1 0 0 0 1 0 1 1 1 1 1 1 1 1 0 1 1 1 1 1 0 0 1 1 0 0 0 1 0 1 1 0 1 0 0 1 1 0 0 0 0 1 0 0 0 0 1 1 0 1 0 0 0 0 1 0 0 0 0 0 0 0 1 1 1 1 1 0 1 0 1 0 0 1 1 1 1 0 1 0 1 1 1 0 0 0 0 1 0 0 0 0 1 0 1 0 0 0 1 1 1 1 1 1 0 0 0 1 0 1 1 1 1 1 1 1 1 0 0 1 1 0 1 0 1 1 0 1 1 1 0 0 0 0 1 0 1 1 1 0 0 0 1 1 0 1 1 1 1 0 1 1 0 0 0 0 0 0 0 0 1 0 0 0 1 0 1 0 1 1 0 1 1 1 0 0 1 1 1 0 1 1 1 1 1 0 1 0 1 0 1 0 0 1 0 1 0 0 0 1 1 1 1 1 0 1 0 1 1 1 0 1 1 0 1 0 0 0 0 0 1 0 1 1 1 0 0 1 1 0 1 0 1 1 0 1 0 1 0 1 0 0 0 0 1 1 1 1 1 0 1 0 1 0 1 1 1 0 0 1 0 0 0 0 1 1 1 0 1 0 0 0 1 1 0 1 0 0 0 1 1 0 0 0 0 1 1 1 0 1 1 0 0 1 1 0 0 1 1 1 1 1 1 0 1 1 0 0 0 1 1 1 0 1 0 1 1 0 1 0 0 0 1 0 1 0 1 0 0 1 0 0 1 0 1 1 0 0 0 1 0 1 0 1 1 1 1 1 0 0 1 0 1 1 0 1 0 1 0 0 1 1 1 0 1 0 1 0 0 0 0 0 0 1 0 0 1 1 0 0 1 0 0 
quality : 4356
======================================

========== print chromosome ==========
genes : 1 1 0 1 0 0 1 0 1 1 0 1 0 0 1 1 1 0 0 1 0 1 0 0 1 1 0 0 1 0 1 1 1 1 0 0 1 1 1 1 1 0 1 0 0 1 1 1 0 0 1 1 0 0 0 0 0 0 1 0 0 0 0 0 0 0 0 1 1 0 0 0 0 1 0 0 0 0 0 0 1 0 1 1 0 1 1 0 0 1 1 0 0 1 1 1 0 1 1 1 0 0 1 0 1 1 1 0 0 1 1 1 1 0 0 0 0 1 0 0 0 1 0 1 1 1 1 1 1 1 1 1 1 1 1 1 1 1 0 1 1 0 0 0 1 0 1 1 0 1 0 0 1 1 0 0 0 0 1 0 0 0 1 1 1 0 1 0 0 0 0 1 0 0 0 0 0 0 0 1 1 1 1 0 0 1 0 1 0 0 1 1 1 1 0 1 0 1 1 1 0 0 0 0 1 0 0 0 0 1 0 1 0 0 0 1 1 1 1 1 1 0 0 0 1 0 1 1 1 1 1 1 1 1 0 0 1 1 0 1 0 1 1 0 1 1 1 0 0 0 0 1 0 1 1 1 0 0 0 1 1 0 1 1 1 1 0 1 1 0 0 0 0 0 0 0 0 1 0 0 0 1 0 1 0 1 1 0 1 1 1 0 0 1 1 1 0 1 1 1 1 1 0 1 0 1 0 1 0 0 1 0 0 0 0 0 1 1 1 1 1 0 1 0 1 1 1 0 1 1 0 1 0 0 0 0 0 1 0 1 1 1 0 0 1 1 0 1 0 1 1 0 1 0 1 0 1 0 0 0 0 1 1 1 1 1 0 1 0 1 0 1 1 1 0 0 1 0 0 0 0 1 1 1 0 1 0 0 0 1 1 0 1 0 0 0 1 1 0 0 0 0 1 1 1 0 1 1 0 0 1 1 0 0 1 1 1 1 1 1 0 1 1 0 0 0 1 1 1 0 1 0 1 1 0 0 0 0 0 1 0 1 0 1 0 0 1 0 0 1 0 0 1 0 0 0 1 0 1 0 1 1 1 1 1 0 0 1 0 1 0 0 1 0 1 0 0 1 1 1 0 1 0 1 0 0 0 0 0 0 1 0 0 0 1 0 0 1 0 0 
quality : 4356
======================================

========== print chromosome ==========
genes : 1 1 0 1 1 1 1 0 1 1 0 1 0 0 1 1 1 0 0 1 1 1 0 0 1 1 0 0 1 0 1 1 1 1 0 0 1 1 1 1 1 0 1 0 0 1 1 1 0 0 1 1 0 0 0 0 0 0 1 0 0 0 0 0 0 0 0 1 1 0 0 0 0 1 0 0 0 0 0 0 1 0 1 1 0 1 1 0 0 1 0 0 0 1 1 1 0 1 1 1 0 0 1 0 1 1 1 0 0 1 1 1 1 0 0 0 0 1 0 1 0 1 0 1 1 1 1 1 1 1 1 0 1 1 1 1 1 0 0 1 1 0 0 0 1 0 1 1 0 1 0 1 1 1 0 0 0 0 1 0 0 0 1 1 1 0 1 0 0 0 0 1 0 0 0 0 0 0 0 1 1 1 1 1 0 1 0 1 0 0 1 1 1 1 0 1 0 1 1 1 0 0 0 0 1 0 0 0 0 1 0 1 0 0 0 1 1 1 1 1 1 0 0 0 1 0 1 1 1 1 1 1 1 1 0 0 1 1 0 1 0 1 1 0 1 1 1 0 0 0 0 1 0 1 1 0 0 0 0 1 1 0 1 1 0 1 0 1 1 0 0 0 0 0 0 0 0 1 0 0 0 1 0 1 0 1 1 0 1 1 1 0 0 1 1 1 0 1 1 1 1 1 0 1 0 1 0 1 0 0 1 0 1 0 0 0 1 1 1 1 1 0 1 0 1 1 1 0 1 1 0 1 0 0 0 0 0 1 0 1 1 1 0 0 1 1 0 1 0 1 1 0 1 0 1 0 1 0 0 0 0 1 1 1 1 1 0 1 0 1 0 1 1 1 0 0 1 0 0 0 0 1 1 1 0 1 0 0 0 1 1 0 1 0 0 0 1 1 0 0 0 0 1 1 1 0 1 1 0 0 1 1 0 0 1 1 1 1 1 1 0 1 1 0 0 0 1 1 1 0 1 0 1 1 0 1 0 1 0 1 0 1 0 1 0 0 1 0 0 1 0 1 1 0 0 0 1 0 1 0 1 1 1 1 1 0 0 1 0 1 1 0 1 0 1 0 0 1 1 1 0 1 0 1 0 0 0 0 0 0 1 0 0 0 1 0 0 1 0 0 
quality : 4356
======================================

========== print chromosome ==========
genes : 1 1 0 1 0 0 1 0 1 1 0 1 1 0 1 1 1 0 0 1 0 1 0 0 1 1 0 0 1 0 1 1 1 1 0 0 1 0 1 1 1 0 1 0 0 1 1 1 0 0 1 1 0 0 0 0 0 0 1 0 0 0 0 0 0 0 0 1 1 0 0 0 0 1 0 0 0 0 0 0 1 0 1 1 0 1 1 0 0 1 1 0 0 1 1 1 0 1 1 1 0 0 1 0 1 1 1 0 0 1 1 1 1 0 0 0 0 1 0 0 0 1 0 1 1 1 1 1 1 1 1 0 1 1 1 1 1 0 0 1 1 0 0 0 1 0 1 1 1 1 0 0 1 1 0 0 0 0 1 0 0 0 1 1 0 0 1 0 0 0 0 1 0 0 0 0 0 0 0 1 1 1 1 1 0 1 0 1 0 0 1 1 1 1 0 1 0 1 1 1 0 0 0 0 1 0 0 0 0 1 0 1 0 1 0 1 1 1 1 1 1 0 1 0 1 0 1 1 1 1 1 1 1 1 0 0 1 1 0 1 0 1 1 0 1 1 1 0 0 0 0 1 0 1 1 1 0 0 0 1 1 0 1 1 1 1 0 1 1 0 0 0 0 0 0 0 0 1 0 0 0 1 0 1 0 1 1 0 1 1 1 0 0 1 1 1 0 1 1 1 1 1 0 1 0 1 0 1 0 0 1 0 1 0 0 0 1 1 1 1 0 0 1 0 1 1 1 0 1 1 0 1 0 0 0 0 1 1 0 1 1 1 0 0 1 1 0 1 0 1 1 0 1 0 1 0 1 0 0 0 0 1 1 1 1 1 0 1 0 1 0 1 1 1 0 0 1 0 0 0 0 1 1 1 0 1 0 0 0 1 1 0 1 0 0 0 1 1 0 0 0 0 1 1 1 0 1 1 0 0 0 1 0 0 1 1 1 1 1 1 0 1 1 0 0 0 1 1 1 0 1 0 1 1 0 1 0 0 0 1 0 1 0 1 0 0 1 0 0 1 0 1 1 0 0 0 1 0 1 0 1 1 1 1 1 0 0 1 0 1 1 0 1 0 1 0 0 1 1 1 0 1 0 1 0 0 0 0 0 0 1 0 0 0 1 0 0 1 0 0 
quality : 4356
======================================

========== print chromosome ==========
genes : 1 1 0 1 0 0 1 0 1 1 0 1 0 0 1 1 1 0 0 1 0 1 0 0 1 0 0 0 1 0 1 1 1 1 0 0 1 1 1 1 1 0 1 0 0 1 1 1 0 0 1 1 0 0 0 0 0 0 1 0 0 0 0 0 0 0 0 1 1 0 0 0 0 1 0 0 0 0 0 0 1 0 1 1 0 1 1 0 0 1 1 0 0 1 1 1 0 1 1 1 0 0 1 0 1 1 1 0 0 1 1 1 1 0 0 0 0 1 0 0 0 1 0 1 1 1 1 1 1 1 1 0 1 1 1 1 1 0 0 1 1 0 0 0 1 0 1 1 0 1 0 0 1 1 0 0 0 0 1 0 0 0 1 1 1 0 1 0 0 0 0 1 0 0 0 0 0 0 0 1 1 1 1 1 0 1 0 1 0 0 1 1 1 1 0 1 0 1 1 1 0 0 0 0 1 0 0 0 0 1 0 1 0 0 0 1 1 1 1 1 1 0 0 0 1 0 0 1 1 1 1 1 1 1 0 0 1 1 0 1 0 1 1 0 1 1 1 0 0 0 0 1 1 1 1 1 0 0 0 1 1 0 1 1 1 1 0 1 1 0 0 0 0 0 0 0 0 1 0 0 0 1 0 1 0 1 1 0 1 1 1 0 0 1 1 1 0 1 1 1 1 1 0 1 0 1 0 1 0 0 1 0 1 0 0 0 1 1 1 1 0 0 1 1 1 1 1 0 1 1 0 1 0 0 0 0 0 1 0 1 1 1 0 0 1 1 1 1 0 1 1 0 1 0 1 0 1 0 0 0 0 1 1 1 1 1 0 1 0 1 0 1 1 1 0 1 1 0 0 0 0 1 1 1 0 1 0 0 0 1 1 0 1 0 0 0 1 1 0 0 0 0 1 1 0 0 1 1 0 0 1 1 0 0 1 1 1 1 1 1 0 1 1 0 0 0 1 1 1 0 1 0 1 1 0 1 0 0 0 1 0 1 0 1 0 0 1 0 0 1 0 1 1 0 0 0 0 0 1 0 1 1 1 1 1 0 0 1 0 1 1 0 1 0 1 0 0 1 1 1 0 1 0 1 0 0 0 0 0 0 1 0 0 0 1 0 0 1 0 0 
quality : 4356
======================================

========== print chromosome ==========
genes : 1 1 0 1 0 0 1 1 1 1 0 1 0 0 1 1 1 0 0 1 0 1 0 0 1 1 0 0 1 0 1 1 1 1 0 0 1 1 1 1 1 0 1 0 0 1 0 1 0 0 1 1 0 0 0 0 0 0 1 0 0 0 0 0 0 0 0 1 1 0 0 0 0 1 0 0 0 0 0 0 1 0 1 1 0 1 1 0 0 1 1 0 0 1 1 1 0 1 1 1 0 0 1 0 1 1 1 0 0 1 1 1 1 0 0 0 0 1 0 0 0 1 0 1 1 1 1 1 1 1 1 0 1 1 1 1 1 0 0 1 1 0 0 0 1 0 1 1 0 1 0 0 1 1 0 0 0 0 1 0 0 0 1 1 1 0 1 1 0 0 1 1 0 0 0 0 0 0 0 1 1 1 1 1 0 1 0 1 0 0 1 1 0 1 0 1 0 1 1 1 0 0 0 0 1 0 1 0 0 1 0 1 0 0 0 1 1 1 1 1 1 0 0 0 1 0 1 1 1 1 1 1 1 1 0 0 1 1 0 1 0 1 1 0 1 1 1 0 0 0 0 1 0 1 1 1 0 0 0 1 1 0 1 1 1 1 0 1 1 0 0 0 0 0 0 0 0 1 0 0 0 1 0 1 0 1 1 0 1 1 1 0 0 1 1 1 0 1 1 1 1 1 0 1 0 1 0 1 0 0 1 0 1 0 0 0 1 1 1 1 1 0 1 0 1 1 1 0 1 1 0 1 0 0 0 0 0 1 0 1 1 1 0 0 1 1 0 1 0 1 1 0 1 0 1 0 1 0 0 0 0 1 1 1 1 1 0 0 0 1 0 1 1 1 0 0 0 0 0 0 0 1 1 1 0 1 0 0 0 1 1 0 1 0 0 0 1 1 0 0 0 0 1 1 1 0 1 1 0 0 1 1 0 0 1 1 1 1 1 1 0 1 1 0 0 0 1 1 1 0 1 0 1 1 0 1 0 0 0 1 0 1 0 1 0 0 1 0 0 1 0 1 1 0 0 0 1 0 1 0 1 1 1 1 1 0 0 1 0 1 1 0 1 0 1 0 0 1 1 1 0 0 0 1 0 0 0 0 0 0 1 0 0 0 1 0 0 1 0 0 
quality : 4356
======================================

========== print chromosome ==========
genes : 1 1 0 1 0 1 1 0 1 1 0 1 0 0 1 1 1 0 0 1 0 1 0 0 1 1 0 0 1 0 1 1 1 1 0 0 1 1 1 1 1 0 1 0 0 1 1 1 0 0 1 1 0 0 0 0 0 0 1 0 0 0 0 0 0 0 0 1 1 0 0 0 0 1 0 0 0 0 0 0 1 0 1 1 0 1 1 0 0 1 1 0 0 1 0 1 0 1 1 1 0 0 1 1 1 1 1 0 0 1 1 1 1 0 0 0 0 1 0 0 0 1 0 0 1 1 1 1 1 1 1 0 1 1 1 1 1 0 0 1 1 0 0 0 1 0 1 1 0 1 0 0 1 1 0 0 0 0 1 0 0 0 1 1 1 0 1 0 0 0 0 1 0 0 0 0 0 0 0 1 1 1 1 1 0 1 0 1 0 0 1 1 1 1 0 1 0 1 1 1 0 0 0 0 1 0 0 0 0 1 0 1 0 0 0 1 1 1 1 1 1 0 0 0 1 0 1 1 1 1 1 1 1 1 0 0 1 1 0 1 0 1 1 0 1 0 1 0 0 0 0 1 0 1 1 1 0 0 0 1 1 0 1 1 0 1 0 1 1 0 0 0 0 0 0 0 0 1 0 0 0 1 0 1 0 1 1 0 1 1 1 0 0 1 1 1 0 1 1 1 1 1 0 1 0 1 0 1 0 0 1 0 1 0 0 0 1 1 1 1 1 0 1 1 1 1 1 0 1 1 0 1 0 0 0 0 0 1 0 1 1 1 0 0 1 1 0 1 0 1 1 0 0 0 1 0 1 0 0 0 0 1 1 1 1 1 0 1 0 1 0 1 1 1 0 0 1 0 0 0 0 1 1 1 0 1 0 0 0 1 1 0 1 0 0 0 1 1 0 0 0 0 1 1 1 0 1 1 0 0 1 1 0 0 1 1 1 1 1 1 0 1 1 0 0 0 1 1 1 0 1 0 1 1 0 1 0 0 0 1 0 1 0 1 0 0 1 0 0 1 0 1 1 0 0 0 1 0 1 0 1 1 1 1 1 0 0 1 0 1 1 0 1 0 1 0 0 1 1 1 0 1 0 1 0 0 0 0 0 0 1 0 0 0 1 0 0 1 0 0 
quality : 4356
======================================

========== print chromosome ==========
genes : 1 1 0 1 0 0 1 0 1 1 0 1 0 0 1 1 1 0 0 1 0 1 0 0 1 0 0 0 1 0 1 1 1 1 0 0 1 1 1 1 1 0 1 0 0 1 1 1 0 0 1 1 0 0 0 0 0 0 1 0 0 0 0 0 0 0 0 1 1 0 0 0 0 1 0 0 0 0 0 0 1 0 1 1 0 1 1 0 0 1 1 0 0 1 1 1 0 1 1 1 0 0 1 0 1 1 1 0 0 1 1 1 1 0 0 0 0 1 0 0 0 1 0 1 1 1 1 1 1 1 1 0 1 1 1 1 1 0 0 1 1 0 0 0 1 0 1 1 0 1 0 0 1 1 0 0 0 0 1 0 0 0 1 1 1 0 1 0 0 0 0 1 0 0 0 0 0 0 0 1 1 1 1 1 0 1 1 1 0 0 1 1 1 1 0 1 0 1 1 1 0 0 0 0 1 0 0 0 0 1 0 1 0 0 0 1 1 1 1 1 1 0 0 0 1 0 1 1 1 1 1 1 1 1 0 0 1 1 0 1 0 1 1 0 0 1 1 0 0 0 0 1 0 1 1 1 0 0 0 1 1 0 1 1 1 1 0 1 1 0 1 0 0 0 0 0 0 1 0 0 0 1 0 1 0 1 1 0 1 1 1 0 0 1 1 1 0 1 1 1 1 1 0 1 0 1 0 1 0 0 1 0 1 0 0 0 1 1 1 1 0 0 1 0 1 1 1 0 1 1 0 1 0 0 0 0 0 1 0 1 1 1 0 0 1 1 0 1 0 1 1 0 1 0 1 0 1 0 0 0 0 1 1 1 1 1 0 1 0 1 0 1 1 1 0 0 1 0 0 0 0 1 1 1 0 1 0 0 0 1 1 0 1 0 0 0 1 1 0 0 0 0 1 1 1 0 1 1 0 0 1 1 0 0 1 1 1 1 1 1 0 1 1 0 0 0 1 1 1 0 1 0 1 1 0 1 0 0 0 1 0 1 0 1 0 0 1 0 0 1 0 1 1 0 0 0 1 0 1 0 1 1 1 1 1 0 0 1 0 1 1 0 1 0 1 0 0 1 1 1 0 1 0 1 0 0 0 0 0 0 1 0 0 0 1 0 0 1 0 0 
quality : 4356
======================================

========== print chromosome ==========
genes : 1 1 0 1 0 0 1 0 1 1 0 1 0 0 1 1 0 0 0 1 0 1 0 0 1 1 0 0 1 0 1 1 1 1 0 0 1 1 1 1 1 0 1 0 0 1 1 1 0 0 1 1 0 0 0 0 0 0 1 0 0 1 0 0 0 0 0 1 1 0 0 0 0 1 0 0 0 0 0 0 1 0 1 1 0 1 1 0 0 1 1 0 0 1 1 1 0 1 1 1 0 0 1 0 1 1 1 0 0 1 1 1 1 0 0 0 0 1 0 0 0 1 0 1 1 1 1 1 0 1 1 0 1 1 1 1 1 0 0 1 1 0 0 0 1 0 1 1 0 1 0 0 1 1 0 0 0 0 1 0 0 0 1 1 1 0 1 0 0 0 0 1 0 0 0 0 0 0 0 1 1 1 1 1 0 1 0 1 0 0 1 1 1 1 0 1 0 1 1 1 0 0 0 0 1 0 0 0 0 1 0 1 0 0 0 1 1 1 1 1 1 0 0 0 1 0 1 1 1 1 1 1 1 1 0 0 1 1 0 1 0 1 1 0 1 1 1 1 0 1 0 1 0 1 1 1 0 0 0 1 1 0 1 1 1 1 0 1 1 0 0 0 0 0 0 0 0 1 0 0 0 1 0 1 0 1 1 0 1 1 1 0 0 1 1 1 0 1 1 1 1 1 0 1 0 1 0 1 0 0 1 0 1 0 0 0 1 1 1 1 1 0 1 0 1 1 1 0 1 1 0 1 0 0 0 0 0 1 0 1 1 1 0 0 1 1 0 1 0 1 1 0 1 0 1 0 1 0 0 0 0 1 1 1 1 1 0 1 0 1 0 1 1 1 0 0 1 0 0 0 0 0 1 1 0 1 0 0 0 1 1 0 1 0 0 0 1 1 0 0 0 0 1 1 1 0 1 1 0 0 1 1 0 0 1 1 1 1 1 1 0 1 1 0 0 0 1 1 1 0 1 0 1 1 0 1 0 0 0 1 0 1 0 1 0 0 1 0 0 1 0 1 1 0 0 0 1 0 1 0 1 1 1 1 1 0 0 1 0 1 1 0 0 0 1 0 0 1 1 1 0 1 0 1 0 0 0 0 0 0 1 0 0 0 1 0 0 1 0 0 
quality : 4356
======================================

========== print chromosome ==========
genes : 1 1 0 1 0 0 1 0 1 1 0 1 0 0 1 1 1 0 0 1 0 1 0 0 1 1 0 0 1 1 1 1 1 1 0 0 1 1 1 1 1 0 1 0 0 1 1 1 0 0 1 1 0 0 0 0 0 0 1 0 0 0 0 0 0 0 0 1 0 0 0 0 0 1 1 0 0 0 0 0 1 0 1 1 0 1 1 0 0 1 1 0 0 1 1 1 0 1 1 1 0 0 1 0 1 1 1 0 0 1 1 1 1 0 0 0 0 1 0 0 0 1 0 1 1 1 1 1 1 1 1 0 1 1 1 1 1 0 0 1 1 0 0 0 1 0 1 1 0 1 0 0 1 1 0 0 0 0 1 0 0 0 1 1 1 0 1 0 0 0 0 1 0 0 0 0 0 0 0 1 1 1 1 1 0 1 0 1 0 0 1 0 1 1 0 1 0 1 1 1 0 0 0 0 1 0 0 0 0 1 0 1 0 0 0 1 1 1 1 1 1 0 0 0 1 0 1 1 1 1 1 1 1 1 0 0 1 1 0 1 0 1 1 0 1 1 1 0 0 0 0 1 0 1 1 1 0 0 0 1 1 0 1 1 1 1 0 1 1 0 0 0 0 0 0 0 0 1 0 0 0 1 0 1 0 1 1 0 1 1 1 0 0 1 1 1 0 1 1 1 1 1 0 1 0 1 0 1 0 0 1 0 1 0 0 0 1 1 1 1 1 0 1 0 1 1 1 0 0 1 0 1 0 0 0 0 0 1 0 1 1 1 0 0 1 1 0 1 0 1 1 0 1 0 1 0 1 0 0 0 0 1 1 1 1 1 0 1 0 1 0 1 1 1 0 0 1 0 0 0 0 1 1 1 0 1 0 0 0 0 1 0 1 0 0 0 1 1 0 0 0 0 1 1 1 0 1 1 0 0 1 1 0 0 1 1 1 1 1 1 0 1 1 0 0 0 1 1 1 0 1 0 1 1 0 1 0 0 0 1 0 1 0 1 0 0 1 0 0 1 0 1 1 0 0 0 1 0 1 0 1 1 1 1 1 0 0 1 0 1 1 0 1 0 1 0 0 0 1 1 0 1 0 1 1 0 0 0 0 0 1 0 0 0 1 0 0 1 0 0 
quality : 4356
======================================

========== print chromosome ==========
genes : 1 1 0 1 0 0 0 0 1 1 1 1 0 0 0 1 1 0 1 1 0 1 0 0 1 1 0 0 1 0 1 1 1 1 0 0 1 1 0 1 1 0 1 0 0 0 1 1 0 0 1 1 0 0 0 0 0 0 1 0 0 0 0 0 0 0 0 1 1 0 0 0 0 1 0 0 0 0 0 0 1 0 1 1 0 1 1 0 0 1 1 0 0 1 1 1 0 1 1 1 0 0 1 0 1 1 1 0 0 1 1 1 1 0 0 0 0 1 0 0 0 1 0 1 1 1 1 1 1 1 1 0 1 1 1 1 1 0 0 1 1 0 0 0 1 0 1 1 0 1 0 0 1 1 0 0 0 0 1 0 0 0 1 1 1 0 1 0 0 0 0 1 0 0 0 0 0 0 0 1 1 1 1 1 0 1 0 1 0 0 1 1 1 1 0 1 0 1 1 1 0 0 0 0 1 0 0 0 0 1 0 1 0 0 0 1 1 1 1 0 1 0 0 0 1 0 1 1 1 1 1 1 1 1 0 0 1 1 0 1 1 1 1 0 1 1 1 0 0 0 1 1 0 1 1 1 0 0 0 1 1 0 1 1 1 1 0 1 1 0 0 0 0 0 0 1 0 1 0 0 0 1 0 1 0 1 1 0 1 1 1 0 0 1 1 1 0 1 1 1 1 1 0 1 0 1 0 1 0 0 1 0 1 0 0 0 1 0 1 1 1 0 1 0 1 1 1 0 0 1 0 1 0 0 0 0 0 1 0 1 1 1 0 0 1 1 0 1 0 1 1 0 1 0 1 0 0 0 0 0 0 1 1 1 1 1 0 1 0 1 0 1 1 1 0 0 1 0 0 1 0 1 1 1 0 0 0 0 0 1 0 0 1 0 0 0 1 1 0 0 0 0 1 1 1 0 1 1 0 0 1 1 0 0 1 1 1 1 1 1 0 1 1 0 0 0 1 1 1 0 1 0 1 1 0 1 0 0 0 1 0 1 0 1 0 0 1 0 0 0 1 1 1 0 0 0 1 0 1 0 1 1 1 1 1 0 0 1 0 1 1 0 1 0 1 0 0 1 1 1 0 0 0 1 1 0 0 0 0 0 1 0 0 0 0 0 0 0 0 0 
quality : 4356
======================================

========== print chromosome ==========
genes : 1 1 0 1 0 0 1 0 1 1 0 1 0 0 1 1 0 0 0 1 0 1 0 0 1 1 0 0 1 0 1 1 1 1 0 0 1 1 1 1 1 0 1 0 0 1 1 1 0 0 1 1 0 0 0 0 0 0 1 0 0 1 0 0 0 0 0 0 1 0 0 0 0 1 0 0 0 0 0 0 1 0 1 1 0 1 1 0 0 1 1 0 0 1 1 1 0 1 1 1 0 0 1 0 1 1 1 0 1 1 1 1 1 0 0 0 0 1 0 0 0 1 0 1 1 1 1 1 0 1 1 0 0 1 1 1 1 0 0 1 1 0 0 0 1 0 1 1 0 1 0 0 1 1 0 0 1 0 1 0 0 0 1 1 1 0 1 0 0 0 0 1 0 0 0 0 0 0 0 1 1 1 0 1 0 1 0 1 0 0 1 1 1 1 0 1 0 1 1 1 0 0 0 0 1 0 0 0 0 1 0 1 0 0 0 1 1 1 1 1 1 0 0 0 1 0 1 1 1 1 1 1 1 1 0 0 1 1 0 1 0 1 1 0 1 1 1 0 0 0 0 1 0 1 1 1 0 0 0 1 1 0 1 1 1 1 0 1 1 0 0 0 0 0 0 0 0 1 0 0 0 1 0 1 0 0 1 0 1 1 1 0 0 1 1 1 0 1 1 1 1 1 0 1 0 1 0 1 0 0 1 0 1 0 0 0 1 1 1 1 1 0 1 0 1 1 1 0 0 1 0 1 0 0 0 0 0 1 0 1 1 1 0 0 1 1 0 1 0 1 1 0 1 0 1 0 1 0 0 0 0 1 1 1 1 1 1 1 0 1 0 1 1 1 0 0 1 0 0 1 0 1 1 1 0 0 0 0 0 0 1 0 1 0 0 0 1 1 0 0 0 0 1 1 1 0 1 1 0 0 1 1 0 0 1 1 1 1 1 1 0 1 1 0 0 0 1 1 1 0 1 0 1 1 1 1 0 0 0 1 0 1 0 1 1 0 1 0 0 1 0 1 1 0 0 0 1 0 1 0 1 1 1 1 1 0 0 1 0 1 1 0 0 0 1 0 0 1 1 1 0 1 0 1 0 0 0 0 0 0 1 0 0 0 1 0 0 1 0 0 
quality : 4357
======================================

========== print chromosome ==========
genes : 0 1 0 1 0 0 1 0 1 1 0 1 0 0 1 1 0 0 0 1 0 1 0 0 1 1 0 0 1 0 1 1 1 1 0 0 1 1 1 1 1 0 1 0 0 1 1 1 0 0 1 1 0 0 0 0 0 0 1 0 0 1 0 0 0 0 0 1 1 0 0 0 0 1 0 0 0 0 0 0 1 0 1 1 0 1 0 0 0 1 1 0 0 1 1 1 0 1 1 1 0 0 1 0 1 1 1 0 0 1 1 1 1 0 0 0 0 1 0 0 0 1 0 1 1 1 1 1 0 1 1 0 1 1 1 1 1 0 0 1 1 0 0 0 1 0 1 1 0 1 0 0 1 1 0 0 0 0 1 0 0 0 1 1 1 0 1 0 0 0 0 1 0 0 0 0 0 0 0 1 1 1 1 1 0 1 0 1 0 0 1 1 1 1 0 1 0 1 1 1 0 0 0 0 1 0 0 0 0 1 0 1 0 0 0 1 1 1 1 1 1 0 0 0 1 0 1 1 1 1 1 1 1 1 0 0 1 1 0 1 0 1 1 0 1 1 1 0 0 0 0 1 0 1 1 1 0 0 0 1 1 0 1 1 1 1 0 0 0 0 0 0 0 0 0 0 0 1 1 0 0 1 0 1 0 1 1 0 1 1 1 0 0 1 1 1 0 1 1 1 1 1 0 1 0 1 0 1 0 0 1 0 1 0 0 0 1 1 1 1 1 0 1 0 1 1 1 0 0 1 0 1 0 0 0 0 0 1 0 1 1 1 0 0 1 1 0 1 0 1 1 0 1 0 1 0 1 0 0 0 0 1 1 1 1 0 0 1 0 1 0 1 1 1 0 0 1 0 0 1 0 1 1 1 0 0 0 0 0 1 1 0 1 0 0 0 1 1 0 0 0 0 1 1 1 0 1 1 0 0 1 1 0 0 1 1 1 1 1 1 0 1 1 0 0 0 1 1 1 0 1 0 1 1 0 1 0 0 0 1 0 1 0 1 0 0 1 0 0 1 0 1 1 0 0 1 1 0 1 0 1 1 1 1 1 0 0 1 0 1 1 0 0 0 1 0 0 1 1 1 0 1 0 1 0 0 0 0 0 1 0 0 1 0 1 0 0 1 0 0 
quality : 4357
======================================

========== print chromosome ==========
genes : 1 1 0 1 0 0 1 0 1 1 1 1 0 0 0 1 0 0 0 1 0 1 0 0 1 1 0 0 0 0 1 1 1 1 0 0 1 1 1 1 1 0 1 0 0 1 1 1 0 0 1 1 0 0 0 0 0 0 1 0 0 0 1 0 0 0 0 1 1 1 0 0 0 1 0 0 0 0 0 0 1 0 0 1 0 1 1 0 0 1 1 0 0 1 1 1 0 1 1 1 0 0 1 0 1 1 1 0 0 1 1 1 1 0 0 1 0 0 0 0 0 1 0 1 1 0 0 1 1 1 1 0 1 1 1 1 1 0 0 1 1 0 0 0 1 0 1 1 0 1 0 0 1 1 0 0 0 0 1 0 0 0 1 0 0 1 1 0 0 0 0 1 0 0 0 0 0 0 0 1 1 1 1 1 0 1 0 1 0 0 1 1 1 1 0 1 0 1 1 1 0 0 0 0 1 0 0 0 0 1 0 1 1 0 0 1 1 1 1 1 1 0 0 0 1 0 1 1 1 1 1 1 1 1 0 0 1 1 0 1 0 1 1 0 1 1 1 0 0 0 1 1 0 1 1 1 0 0 0 1 1 0 1 1 1 1 0 1 1 0 0 0 0 0 0 1 0 1 0 0 0 1 0 1 0 1 1 0 1 1 1 0 0 1 1 1 0 1 1 1 1 1 0 1 0 1 0 1 0 1 1 0 1 0 0 0 1 1 1 1 1 0 1 0 1 1 1 0 0 1 0 1 0 0 0 0 0 0 0 1 1 1 0 0 1 1 0 1 0 1 1 0 1 0 1 0 1 0 0 0 0 1 1 1 1 1 0 1 0 1 0 1 0 1 0 0 1 0 0 1 0 1 1 1 0 0 0 0 0 1 1 0 1 0 0 0 1 1 0 0 0 0 1 1 1 0 1 1 0 0 1 1 0 0 1 1 1 1 1 1 0 1 1 0 0 0 1 1 1 0 1 0 1 1 0 1 1 0 0 0 0 1 0 1 0 0 1 0 0 1 0 1 1 0 0 0 1 0 1 0 1 1 1 1 1 0 0 1 0 1 1 0 1 0 1 0 0 1 1 1 0 1 0 1 0 0 0 0 0 0 1 0 0 0 1 0 0 1 0 0 
quality : 4359
======================================

========== print chromosome ==========
genes : 1 1 0 1 0 0 1 0 1 1 0 1 0 0 1 0 1 0 0 1 0 1 0 0 1 0 0 0 1 0 1 1 1 1 0 0 1 1 1 1 1 0 1 0 0 1 1 1 0 0 1 1 0 0 0 0 0 0 1 0 0 0 0 0 0 0 0 0 1 0 0 0 0 1 1 0 0 0 0 0 1 0 1 1 0 1 1 0 0 1 1 0 0 1 1 1 0 1 1 1 0 0 1 0 1 1 1 0 0 1 1 1 1 0 0 0 0 1 0 0 0 1 0 1 1 1 1 1 1 1 1 0 1 1 1 1 1 0 0 1 1 0 0 0 1 0 1 1 0 1 0 0 1 1 0 0 1 0 1 0 0 0 1 1 1 0 1 0 0 0 0 1 0 0 0 0 0 0 0 1 1 1 1 1 0 1 1 1 0 0 1 1 1 1 0 1 0 1 1 1 0 0 0 0 1 0 0 0 0 1 0 1 0 0 0 1 1 1 1 1 1 0 0 0 1 0 1 1 1 1 1 1 1 1 0 0 1 1 0 1 0 1 1 0 1 1 1 0 0 0 0 1 0 1 1 1 0 0 0 1 1 0 1 1 1 1 0 1 1 0 0 0 0 0 0 0 0 1 0 0 0 1 0 1 0 1 1 0 1 1 1 0 0 1 1 1 0 1 1 1 1 1 0 1 0 1 0 1 0 0 1 0 1 0 0 0 1 1 1 1 1 0 1 0 1 1 1 0 0 1 0 1 0 0 0 0 0 0 0 1 1 1 0 0 1 1 0 1 0 1 1 0 1 0 1 0 1 0 0 0 0 1 1 1 1 1 0 1 0 1 0 1 1 1 0 0 1 0 0 1 0 1 1 0 0 0 0 0 0 1 1 0 1 0 0 0 1 1 0 0 0 0 1 1 1 0 1 1 1 0 1 1 0 0 1 1 1 1 1 1 0 1 1 1 0 0 1 1 1 0 1 0 1 1 0 1 0 0 0 1 0 1 0 1 0 0 1 0 0 1 0 1 1 0 0 0 1 0 1 0 1 1 1 1 1 0 0 1 0 1 1 0 1 0 1 0 0 1 1 1 0 1 0 1 0 0 0 0 0 0 1 0 0 0 1 0 0 1 0 0 
quality : 4361
======================================

========== print chromosome ==========
genes : 1 1 0 1 0 0 1 0 1 1 1 1 0 0 1 0 1 0 0 1 0 1 0 0 0 1 0 0 1 0 1 1 1 1 0 0 1 1 1 1 1 0 1 0 0 1 1 1 0 0 1 1 0 0 0 0 0 0 1 0 0 0 0 0 0 0 0 1 1 1 0 0 0 1 0 0 0 0 0 0 1 0 1 1 0 1 1 0 0 1 1 0 0 1 1 1 0 1 1 1 0 0 1 0 1 1 1 0 0 1 1 1 1 0 0 0 0 1 0 0 0 1 0 1 1 1 0 1 1 1 1 0 1 1 1 1 1 0 0 1 1 0 0 0 1 0 1 1 0 1 0 0 1 1 0 0 0 0 0 0 1 0 1 0 1 0 1 0 0 0 0 1 0 0 0 0 0 0 0 1 1 1 1 1 0 1 0 1 0 0 1 1 1 1 1 1 0 1 1 1 0 0 0 0 1 0 0 0 0 1 0 1 0 0 0 1 0 1 1 1 1 0 0 0 0 0 1 1 1 1 1 1 1 1 0 0 1 1 0 1 0 1 1 0 1 1 1 0 0 0 1 1 0 1 1 1 0 0 0 1 1 0 1 0 1 1 0 1 1 0 0 0 0 0 0 1 0 1 0 0 0 1 0 1 0 1 1 0 1 1 1 0 0 1 1 1 0 1 1 1 1 1 0 1 0 1 1 1 0 0 1 0 1 0 0 0 1 1 1 1 1 0 1 0 1 1 1 0 0 1 0 1 0 0 0 0 0 1 0 1 1 1 0 0 1 1 0 1 0 1 1 1 1 0 1 0 1 0 0 0 0 1 1 1 1 1 0 1 0 1 0 1 1 1 0 0 1 0 0 1 0 1 1 1 0 0 0 0 0 1 1 0 1 0 0 0 1 1 0 0 0 0 1 1 1 0 1 1 0 0 1 1 0 0 1 1 1 1 1 1 0 1 1 0 0 0 1 1 1 0 1 0 1 1 0 1 0 0 0 1 0 1 0 1 0 0 1 0 0 1 0 1 1 0 0 0 1 0 1 0 1 1 1 1 1 0 0 1 0 1 1 0 1 0 1 0 0 1 1 1 0 0 0 1 1 0 0 0 1 0 1 0 0 0 0 0 0 1 0 0 
quality : 4361
======================================

========== print final result ==========
Generations evolved: 476021
Best quality: 4361
Mean quality: 4338.950195
Standard deviation: 37.262188
======================================

1 2 4 7 9 10 11 12 15 17 20 22 26 29 31 32 33 34 37 38 39 40 41 43 46 47 48 51 52 59 68 69 70 74 81 83 84 86 87 90 91 94 95 96 98 99 100 103 105 106 107 110 111 112 113 118 122 124 125 126 128 129 130 131 133 134 135 136 137 140 141 145 147 148 150 153 154 161 163 165 167 172 180 181 182 183 184 186 188 191 192 193 194 195 196 198 199 200 205 210 212 216 218 219 220 221 227 228 229 230 231 232 233 234 237 238 240 242 243 245 246 247 251 252 254 255 256 260 261 263 265 266 268 269 276 278 282 284 286 287 289 290 291 294 295 296 298 299 300 301 302 304 306 307 308 311 313 317 318 319 320 321 323 325 326 327 330 332 338 340 341 342 345 346 348 350 351 352 353 355 357 362 363 364 365 366 368 370 372 373 374 377 380 382 383 384 390 391 393 397 398 403 404 405 407 408 411 412 415 416 417 418 419 420 422 423 427 428 429 431 433 434 436 440 442 444 447 450 452 453 457 459 461 462 463 464 465 468 470 471 473 475 478 479 480 484 485 489 491 498 