========== print final result ==========
Generations evolved: 502563
Best quality: 3115
Mean quality: 3105.850098
Standard deviation: 16.787449
======================================

Number of population: 20

========== print chromosome ==========
genes : 0 0 1 1 0 0 0 0 1 0 0 1 0 0 0 0 0 0 0 1 1 1 1 0 1 1 0 0 0 0 0 0 0 1 0 0 1 1 0 1 1 0 0 1 1 0 0 0 0 0 1 0 0 1 1 0 1 0 0 0 0 0 0 1 0 0 0 1 0 1 1 1 1 1 1 0 0 0 1 1 0 1 1 0 0 0 0 1 0 1 1 0 0 0 1 1 1 0 0 1 1 0 0 1 0 1 0 0 1 0 1 1 0 0 1 1 1 0 0 0 1 1 0 0 0 1 0 1 0 0 1 0 1 1 1 0 0 1 1 0 1 1 0 0 0 1 1 1 0 1 0 0 0 0 1 1 0 1 0 1 1 1 0 0 1 1 0 0 1 0 1 1 0 0 1 1 0 1 1 1 0 1 1 1 0 0 1 0 0 0 0 1 0 0 1 1 1 0 0 1 1 0 0 1 0 0 1 1 0 0 0 1 1 0 0 1 0 0 0 1 1 1 1 0 0 1 1 0 0 0 0 0 1 1 0 1 1 0 1 0 0 0 0 1 0 1 0 0 0 1 1 1 1 0 0 0 1 0 1 1 0 0 1 1 1 0 0 1 0 0 1 0 1 0 0 0 1 1 1 1 0 0 1 0 1 1 1 1 0 1 1 0 1 1 1 1 0 0 0 1 0 1 1 0 0 0 1 1 1 0 1 1 0 0 0 0 0 1 1 1 1 1 1 0 0 1 0 1 0 1 1 1 0 1 1 1 1 0 0 1 1 0 0 1 0 1 1 1 1 1 1 1 0 1 0 1 1 1 0 1 0 1 1 0 1 1 0 1 1 0 1 1 1 0 0 1 1 1 1 1 1 1 0 1 1 0 0 0 1 0 1 0 1 1 1 1 0 0 0 1 0 0 0 0 0 0 0 0 1 1 1 0 1 0 1 0 1 0 1 0 0 0 1 0 0 0 1 1 0 0 1 1 1 1 1 1 1 1 0 0 0 1 0 0 1 0 1 1 0 1 1 1 0 0 0 0 0 0 1 1 1 0 0 1 1 1 0 1 1 0 1 1 1 0 0 0 0 0 0 0 0 1 1 1 1 1 0 0 0 0 1 1 1 0 1 1 0 0 1 1 
quality : 3057
======================================

========== print chromosome ==========
genes : 0 0 1 0 0 0 0 0 0 0 0 1 0 0 0 0 0 0 0 1 1 1 1 0 1 1 0 0 0 0 0 0 0 1 0 0 1 1 0 1 1 0 1 1 0 0 0 1 1 1 1 0 0 1 1 0 1 0 0 0 0 0 1 1 0 0 0 1 0 1 0 1 1 1 1 0 0 0 1 1 0 1 1 0 0 0 0 1 0 1 1 0 0 0 1 1 1 0 0 1 1 1 0 1 0 0 0 0 1 0 0 1 0 0 1 1 1 0 0 0 1 1 0 0 0 0 0 1 0 0 1 0 1 1 1 0 0 1 1 0 0 1 0 0 0 1 1 1 0 1 1 0 0 0 1 1 0 1 0 1 1 1 0 0 1 1 0 0 1 0 1 1 0 0 1 1 0 1 1 1 0 1 1 0 0 0 1 0 0 0 0 0 0 0 1 0 1 0 0 1 1 0 0 1 0 0 1 1 0 0 0 1 1 0 0 1 0 0 0 1 1 1 1 1 0 1 1 0 0 0 0 0 1 1 0 1 1 0 1 0 0 0 0 1 0 1 0 0 0 1 1 1 1 0 0 0 1 0 1 1 0 0 1 0 1 0 0 1 0 1 0 0 1 0 0 0 1 1 1 1 0 0 1 0 1 1 1 1 0 1 1 0 1 0 1 1 0 1 1 0 0 1 1 0 0 0 1 1 1 0 1 1 0 0 0 0 0 1 1 1 1 1 1 0 0 0 0 1 0 1 1 1 0 1 1 1 1 0 0 1 1 0 1 1 0 1 1 1 1 1 1 1 1 1 0 1 1 1 0 1 1 1 1 0 1 1 0 1 1 0 1 1 1 0 0 1 0 1 1 1 1 1 0 1 1 0 0 1 0 1 1 0 1 1 1 1 1 0 0 1 0 1 0 0 0 0 0 0 1 1 0 0 1 0 1 0 0 0 1 0 0 0 1 0 0 0 1 1 0 0 1 1 1 1 1 1 1 1 0 0 0 1 0 0 1 0 1 1 0 1 1 1 0 0 0 0 0 0 1 1 0 0 0 1 1 1 0 1 1 0 0 1 1 0 0 0 0 0 0 0 0 1 1 0 1 1 0 0 0 0 1 1 1 0 1 1 0 0 1 1 
quality : 3087
======================================

========== print chromosome ==========
genes : 1 0 1 0 0 0 0 0 0 0 0 1 0 0 1 0 0 0 0 1 1 1 1 0 1 1 0 0 0 0 0 0 0 0 0 0 1 1 0 1 1 0 1 1 0 0 0 1 0 0 1 0 0 1 1 0 1 0 0 0 0 0 1 1 0 0 0 1 0 1 0 1 1 1 1 0 0 0 1 1 0 1 1 0 0 0 0 0 0 1 1 1 0 0 1 1 1 0 0 1 1 1 0 1 0 1 0 0 1 0 0 1 0 0 0 1 1 0 0 0 1 1 0 0 0 1 0 1 0 0 1 0 1 1 1 0 0 1 1 0 1 1 0 0 0 1 1 1 0 1 1 0 0 0 1 1 0 1 0 1 1 1 0 0 1 1 0 0 0 0 1 1 0 0 1 1 0 1 1 1 0 1 1 1 0 0 1 0 1 0 0 0 0 0 1 0 1 0 0 1 1 0 0 1 0 0 1 1 0 0 0 1 1 0 0 1 0 0 0 1 1 1 1 0 0 1 1 0 0 0 0 1 1 1 0 1 1 0 1 0 0 0 0 1 0 1 1 0 0 1 1 1 1 0 0 0 1 0 1 1 0 0 1 1 1 0 0 1 0 1 0 0 1 0 1 0 1 1 1 1 0 0 1 0 1 1 1 1 0 1 1 0 1 1 1 1 0 1 1 0 0 1 1 0 0 0 1 1 0 0 1 1 0 0 0 0 0 1 1 1 1 1 1 0 0 1 0 1 0 1 1 1 0 1 1 1 1 0 0 1 1 0 0 1 0 1 1 1 1 1 1 1 0 1 0 1 1 1 0 1 0 1 1 0 1 1 0 1 1 0 1 1 1 0 0 1 1 1 1 1 1 1 0 1 1 0 0 1 1 1 1 0 1 1 1 1 0 0 0 1 0 1 0 0 0 0 0 0 1 1 1 0 1 0 1 0 0 0 1 0 0 0 1 0 0 0 1 1 0 0 1 1 1 1 1 1 1 1 0 0 0 1 0 0 1 0 1 1 0 1 1 1 0 0 0 0 0 0 1 1 0 0 0 1 1 1 0 1 1 0 1 1 0 0 0 0 0 0 0 0 0 1 1 0 1 1 0 0 0 0 1 1 1 0 1 1 0 0 1 1 
quality : 3081
======================================

========== print chromosome ==========
genes : 1 0 1 1 0 0 0 0 1 0 0 1 0 0 0 0 0 0 0 1 1 1 1 0 1 1 0 0 0 0 0 0 0 0 0 0 1 1 0 1 1 0 1 1 0 0 0 1 0 0 1 0 0 1 1 0 1 0 0 0 0 0 1 1 0 0 0 1 0 1 0 1 1 1 1 0 0 0 1 1 0 1 1 0 0 0 0 1 0 1 1 1 0 0 1 1 1 0 0 1 1 1 0 1 0 1 0 0 1 0 0 1 0 0 1 1 1 0 0 0 1 1 0 0 0 0 0 1 0 0 1 0 1 1 1 0 1 1 1 0 0 1 0 0 0 1 1 1 0 1 1 0 0 0 1 1 0 1 0 1 1 1 0 0 1 1 0 0 1 0 1 1 0 0 1 1 0 1 1 1 0 1 1 0 0 0 1 0 0 0 0 0 0 0 1 0 1 0 0 1 1 0 0 1 0 0 1 1 0 0 0 1 1 0 0 1 0 0 0 1 1 1 1 0 0 1 1 0 0 0 0 1 1 1 0 1 1 0 1 0 0 0 0 1 0 1 0 0 0 1 1 1 1 0 0 0 1 0 1 1 0 0 1 1 1 0 1 1 0 1 0 0 1 0 0 0 1 1 1 1 0 0 1 0 1 1 1 1 0 1 1 0 1 1 1 1 0 1 1 0 0 1 1 0 0 0 1 1 1 0 1 1 0 0 0 0 0 1 1 1 1 1 1 0 0 1 0 1 0 1 1 1 0 1 1 1 1 0 0 1 1 0 0 1 0 1 1 1 1 1 1 1 0 1 0 1 1 1 0 1 0 1 1 0 1 0 0 1 1 0 1 1 1 0 0 1 1 1 1 1 1 1 0 1 1 0 0 1 1 0 1 0 1 1 1 0 0 0 0 1 0 1 0 0 0 0 0 1 1 1 1 0 1 0 1 0 0 0 1 0 0 0 1 0 0 0 1 1 0 0 1 1 1 1 0 1 1 1 0 0 0 1 0 0 1 0 0 1 0 1 1 1 0 0 1 0 0 0 1 1 0 0 0 1 1 1 0 1 1 0 1 1 1 0 0 0 0 0 0 0 0 1 1 0 1 1 0 0 0 0 1 1 1 0 1 1 1 0 1 0 
quality : 3074
======================================

========== print chromosome ==========
genes : 0 0 1 0 0 0 0 0 1 0 0 1 0 0 0 0 0 0 0 1 1 1 1 0 1 1 0 0 0 0 0 0 0 0 0 0 1 1 0 1 1 0 1 1 0 0 0 1 0 0 1 0 0 1 1 0 1 0 0 0 0 0 1 1 0 0 0 1 0 1 0 1 1 1 1 0 0 0 1 1 0 1 1 0 0 0 0 1 0 1 1 0 0 0 1 1 1 0 0 1 1 1 0 1 0 1 0 0 1 0 0 1 0 0 1 1 1 0 0 0 1 1 0 0 0 1 0 1 0 0 1 0 1 1 1 0 0 1 1 0 0 1 0 0 0 1 1 1 0 1 1 0 0 0 1 1 0 1 0 1 0 1 0 0 1 1 0 0 1 0 1 1 0 0 1 1 0 1 1 1 0 1 1 1 0 0 1 0 0 0 0 0 0 0 1 0 1 0 0 1 1 0 0 1 0 0 1 0 0 0 0 1 1 0 0 1 0 0 0 1 1 1 1 0 0 1 1 0 0 0 0 0 1 1 0 1 1 0 1 0 0 0 0 1 0 1 0 0 0 1 1 1 1 0 0 0 1 0 1 1 0 0 1 1 0 0 0 1 0 1 0 0 1 0 0 0 1 1 1 1 0 0 1 0 1 1 1 1 0 1 1 0 1 1 1 1 0 1 1 0 0 1 1 0 0 0 1 1 1 0 1 1 0 0 0 0 0 1 1 1 1 1 1 0 0 1 0 1 0 1 1 1 0 1 1 1 1 0 0 1 1 0 0 1 0 1 1 1 1 1 1 1 0 1 0 1 1 1 0 1 0 1 1 0 1 1 0 1 1 0 1 1 1 0 0 1 1 1 1 1 1 1 0 1 1 0 0 1 1 1 1 0 1 1 1 1 0 0 0 1 0 1 0 0 0 0 0 0 1 1 1 0 1 0 1 0 0 0 1 0 0 0 1 0 0 0 1 1 0 0 1 1 1 1 1 1 1 1 0 0 0 1 0 0 1 0 1 1 0 1 1 1 0 0 0 0 0 0 1 1 0 0 0 1 1 1 0 1 1 0 1 1 1 0 0 0 0 0 0 0 0 1 1 0 1 1 0 0 0 0 1 1 1 0 1 1 0 0 1 1 
quality : 3112
======================================

========== print chromosome ==========
genes : 0 0 1 0 0 0 0 0 1 0 0 1 0 0 0 1 0 0 0 1 1 1 1 0 1 1 0 0 0 0 0 0 0 0 0 0 1 1 1 1 0 0 0 1 1 0 0 1 0 1 1 0 0 1 1 0 1 0 0 0 0 0 1 1 0 0 0 1 1 1 0 1 1 1 1 0 0 0 1 1 0 1 1 1 0 0 0 1 0 1 1 0 0 0 1 1 1 0 0 1 1 1 0 1 0 1 0 0 1 0 0 1 0 0 1 1 1 0 1 0 1 1 0 0 0 1 0 1 0 1 1 0 1 1 1 0 0 1 1 0 1 1 0 0 0 1 1 1 0 1 1 0 0 0 1 1 0 1 0 1 1 1 0 0 1 1 0 0 1 0 1 1 0 0 1 1 0 1 1 1 0 1 1 1 0 0 1 0 0 0 0 0 0 0 1 0 1 0 0 1 1 0 0 1 0 0 1 1 0 0 0 1 1 0 0 1 0 0 0 0 1 1 1 0 0 1 1 0 0 0 0 0 1 0 0 1 1 0 1 0 0 0 0 1 0 1 0 0 0 1 1 1 1 0 0 0 1 1 1 1 0 0 1 1 1 0 0 0 0 1 0 0 1 0 0 0 1 1 1 1 0 0 1 0 1 1 1 1 0 1 1 0 1 1 1 1 0 1 1 0 0 1 1 0 0 0 1 1 1 0 1 1 0 1 0 0 0 1 1 1 1 1 1 0 0 1 0 1 0 1 1 1 0 0 1 1 1 1 0 1 1 0 0 1 0 1 1 1 1 1 1 1 0 1 1 1 1 1 0 1 0 1 0 0 1 1 0 1 1 0 1 1 1 0 0 1 1 1 1 1 1 1 0 1 1 0 0 1 1 1 1 0 1 1 1 1 0 0 0 1 0 1 0 0 0 0 0 0 1 1 1 0 1 0 1 0 0 0 1 1 0 0 1 0 0 0 1 1 0 0 0 1 1 1 1 1 1 1 0 0 0 1 0 0 1 0 0 1 0 1 1 1 0 0 0 0 0 0 1 1 0 0 0 1 1 1 0 1 1 0 1 1 1 0 1 0 0 0 0 0 0 1 1 0 1 1 0 0 0 0 0 1 1 0 1 1 0 0 1 1 
quality : 3112
======================================

========== print chromosome ==========
genes : 0 0 1 0 0 0 0 0 1 0 0 1 0 0 0 0 0 0 0 1 1 1 1 0 1 1 0 0 0 0 0 0 0 0 0 0 1 1 0 1 1 0 1 1 0 0 0 1 0 0 1 0 0 1 1 0 1 0 0 0 0 0 1 1 0 0 0 1 0 1 0 1 1 1 1 0 0 0 1 1 0 1 1 0 0 0 0 1 0 1 1 0 0 0 1 1 1 0 0 1 1 1 0 1 0 1 0 0 1 0 0 1 0 0 1 1 1 0 0 0 1 1 0 0 0 1 0 1 0 0 1 0 1 1 1 0 0 1 1 0 1 1 0 0 1 1 1 1 0 1 1 0 0 0 1 1 0 1 0 1 1 1 0 0 1 1 1 0 1 0 1 1 0 0 1 1 0 1 1 1 1 1 1 1 0 0 1 0 0 0 0 0 0 0 1 0 1 0 0 1 1 0 0 1 0 0 1 1 0 0 0 1 1 0 0 1 0 0 0 1 1 1 1 0 0 1 1 0 0 0 0 0 1 1 0 1 1 0 1 0 0 0 0 1 0 1 0 0 0 1 1 1 0 0 0 0 1 0 1 1 0 0 1 1 1 0 0 1 0 1 0 0 1 0 0 0 1 1 1 1 0 0 1 0 1 1 1 1 0 1 1 0 1 0 1 1 0 1 1 0 0 1 1 0 0 0 1 1 1 0 1 1 0 0 0 0 0 1 1 1 1 1 1 0 0 1 0 1 0 1 1 1 0 1 1 1 1 0 0 1 1 0 0 1 0 1 0 1 1 1 1 1 0 1 0 1 1 1 0 1 0 1 1 0 1 1 1 1 1 0 1 1 1 0 0 1 1 1 1 1 1 1 0 1 1 0 0 1 1 1 1 0 0 1 1 1 0 0 0 1 0 1 0 0 0 0 0 0 1 1 1 0 1 0 1 0 0 0 1 0 0 0 1 0 0 0 1 1 0 0 1 1 1 1 1 1 1 1 0 0 0 1 0 0 1 0 1 1 0 1 1 1 0 0 0 0 0 0 1 1 0 0 0 1 1 1 0 1 1 0 1 1 1 0 0 0 0 0 0 0 0 1 1 0 1 1 0 0 0 0 1 1 1 0 1 1 0 0 1 1 
quality : 3113
======================================

========== print chromosome ==========
genes : 0 0 1 0 0 0 0 0 1 0 0 1 0 0 0 1 0 0 0 1 1 1 1 0 1 1 0 0 0 0 0 1 0 0 0 0 1 1 0 1 1 0 1 1 0 0 0 1 0 0 1 0 0 1 1 0 1 0 0 0 0 1 1 1 0 0 0 1 0 1 0 1 1 1 1 0 0 0 1 1 0 1 1 0 0 0 0 1 0 1 1 0 0 0 1 1 1 0 0 1 1 1 0 1 0 1 0 0 1 0 0 1 0 0 1 1 1 0 0 0 1 1 0 0 0 1 0 1 0 0 1 0 1 1 1 0 1 1 1 0 0 1 0 0 0 1 1 1 0 1 1 0 0 0 1 1 0 1 0 1 1 1 0 0 1 1 0 0 1 0 1 1 0 0 1 1 0 0 1 1 0 1 1 1 0 0 1 0 0 0 0 0 0 0 1 0 1 0 1 1 1 0 0 1 0 0 1 1 0 0 1 1 1 0 0 1 0 0 0 1 1 1 1 1 0 1 1 0 0 0 0 1 1 1 0 1 1 0 1 0 0 0 0 1 0 1 0 0 0 1 1 1 1 0 0 0 0 0 1 1 0 0 1 1 1 0 0 1 0 1 0 0 1 0 0 0 1 1 1 1 0 0 1 0 1 1 1 1 0 1 1 0 1 1 1 1 0 1 1 0 0 1 1 0 0 0 1 1 0 0 1 1 0 0 0 0 0 1 1 1 1 1 1 0 0 1 0 1 0 1 1 1 0 1 1 1 1 0 0 1 1 0 0 1 0 1 0 1 1 1 1 1 0 1 0 1 1 1 0 1 0 1 1 0 1 1 0 1 1 0 1 1 1 0 0 1 1 1 1 1 1 1 0 1 1 0 1 1 1 1 1 0 1 1 1 1 0 0 0 1 0 1 0 1 0 0 0 0 1 1 1 0 1 0 1 0 1 0 1 0 0 0 1 0 0 0 1 1 0 0 1 1 1 1 1 1 1 1 0 0 0 1 0 0 1 0 1 1 0 1 1 1 0 0 0 0 0 0 1 1 0 0 0 0 1 0 0 1 1 0 1 1 1 0 0 0 0 0 0 0 0 1 1 0 1 1 0 0 0 0 1 1 1 0 1 0 0 0 1 1 
quality : 3113
======================================

========== print chromosome ==========
genes : 0 0 1 0 0 0 0 0 1 0 0 1 0 0 0 0 0 0 0 1 1 1 1 0 1 1 0 0 0 0 0 0 0 1 0 0 1 1 0 1 1 0 1 1 0 0 0 1 0 1 1 0 0 1 1 0 1 0 0 0 0 0 1 1 0 0 0 1 0 1 0 1 1 1 1 0 0 0 1 1 0 1 1 0 0 0 0 1 0 1 1 0 0 0 1 1 1 0 0 1 1 1 0 1 0 1 0 0 1 1 0 1 0 0 1 1 1 0 0 0 1 1 0 0 0 1 0 1 0 0 1 0 1 1 1 0 0 1 1 0 0 1 0 0 0 1 0 1 0 1 1 0 0 0 1 1 0 1 0 1 1 1 0 0 1 1 0 0 1 0 1 1 0 0 1 1 0 1 1 1 0 1 1 1 0 0 1 0 0 0 0 0 0 0 1 0 1 0 0 1 1 0 1 1 0 0 1 1 0 0 0 1 1 0 0 1 0 0 0 1 1 1 1 1 0 1 1 0 0 0 0 0 1 1 0 1 1 0 1 0 0 1 0 1 0 1 0 0 0 1 1 1 1 0 0 0 1 0 1 1 0 0 1 1 1 0 0 1 0 1 0 0 1 0 0 0 1 1 1 1 0 0 1 0 1 1 1 1 0 1 1 0 1 1 1 1 0 1 1 0 0 1 1 0 0 0 1 0 1 0 1 1 0 0 0 0 0 1 1 1 1 0 1 0 0 1 0 1 0 1 1 1 0 1 1 1 1 1 0 1 1 0 0 1 0 1 0 1 1 1 1 1 0 1 0 1 1 1 0 1 0 1 1 0 1 1 0 1 1 0 1 1 1 0 0 1 1 1 0 1 1 1 0 1 1 0 0 1 1 1 1 0 1 1 1 1 1 0 0 1 0 1 0 0 0 0 0 0 1 1 1 0 1 0 1 0 0 0 1 0 0 0 1 0 0 0 1 1 0 0 1 1 1 1 1 1 1 1 0 0 0 1 0 0 1 0 1 1 0 1 1 1 0 0 0 0 0 0 1 1 0 0 0 1 1 1 0 1 1 0 0 1 1 0 0 0 0 0 0 0 0 1 1 0 1 1 0 0 0 0 1 1 1 0 1 1 0 0 1 1 
quality : 3113
======================================

========== print chromosome ==========
genes : 0 1 1 0 0 0 0 0 1 0 0 1 0 0 0 0 0 1 0 1 1 1 1 0 1 1 0 0 0 0 0 0 0 0 0 0 1 1 0 1 1 0 1 1 0 0 0 1 0 0 1 0 0 1 1 0 1 0 0 0 0 0 1 1 0 0 0 1 0 1 0 1 1 0 1 0 0 0 1 1 0 1 1 0 0 0 0 1 1 1 1 0 0 0 1 1 1 0 0 1 1 1 0 1 0 1 0 0 1 0 0 1 0 0 1 1 1 0 0 0 1 1 0 0 0 1 0 1 0 0 1 0 1 1 1 0 0 1 1 0 0 0 0 0 0 1 1 1 0 1 1 0 0 0 1 1 0 1 0 1 0 1 0 0 1 1 0 0 1 0 1 1 0 0 1 1 0 1 1 1 0 1 1 1 0 0 0 0 0 0 0 0 0 0 1 0 1 0 0 1 1 0 0 1 0 0 1 1 0 0 0 1 1 0 0 1 0 0 0 1 1 1 1 0 0 1 1 0 0 0 0 0 1 0 0 1 1 0 1 0 0 0 0 1 0 1 0 0 0 1 1 1 1 0 0 0 1 0 1 1 0 0 1 1 1 0 0 1 0 0 0 0 1 0 0 0 1 1 1 1 0 0 1 0 1 1 1 1 0 1 1 0 1 1 1 1 0 1 1 0 0 1 1 0 0 0 1 1 1 0 1 1 0 0 0 0 0 1 1 1 1 1 1 0 0 1 0 1 0 1 1 1 0 1 1 1 1 0 0 1 1 0 0 1 0 1 1 1 1 1 1 1 0 1 0 1 1 1 0 1 0 1 1 0 1 1 0 1 1 0 1 1 1 0 0 1 1 1 1 1 1 1 0 1 1 0 0 1 1 1 1 0 1 1 1 1 0 0 0 1 0 1 0 0 0 0 0 0 1 1 1 0 1 0 1 0 0 0 0 0 0 0 1 0 0 0 1 1 0 0 1 1 1 1 1 1 1 1 0 1 0 1 0 0 0 0 1 1 0 1 1 1 0 0 0 0 0 0 1 1 0 0 0 1 1 1 0 1 1 0 1 1 1 1 0 0 0 0 0 0 0 1 1 1 1 1 0 1 0 0 1 1 1 0 1 1 0 0 1 1 
quality : 3113
======================================

========== print chromosome ==========
genes : 0 0 1 0 0 0 0 0 1 0 0 1 0 0 0 0 0 0 0 1 1 1 1 0 1 1 0 0 0 0 0 0 0 1 0 0 1 1 0 1 1 0 1 1 0 0 0 1 0 1 1 0 0 1 1 0 1 0 0 0 0 0 1 1 0 0 0 1 0 1 0 1 1 1 1 0 0 0 1 1 0 1 1 0 0 0 0 1 0 1 1 0 0 0 1 1 1 0 0 1 1 1 0 1 0 1 0 0 1 0 0 1 0 0 1 1 1 0 0 0 1 1 0 0 0 1 0 1 0 0 1 0 1 1 1 0 0 1 1 0 1 0 0 1 0 1 1 1 0 1 1 1 0 0 1 1 0 1 0 1 1 1 0 0 1 1 1 0 1 0 1 1 0 0 1 1 0 1 1 1 0 1 1 1 0 0 1 0 0 0 0 0 0 0 1 0 1 0 0 1 1 0 0 1 0 0 1 1 0 0 0 1 1 0 0 1 1 0 0 1 1 1 1 0 0 1 1 0 0 0 0 0 1 1 0 1 1 0 1 0 0 0 0 1 0 1 0 0 0 1 1 1 1 0 0 0 1 0 1 1 0 0 1 1 1 0 0 1 0 1 0 0 1 0 0 0 1 1 1 1 0 0 1 0 1 1 1 1 0 1 1 0 1 1 0 1 0 1 1 0 0 1 1 0 1 0 1 1 1 0 1 1 0 0 0 0 0 1 1 1 1 1 1 0 0 1 0 1 0 1 1 1 0 1 1 1 1 0 0 1 1 0 1 1 0 1 1 1 1 1 1 1 0 1 0 1 1 1 0 1 0 1 1 0 1 1 0 1 1 0 1 1 1 0 0 1 1 1 1 1 1 1 0 1 1 0 0 1 1 1 1 0 1 1 1 1 0 0 0 1 0 1 0 0 0 0 0 0 1 1 1 0 1 0 1 0 0 0 1 0 0 0 1 0 0 0 1 1 0 0 1 1 1 1 1 1 1 1 0 0 0 1 1 0 1 0 1 1 0 1 1 1 0 0 0 0 0 0 1 1 0 0 0 1 1 1 0 1 1 0 1 1 1 0 0 0 0 0 0 0 0 1 1 0 1 1 0 0 0 0 1 1 1 0 1 1 0 0 1 1 
quality : 3113
======================================

========== print chromosome ==========
genes : 0 0 1 0 0 0 0 0 1 0 0 1 0 0 0 0 0 0 0 1 1 1 1 0 1 1 0 0 0 0 0 0 0 0 0 0 1 1 0 1 1 0 1 1 0 0 0 1 0 0 1 0 0 1 1 0 1 0 0 0 0 0 1 1 0 0 0 1 0 1 0 1 1 1 1 0 0 0 1 1 0 1 1 0 0 0 0 1 0 1 1 0 0 0 1 1 1 0 0 1 1 1 0 1 0 1 0 0 1 0 0 1 0 0 1 1 1 0 0 0 1 1 1 0 0 1 0 1 0 0 1 0 1 1 1 1 0 1 1 0 0 1 0 0 0 1 1 1 0 1 1 0 0 0 1 1 0 1 0 1 1 1 0 0 1 1 0 0 1 0 1 1 0 0 1 1 0 1 1 1 0 1 1 1 0 1 1 0 0 0 0 0 0 0 1 0 1 0 0 1 1 1 0 1 0 0 1 1 0 0 0 1 1 0 0 1 0 0 0 1 1 1 1 1 0 1 1 0 0 0 0 0 1 1 0 1 1 0 1 0 0 0 0 1 0 1 0 0 0 1 1 1 1 0 0 0 1 0 1 1 0 0 1 1 1 0 0 1 0 1 0 0 1 0 0 0 1 1 1 1 0 0 1 0 1 1 1 1 0 1 1 0 1 0 1 1 0 1 1 0 0 1 1 0 0 0 1 1 1 1 1 1 0 0 0 0 0 1 1 1 1 1 1 0 0 1 0 1 0 1 1 1 0 1 1 1 0 0 0 1 1 0 0 1 0 1 1 1 0 1 1 1 0 1 0 1 1 1 0 1 0 1 1 0 1 1 0 1 1 1 1 1 1 0 0 1 1 1 1 0 1 1 0 1 1 0 0 1 1 1 1 0 1 1 1 1 0 0 0 1 0 1 0 0 0 0 0 0 1 1 1 0 1 0 1 0 0 0 1 0 0 1 1 0 0 0 1 1 0 0 1 1 1 1 1 1 1 1 0 0 0 1 0 0 1 0 1 1 0 1 0 1 0 0 0 0 0 0 1 1 0 0 0 1 1 1 0 1 1 0 1 1 1 0 0 0 0 0 0 0 0 1 1 0 1 1 0 0 0 0 1 1 1 0 1 1 0 0 1 1 
quality : 3114
======================================

========== print chromosome ==========
genes : 0 0 1 0 0 0 0 0 1 0 0 1 0 0 0 0 0 0 0 1 1 1 1 0 1 1 0 0 0 0 0 0 0 0 0 0 1 1 0 1 1 0 1 1 0 0 0 1 0 0 1 0 0 1 1 0 1 0 0 0 0 0 1 1 0 0 0 1 0 1 0 1 1 1 1 0 0 0 1 1 0 1 1 0 0 0 0 1 0 1 1 0 0 0 1 1 1 0 0 1 1 1 0 1 0 1 0 0 1 0 0 1 0 0 1 1 1 0 0 0 1 1 0 0 0 1 0 1 0 0 1 0 1 1 1 1 0 1 1 0 0 1 0 0 0 1 1 1 0 1 1 0 0 0 1 1 0 1 0 1 0 1 0 0 1 1 1 0 1 0 1 1 0 0 1 1 0 1 1 1 0 1 1 0 0 0 1 0 0 0 0 0 0 0 1 0 1 0 0 1 1 0 0 1 0 0 1 1 0 0 0 1 1 0 0 1 0 0 0 1 1 1 1 1 0 1 1 0 0 0 0 0 0 1 0 1 1 0 1 0 0 0 0 1 0 1 0 0 0 1 1 1 1 0 0 0 0 0 1 1 0 0 1 1 1 0 0 1 0 1 0 0 1 0 0 0 1 1 1 1 0 0 1 0 1 1 1 1 0 1 1 0 1 1 1 1 0 1 1 0 0 1 1 0 0 0 1 1 1 0 1 1 0 0 0 0 0 1 1 1 1 0 1 0 0 1 0 1 0 1 1 1 0 1 1 1 1 0 0 1 1 0 0 1 0 1 0 1 1 1 1 1 0 1 0 1 1 1 0 1 0 1 1 0 1 1 0 1 1 0 1 1 1 0 0 1 1 1 1 1 1 1 0 1 1 0 0 1 1 1 1 0 0 1 1 1 0 0 0 1 0 1 0 0 0 0 0 0 1 1 1 0 1 0 1 0 0 0 1 0 0 0 1 0 0 0 1 1 0 0 1 1 1 1 1 1 1 1 0 0 0 1 0 0 1 0 1 1 0 1 1 1 0 0 0 0 0 0 1 1 0 0 0 1 1 1 0 1 1 0 1 1 1 0 0 0 0 0 0 0 0 1 1 0 1 1 0 0 0 0 1 1 1 0 1 1 0 0 1 1 
quality : 3114
======================================

========== print chromosome ==========
genes : 0 0 1 0 0 0 0 0 1 0 0 1 0 0 0 0 0 0 0 1 1 1 1 0 1 1 0 0 0 0 0 0 0 0 0 0 1 1 0 1 1 0 1 1 0 0 0 1 0 0 1 0 0 1 1 0 1 0 0 0 0 0 1 1 0 0 0 1 0 1 0 1 0 1 1 0 0 0 1 1 0 1 1 0 0 0 0 1 0 1 1 0 0 1 1 1 1 0 0 1 1 1 0 1 0 1 0 0 1 0 0 1 0 0 1 1 1 0 0 0 1 1 0 0 0 1 0 1 0 0 1 0 1 1 1 0 0 1 1 0 0 1 0 0 0 1 1 1 0 1 1 0 0 0 1 1 0 1 0 1 1 1 0 0 0 1 0 1 1 0 1 1 0 0 1 1 0 1 1 1 0 1 1 1 0 0 1 0 0 0 0 0 0 0 1 0 1 0 0 1 0 0 0 1 0 0 1 1 0 0 0 1 1 0 0 1 0 0 0 1 1 1 1 0 0 1 1 0 0 0 0 1 1 1 0 1 1 0 1 0 0 0 0 1 0 1 0 0 0 1 1 1 1 0 0 0 1 0 1 1 0 0 1 1 1 0 0 1 0 1 0 0 1 0 0 0 1 1 1 1 0 0 1 0 1 1 1 1 0 1 1 0 1 1 1 1 0 1 1 0 0 1 1 0 0 0 1 1 1 0 1 1 0 0 0 0 0 1 1 1 1 1 1 0 0 1 0 1 0 1 1 1 0 1 1 1 1 0 0 1 1 0 0 1 0 1 1 1 1 1 1 1 0 1 0 1 1 1 0 1 0 1 1 0 1 0 0 1 1 0 1 1 1 0 0 1 1 1 1 1 1 1 0 1 1 0 0 1 1 1 1 0 1 1 1 1 0 0 0 1 0 1 0 0 0 0 0 0 1 1 1 0 1 0 1 0 0 0 1 0 0 0 1 0 0 0 1 1 0 0 1 1 1 1 1 1 1 1 0 0 0 1 0 0 1 0 1 1 0 1 1 1 0 0 0 0 0 0 1 1 0 0 0 1 1 1 0 1 1 0 1 1 1 0 0 0 0 0 0 0 0 1 1 0 1 1 0 0 0 0 1 1 1 0 1 1 0 0 1 1 
quality : 3114
======================================

========== print chromosome ==========
genes : 0 0 1 0 0 0 0 0 1 0 0 1 0 0 0 0 0 0 0 1 1 1 1 0 1 1 0 0 0 0 0 0 0 0 0 0 1 1 0 1 1 0 1 1 0 0 0 1 0 0 1 0 0 1 1 0 1 0 0 0 0 0 1 1 0 0 0 1 0 1 0 1 1 1 1 0 0 0 1 1 0 1 1 0 0 0 0 1 0 1 1 1 0 0 1 1 1 0 0 1 1 1 0 1 0 1 0 0 1 0 0 1 0 0 0 1 1 0 0 0 1 1 0 0 0 1 0 1 0 0 1 0 1 1 1 0 0 1 1 0 1 1 0 0 0 1 1 1 0 1 1 0 0 0 1 1 0 1 0 1 1 1 0 0 1 1 0 0 1 0 1 1 0 0 1 1 0 1 1 1 0 1 1 1 0 0 1 0 0 0 0 0 0 0 1 0 1 0 0 1 1 0 0 1 0 0 1 1 0 0 0 1 1 0 0 1 0 0 0 1 1 1 1 0 0 1 1 0 0 0 0 1 1 1 0 1 1 0 1 0 0 0 0 1 0 1 1 0 0 1 1 1 1 0 0 0 1 0 1 1 0 0 1 1 1 0 0 1 0 1 0 0 1 0 0 0 1 1 1 1 0 0 1 0 1 1 1 1 0 1 1 0 1 1 1 1 0 1 1 0 0 1 1 0 0 0 1 1 1 0 1 1 0 0 0 0 0 1 1 1 1 1 1 0 0 1 0 1 0 1 1 1 0 1 1 1 1 0 0 1 1 0 0 1 0 1 1 1 1 1 1 1 0 1 0 1 1 1 0 1 0 1 1 0 1 1 0 1 1 0 1 1 1 0 0 1 1 1 1 1 1 1 0 1 1 0 0 1 1 1 1 0 1 1 1 1 0 0 0 1 0 1 0 0 0 0 0 0 1 1 1 0 1 0 1 0 0 0 1 0 0 0 1 0 0 0 1 1 0 0 1 1 1 1 1 1 1 1 0 0 0 1 0 0 1 0 1 1 0 1 1 1 0 0 0 0 0 0 1 1 0 0 0 1 1 1 0 1 1 0 1 1 1 0 0 0 0 0 0 0 0 1 1 0 1 1 0 0 0 0 1 1 1 0 1 1 0 0 1 1 
quality : 3114
======================================

========== print chromosome ==========
genes : 0 0 1 1 0 0 0 0 1 0 0 1 0 0 0 0 0 0 0 1 1 1 1 0 1 1 0 0 0 0 0 0 0 1 0 0 1 1 0 1 1 0 0 1 1 0 0 0 0 0 1 0 0 1 1 0 1 0 0 0 0 0 1 1 0 0 0 1 0 1 1 1 1 1 1 0 0 0 1 1 0 1 1 0 0 0 0 1 0 1 1 0 0 0 1 1 1 0 0 1 1 0 0 1 0 1 0 0 1 0 1 1 0 0 1 1 1 0 0 0 1 1 0 0 0 1 0 1 0 0 1 0 1 1 1 0 0 1 1 0 1 1 0 0 0 1 1 1 0 1 1 0 0 0 1 1 0 1 0 1 1 1 0 0 1 1 0 0 1 0 1 1 0 0 1 1 0 1 1 1 0 1 1 1 0 0 1 0 0 0 0 0 0 0 1 1 1 0 0 1 1 0 0 1 0 0 1 1 0 0 0 1 1 0 0 1 0 0 0 1 1 1 1 0 0 1 1 0 0 0 0 0 1 1 0 1 1 0 1 0 0 0 0 1 0 1 0 0 0 1 1 1 1 0 0 0 1 0 1 1 0 0 1 1 1 0 0 1 0 0 0 0 1 0 0 0 1 1 1 1 0 0 1 0 1 1 1 1 0 1 1 0 1 1 1 1 0 1 0 1 0 1 1 0 0 0 1 1 1 0 1 1 0 0 0 0 0 1 1 1 1 1 1 0 0 1 0 1 0 1 1 1 0 1 1 1 1 0 0 1 1 0 0 1 0 1 1 1 1 1 1 1 0 1 0 1 1 1 0 1 0 1 1 0 1 1 0 1 1 0 1 1 1 0 0 1 1 1 1 1 1 1 0 1 1 0 0 1 1 0 1 0 1 1 1 1 0 0 0 1 0 1 0 0 0 0 0 0 1 1 1 0 1 0 1 0 1 0 1 0 0 0 1 0 0 0 1 1 0 0 1 1 1 1 1 1 1 1 0 0 0 1 0 0 1 0 1 1 0 1 1 1 0 0 0 0 0 0 1 1 1 0 0 1 1 1 0 1 1 0 1 1 1 0 0 0 0 0 0 0 0 1 1 0 1 1 0 0 0 0 1 1 1 0 1 1 0 0 1 1 
quality : 3114
======================================

========== print chromosome ==========
genes : 0 0 1 0 0 0 0 0 1 0 0 1 0 0 0 0 0 0 0 1 1 1 1 0 1 1 0 0 0 0 0 0 0 1 0 0 1 1 0 1 1 0 0 1 0 0 0 0 0 0 1 0 0 1 1 0 0 0 1 0 0 0 1 1 0 0 0 1 0 1 0 1 1 1 1 0 0 0 1 1 0 1 1 0 0 0 0 1 0 1 1 0 0 0 1 1 1 0 0 1 1 1 0 1 0 1 0 0 1 0 1 1 0 0 1 1 1 0 1 0 1 1 0 0 0 1 0 1 0 0 1 0 1 1 1 0 0 1 1 0 1 1 0 0 0 1 1 1 0 1 1 0 0 0 1 1 0 1 0 1 1 1 0 0 1 1 0 0 1 0 1 1 0 0 1 1 0 1 1 1 0 1 1 1 0 0 1 0 0 0 0 0 0 0 1 0 1 0 0 1 1 0 0 1 0 0 1 1 0 0 0 1 1 0 0 1 0 0 0 0 1 1 1 0 0 1 1 0 0 0 0 0 1 1 0 1 0 0 1 0 0 0 0 1 0 1 0 0 0 1 1 1 1 0 0 0 1 0 1 1 0 0 1 1 1 0 0 1 0 0 0 0 1 0 0 0 1 1 1 1 0 0 1 0 1 1 1 1 0 1 1 0 1 1 1 1 0 1 1 0 0 1 1 0 0 0 1 1 1 0 1 0 0 0 0 0 0 1 1 1 1 1 1 0 0 1 0 1 0 1 1 1 0 1 1 1 1 0 0 1 1 0 0 1 0 1 1 1 1 1 1 1 0 1 0 1 1 1 0 1 0 1 1 0 1 1 0 1 1 0 1 1 0 0 0 1 1 1 1 1 1 1 0 1 1 0 0 1 1 1 1 0 1 1 1 1 0 0 0 1 0 1 0 0 0 0 0 0 1 1 1 0 1 0 1 0 0 0 1 0 0 0 1 0 0 0 1 1 0 0 1 1 1 1 1 1 1 1 0 0 0 1 0 0 1 0 1 1 0 1 1 1 0 0 0 0 0 0 1 1 0 0 0 1 1 1 0 1 1 0 1 1 1 0 0 0 0 0 0 0 0 1 1 0 1 1 0 0 0 0 1 1 1 0 1 1 0 0 1 1 
quality : 3114
======================================

========== print chromosome ==========
genes : 0 0 1 1 0 0 0 0 1 0 0 1 0 0 0 0 0 0 0 1 1 1 1 0 1 1 0 0 0 0 0 0 0 0 0 1 1 1 0 1 1 0 1 1 0 0 0 1 0 0 1 0 0 1 1 0 1 0 0 0 0 0 1 1 0 0 0 1 0 1 0 1 1 1 1 0 0 0 1 1 0 1 1 0 1 0 0 1 0 1 1 0 0 0 1 1 1 0 0 1 1 1 0 1 0 1 0 0 1 0 0 1 0 0 1 1 1 0 0 0 1 1 0 0 0 0 0 1 0 0 1 0 1 1 1 0 0 1 1 0 0 1 0 0 0 1 1 1 0 1 1 0 0 0 1 1 0 1 0 1 1 1 0 0 1 1 0 0 1 0 1 1 0 0 1 1 0 1 1 1 0 1 1 0 0 0 1 0 0 0 0 0 0 0 1 0 1 0 0 1 1 0 0 1 0 0 1 1 0 0 0 1 1 0 0 1 0 0 0 1 1 1 1 1 0 1 1 0 0 0 0 0 1 1 0 1 1 0 1 0 0 0 0 1 0 1 0 0 0 1 1 1 1 0 0 0 1 0 1 1 0 0 1 0 1 0 0 1 0 1 0 0 1 0 0 0 1 1 1 1 0 0 1 0 1 1 1 1 0 1 1 0 1 1 1 1 0 1 1 0 0 1 1 0 0 0 1 1 1 0 1 1 0 0 0 0 0 1 1 1 1 1 1 0 0 1 0 1 0 1 1 1 0 1 1 1 1 0 0 1 1 0 0 1 0 1 1 1 1 1 1 1 0 1 0 1 1 1 0 1 1 1 1 0 1 1 0 1 1 0 1 1 1 0 0 1 0 1 1 1 1 1 0 1 1 0 0 1 1 1 1 0 1 1 1 1 0 0 0 1 0 0 0 0 0 0 0 0 1 1 1 0 1 0 1 0 0 0 1 0 0 0 1 0 0 0 1 1 0 0 1 1 1 1 1 1 1 1 0 0 0 1 0 0 1 0 1 1 0 1 1 1 0 0 0 0 0 0 1 1 0 0 0 1 1 1 0 1 1 0 1 1 1 0 0 0 0 0 0 0 0 1 1 0 1 1 0 0 0 0 1 1 1 0 1 1 0 0 1 1 
quality : 3115
======================================

========== print chromosome ==========
genes : 0 1 1 1 0 0 0 0 1 0 0 1 0 0 0 0 0 0 0 1 1 1 1 0 1 1 0 0 0 0 0 0 0 0 0 0 1 1 0 1 1 0 1 1 0 0 0 1 0 0 1 0 0 1 1 0 1 0 0 0 0 0 1 1 0 0 0 1 0 1 0 1 1 1 1 0 0 0 1 1 0 1 1 0 0 0 0 1 0 1 1 0 0 0 1 1 1 0 0 1 1 1 0 1 0 1 0 0 1 0 0 1 0 0 1 0 1 0 0 0 1 1 0 0 0 1 0 1 0 0 1 0 1 1 1 0 0 1 1 0 0 1 0 0 0 1 1 1 0 1 1 0 0 0 1 1 0 1 0 1 1 1 0 0 1 1 0 0 1 0 1 1 0 0 1 1 0 1 1 1 0 1 1 1 0 0 1 0 0 0 0 0 0 0 1 0 1 0 0 1 1 0 0 1 0 0 1 1 0 0 0 1 1 0 0 1 0 0 0 1 1 1 1 1 0 1 1 0 0 0 0 0 1 1 0 1 1 0 1 0 0 0 0 1 0 1 0 0 0 1 1 1 1 0 0 0 1 0 1 1 0 0 0 1 1 0 0 1 0 1 0 0 1 0 0 0 1 1 1 1 0 0 1 0 1 1 1 1 0 1 1 0 1 1 1 1 0 1 1 0 0 1 1 0 0 0 1 1 1 0 1 1 0 0 0 0 0 1 1 1 1 1 1 0 0 1 0 1 0 1 1 1 0 1 1 1 1 0 0 1 1 0 0 1 0 1 1 1 1 1 1 1 0 1 0 1 1 1 0 1 0 1 1 0 1 1 0 1 1 0 1 1 1 0 0 1 1 1 1 1 1 1 0 1 1 0 0 1 1 1 1 0 1 1 1 1 0 0 0 1 0 1 0 0 0 0 0 0 1 1 1 0 1 0 1 0 0 0 1 1 0 0 1 0 0 0 1 1 0 0 1 1 1 1 1 1 1 1 0 0 0 1 0 0 1 0 1 1 0 1 1 1 0 0 0 0 0 0 1 0 0 0 0 1 1 1 0 1 1 0 1 1 1 0 0 0 0 0 0 0 0 1 1 0 1 1 0 0 0 0 1 0 1 0 1 1 0 0 1 1 
quality : 3115
======================================

========== print chromosome ==========
genes : 0 0 1 0 0 0 0 0 1 0 0 1 0 0 0 0 0 0 0 1 1 1 1 0 1 1 0 0 0 1 0 0 0 0 0 0 1 1 0 1 1 0 1 1 0 0 0 1 0 0 1 0 0 1 1 0 1 0 0 0 0 0 1 1 0 0 0 1 0 1 0 1 1 1 1 0 0 0 1 1 0 1 1 0 0 0 0 1 0 1 1 0 0 0 1 1 1 0 0 1 1 1 0 1 0 1 0 0 1 1 0 1 0 0 1 1 1 0 0 0 1 1 0 0 0 1 0 1 0 0 1 0 1 1 1 1 0 1 1 0 0 1 0 0 0 1 1 1 0 1 1 0 0 0 1 1 0 1 0 1 1 1 0 0 1 1 0 0 1 0 1 1 0 0 1 1 0 1 1 1 0 1 1 1 0 0 1 0 0 0 0 0 0 0 1 0 1 0 0 1 1 0 0 1 0 0 1 1 0 0 0 1 1 0 0 1 0 0 0 1 1 1 1 1 0 1 1 0 0 0 0 0 1 1 0 1 1 0 1 0 0 0 0 1 0 1 0 0 0 1 1 1 1 0 0 0 1 0 1 1 0 0 1 1 1 0 0 1 0 1 0 0 1 0 0 0 0 1 1 1 0 0 1 0 1 1 1 1 0 1 1 0 1 1 1 1 0 1 1 0 0 1 1 0 0 0 1 1 1 0 1 1 0 0 0 0 0 1 1 1 1 1 1 0 0 1 0 1 0 1 1 1 0 1 1 1 1 0 0 1 1 0 0 1 0 1 0 1 1 1 1 1 0 1 0 1 1 0 0 1 0 1 1 0 1 1 0 1 1 0 1 1 1 0 0 1 1 1 1 1 1 1 0 1 1 0 0 1 1 1 1 0 1 1 1 1 0 0 0 1 0 1 0 0 0 0 0 0 1 1 1 1 1 0 1 0 0 0 1 0 0 0 1 0 0 0 1 1 0 0 1 1 1 1 1 1 1 1 0 0 0 1 0 0 1 0 1 1 0 1 1 1 0 0 0 0 0 0 1 1 0 0 0 1 1 1 0 1 1 0 1 1 1 0 0 0 0 0 0 0 0 1 1 0 1 1 0 0 0 0 1 1 1 0 1 1 0 0 1 1 
quality : 3115
======================================

========== print final result ==========
Generations evolved: 502563
Best quality: 3115
Mean quality: 3105.850098
Standard deviation: 16.787449
======================================

3 9 12 20 21 22 23 25 26 30 37 38 40 41 43 44 48 51 54 55 57 63 64 68 70 72 73 74 75 79 80 82 83 88 90 91 95 96 97 100 101 102 104 106 109 110 112 115 116 117 121 122 126 128 131 133 134 135 136 138 139 142 146 147 148 150 151 155 156 158 160 161 162 165 166 169 171 172 175 176 178 179 180 182 183 184 187 195 197 200 201 204 207 208 212 213 216 220 221 222 223 224 226 227 233 234 236 237 239 244 246 250 251 252 253 257 259 260 263 264 265 268 270 273 278 279 280 283 285 286 287 288 290 291 293 294 295 296 298 299 302 303 307 308 309 311 312 318 319 320 321 322 323 326 328 330 331 332 334 335 336 337 340 341 344 346 348 349 350 351 352 354 356 357 360 362 363 365 366 368 369 371 372 373 376 377 378 379 380 381 382 384 385 388 389 390 391 393 394 395 396 400 402 409 410 411 412 413 415 419 423 427 428 431 432 433 434 435 436 437 438 442 445 447 448 450 451 452 459 460 464 465 466 468 469 471 472 473 482 483 485 486 491 492 493 495 496 499 500 