========== print final result ==========
Generations evolved: 8587687
Best quality: 350
Mean quality: 349.950012
Standard deviation: 0.223607
======================================

Number of population: 20

========== print chromosome ==========
genes : 0 1 1 0 1 1 1 0 1 0 1 1 1 1 1 1 1 1 0 0 1 1 1 1 1 0 0 1 0 1 0 1 0 0 0 0 0 1 0 0 1 0 0 0 0 1 1 0 1 1 0 1 1 1 0 1 0 0 0 0 1 1 1 0 0 1 1 0 1 0 0 1 0 1 0 0 0 0 0 0 0 0 1 0 1 0 0 1 0 1 0 0 1 1 1 1 1 0 1 1 
quality : 350
======================================

========== print chromosome ==========
genes : 0 1 1 0 1 1 1 0 1 0 1 1 1 1 1 1 1 1 0 0 1 1 1 1 1 0 0 1 0 1 0 1 0 0 0 0 0 1 0 0 1 0 0 0 0 1 1 0 1 1 0 1 1 1 0 1 0 0 0 0 1 1 1 0 0 1 1 0 1 0 0 1 0 1 0 0 0 1 0 0 0 0 1 0 1 0 0 1 0 1 0 0 1 1 1 1 1 0 1 1 
quality : 349
======================================

========== print chromosome ==========
genes : 0 1 1 0 1 1 1 0 1 0 1 1 1 1 1 1 1 1 0 0 1 1 0 1 1 0 0 1 0 1 0 1 0 0 0 0 0 1 0 0 1 0 0 0 0 1 1 0 1 1 0 1 1 1 0 1 0 0 0 0 1 1 1 0 0 1 1 0 1 0 0 1 0 1 0 0 0 0 0 0 0 0 1 0 1 0 0 1 0 1 0 0 1 1 1 1 1 0 1 1 
quality : 350
======================================

========== print chromosome ==========
genes : 0 1 1 0 1 1 1 0 1 0 1 1 1 1 1 1 1 1 0 0 1 1 1 1 1 0 0 1 0 1 0 1 0 0 0 0 0 0 0 0 1 0 0 0 0 1 1 0 1 1 0 1 1 1 0 1 0 0 0 0 1 1 1 0 0 1 1 0 1 0 0 1 0 1 0 0 0 0 0 0 0 0 1 0 1 0 0 1 0 1 0 0 1 1 1 1 1 0 1 1 
quality : 350
======================================

========== print chromosome ==========
genes : 0 1 1 0 1 1 1 0 1 0 1 0 1 1 1 1 1 1 0 0 1 1 1 1 1 0 0 1 0 1 0 1 0 0 0 0 0 1 0 0 1 0 0 0 0 1 1 0 1 1 0 1 1 1 0 1 0 0 0 0 1 1 1 0 0 1 1 0 1 0 0 1 0 1 0 0 0 0 0 0 0 0 1 0 1 0 0 1 0 1 0 0 1 1 1 1 1 0 1 1 
quality : 350
======================================

========== print chromosome ==========
genes : 0 1 1 0 1 1 1 0 1 0 1 1 1 1 1 1 1 1 0 0 1 1 1 1 1 0 0 1 0 1 0 1 0 0 0 0 0 1 0 0 1 0 0 0 0 1 1 0 1 1 0 1 1 1 0 1 0 0 0 0 1 1 1 0 0 1 1 0 1 0 0 1 1 1 0 0 0 0 0 0 0 0 1 0 1 0 0 1 0 1 0 0 1 1 1 1 1 0 0 1 
quality : 350
======================================

========== print chromosome ==========
genes : 0 1 1 0 1 1 1 0 1 0 1 0 1 1 1 1 1 1 0 0 1 1 1 1 1 0 0 1 0 1 0 1 0 0 0 0 0 1 0 0 1 0 0 0 0 1 1 0 1 0 0 1 1 1 0 1 0 0 0 0 1 1 1 0 0 1 1 0 1 0 0 1 0 1 0 0 0 0 0 0 0 0 1 1 1 0 0 1 0 1 0 0 1 1 1 1 1 0 1 1 
quality : 350
======================================

========== print chromosome ==========
genes : 0 1 1 0 1 1 1 0 1 0 1 1 1 1 1 1 1 1 0 0 1 1 1 1 1 0 0 1 0 1 0 1 0 0 0 0 0 1 0 0 1 0 0 0 0 1 1 0 1 1 0 1 1 1 0 1 0 0 0 0 1 1 1 0 0 1 1 0 1 0 0 1 1 1 0 0 0 0 0 0 0 0 1 0 1 0 0 1 0 1 0 0 1 1 1 1 1 0 1 1 
quality : 350
======================================

========== print chromosome ==========
genes : 0 1 1 0 1 1 1 0 1 0 1 1 1 1 0 1 1 1 0 0 1 1 1 1 1 0 0 1 0 1 0 0 0 0 0 0 0 1 0 0 1 0 0 0 0 1 1 0 1 1 0 1 1 1 0 1 0 0 0 0 1 1 1 0 0 1 1 0 1 0 0 1 0 1 0 0 0 0 0 0 0 0 1 0 1 0 0 1 0 0 0 0 1 1 1 1 1 0 1 1 
quality : 350
======================================

========== print chromosome ==========
genes : 0 1 1 0 1 1 1 0 1 0 1 1 1 1 1 1 1 1 0 0 1 1 1 1 1 0 0 1 0 1 0 1 0 0 0 0 0 1 0 0 1 0 0 0 0 1 1 0 1 1 0 1 1 1 0 1 0 0 0 0 1 1 1 0 0 1 1 0 1 0 0 1 0 1 0 0 0 0 0 0 0 0 1 0 1 0 0 1 0 1 0 0 1 1 1 1 1 0 1 1 
quality : 350
======================================

========== print chromosome ==========
genes : 0 1 1 0 1 1 1 0 1 0 1 1 1 1 1 1 1 1 0 0 1 1 1 1 1 0 0 1 0 1 0 1 0 0 0 0 0 1 0 0 1 0 0 0 0 1 1 0 1 1 0 1 1 1 0 1 0 0 0 0 1 1 1 0 0 1 1 0 1 0 0 1 0 1 0 0 0 1 0 0 0 0 1 0 1 0 0 1 0 1 0 0 1 1 1 1 1 0 1 1 
quality : 350
======================================

========== print chromosome ==========
genes : 0 1 1 0 1 1 1 0 1 0 1 1 1 1 0 1 1 1 0 0 1 1 1 1 1 0 0 1 0 1 0 1 0 0 0 0 0 1 0 0 1 0 0 0 0 1 1 0 1 1 0 1 1 1 0 1 0 0 0 0 1 0 1 0 0 1 1 0 1 0 0 1 0 1 0 1 0 0 0 0 0 0 1 0 1 0 0 1 0 1 0 0 1 1 1 1 1 0 1 1 
quality : 350
======================================

========== print chromosome ==========
genes : 0 1 1 0 1 1 1 0 1 0 1 1 1 1 0 1 1 1 0 0 1 1 1 1 1 0 0 1 0 1 0 1 0 0 0 0 0 1 0 0 1 0 0 0 0 1 1 0 1 1 0 1 1 0 0 1 0 0 0 0 1 1 1 0 0 1 1 0 1 0 0 1 0 1 0 0 0 0 0 0 0 0 1 0 1 0 0 1 0 1 0 0 1 1 1 1 1 0 1 1 
quality : 350
======================================

========== print chromosome ==========
genes : 0 1 1 0 1 1 1 0 1 0 1 1 1 1 0 1 1 1 0 0 1 1 1 1 1 0 0 1 0 1 0 0 0 0 0 0 0 1 0 0 1 0 0 0 0 1 1 0 1 1 0 1 1 1 0 1 0 0 0 0 1 1 1 0 0 1 1 0 1 0 0 1 0 1 0 0 0 0 0 0 0 0 1 0 1 0 0 1 0 1 0 0 1 1 1 1 1 0 1 1 
quality : 350
======================================

========== print chromosome ==========
genes : 0 1 1 0 1 1 1 0 1 0 1 1 1 1 1 1 1 1 0 0 1 1 1 1 1 0 0 1 0 1 0 1 0 0 0 0 0 1 0 0 1 0 0 0 0 1 1 0 1 1 0 1 1 1 0 1 0 0 0 0 1 1 1 0 0 1 1 0 1 0 0 1 0 1 0 0 0 0 0 0 0 0 1 0 1 0 0 1 0 1 0 1 1 1 1 1 1 0 1 1 
quality : 350
======================================

========== print chromosome ==========
genes : 0 1 1 0 1 1 1 0 1 0 1 1 1 1 0 1 1 1 0 0 1 1 1 1 1 0 0 1 0 1 0 1 0 0 0 0 0 1 0 0 1 0 0 0 0 1 1 0 1 1 0 1 1 1 0 1 0 0 0 0 1 1 1 0 0 1 1 0 1 0 0 1 0 1 0 0 0 0 0 0 0 0 1 0 1 0 0 1 0 1 0 0 1 1 1 1 1 0 1 1 
quality : 350
======================================

========== print chromosome ==========
genes : 0 1 1 0 1 1 1 0 1 0 1 1 1 1 1 1 1 1 0 0 1 1 1 1 1 0 0 1 0 1 0 1 0 0 0 0 0 1 0 0 1 0 0 0 0 1 1 0 1 1 0 1 1 1 0 1 0 0 0 0 1 1 1 0 0 1 1 0 1 0 0 1 0 1 0 0 0 0 0 0 0 0 1 0 1 0 0 1 0 1 0 0 1 1 1 1 1 0 1 1 
quality : 350
======================================

========== print chromosome ==========
genes : 0 1 1 0 1 1 1 0 1 0 1 1 1 1 0 1 1 1 0 0 1 1 1 1 1 0 0 1 0 1 0 1 0 0 0 0 0 1 0 0 1 0 0 0 0 1 1 0 1 1 0 1 1 1 0 1 0 0 0 0 1 1 1 0 0 1 1 0 1 0 0 1 0 1 0 0 0 0 0 0 0 0 1 0 1 0 0 1 0 1 0 0 1 1 1 1 1 0 1 1 
quality : 350
======================================

========== print chromosome ==========
genes : 0 1 1 0 1 1 1 0 1 0 1 1 1 1 0 1 1 1 0 0 1 1 1 1 1 0 0 1 0 1 0 1 0 0 0 0 0 1 0 0 1 0 0 0 0 1 1 0 1 1 0 1 1 1 0 1 0 0 0 0 1 1 1 0 0 1 1 0 1 0 0 1 0 1 0 0 0 0 0 0 0 0 1 0 1 0 0 1 0 1 0 0 1 1 1 1 1 0 1 1 
quality : 350
======================================

========== print chromosome ==========
genes : 0 1 1 0 1 1 1 0 1 0 1 1 1 1 0 1 1 0 0 0 1 1 1 1 1 0 0 1 0 1 0 1 0 0 0 0 0 1 0 0 1 0 0 0 0 1 1 0 1 1 0 1 1 1 0 1 0 0 0 0 1 1 1 0 0 1 1 0 1 0 0 1 0 1 0 0 0 0 0 0 0 0 1 0 1 0 0 1 0 1 0 0 1 1 1 1 1 0 1 1 
quality : 350
======================================

========== print final result ==========
Generations evolved: 8587687
Best quality: 350
Mean quality: 349.950012
Standard deviation: 0.223607
======================================

2 3 5 6 7 9 11 12 13 14 16 17 21 22 23 24 25 28 30 32 38 41 46 47 49 50 52 53 54 56 61 62 63 66 67 69 72 74 83 85 88 90 93 94 95 96 97 99 100 