========== print final result ==========
Generations evolved: 8381591
Best quality: 342
Mean quality: 341.450012
Standard deviation: 1.276302
======================================

Number of population: 20

========== print chromosome ==========
genes : 0 1 1 1 1 1 1 0 1 0 0 0 1 0 1 1 0 1 1 1 1 1 0 0 1 0 1 1 1 0 1 1 1 1 1 1 1 0 0 0 1 0 1 0 0 0 1 0 1 1 0 0 0 1 0 1 1 0 0 0 1 1 0 0 0 1 0 1 0 0 1 1 0 1 0 1 0 0 1 0 1 1 1 1 0 0 0 0 1 0 0 0 0 1 1 1 1 1 1 1 
quality : 337
======================================

========== print chromosome ==========
genes : 0 1 0 1 1 1 1 0 1 0 0 0 1 0 1 1 0 1 1 1 1 1 0 0 1 0 1 1 0 1 0 1 1 0 1 1 1 1 0 0 1 0 1 0 0 0 1 0 1 0 0 0 0 1 0 1 1 0 0 0 1 1 0 0 0 1 0 1 0 0 1 1 0 1 0 1 0 0 1 0 1 1 1 1 0 0 0 0 1 0 0 0 0 1 1 1 1 0 1 1 
quality : 340
======================================

========== print chromosome ==========
genes : 0 1 0 1 1 1 1 0 1 1 0 0 1 0 1 1 0 1 0 1 1 1 0 0 1 0 1 1 0 1 0 1 1 0 1 0 1 1 0 0 1 0 1 0 0 0 1 0 1 0 0 0 0 1 0 1 1 0 0 0 1 1 0 0 0 1 0 1 0 0 1 1 0 1 0 1 0 0 1 0 1 0 1 1 0 0 0 0 1 0 0 0 0 1 1 1 1 1 1 1 
quality : 340
======================================

========== print chromosome ==========
genes : 0 1 0 1 1 1 1 1 1 0 0 0 1 0 1 1 0 1 1 1 1 1 0 0 1 0 1 1 0 1 0 1 1 0 0 1 1 0 0 0 1 0 1 0 0 0 1 0 1 0 0 0 0 1 0 1 1 0 0 0 1 1 0 0 0 1 0 1 0 0 1 1 0 1 0 1 0 0 1 0 1 1 1 1 0 0 0 0 1 0 0 0 0 1 1 1 1 0 1 1 
quality : 340
======================================

========== print chromosome ==========
genes : 0 1 0 1 1 1 1 0 1 0 0 0 1 0 1 1 0 1 1 1 1 1 0 0 1 0 0 1 0 1 0 1 1 0 1 1 1 1 0 0 1 0 1 0 0 0 1 0 1 0 0 0 0 1 0 1 1 0 0 0 1 1 0 0 0 1 0 1 0 0 1 1 0 1 0 1 0 0 1 0 1 1 1 1 0 0 0 0 1 0 0 0 0 0 1 1 1 1 1 1 
quality : 342
======================================

========== print chromosome ==========
genes : 0 1 0 1 1 1 1 0 1 0 0 0 1 0 1 1 0 1 1 1 1 1 0 0 1 0 1 1 0 1 0 1 1 0 1 1 1 0 0 0 1 0 1 0 0 0 1 0 1 0 0 0 0 1 0 1 1 0 0 0 1 1 0 0 0 1 0 1 0 0 1 1 0 1 0 1 0 0 1 0 1 1 1 1 0 0 0 0 1 0 0 0 0 1 1 1 1 1 1 1 
quality : 342
======================================

========== print chromosome ==========
genes : 0 1 0 1 1 1 1 0 1 0 0 0 1 0 1 1 0 1 1 1 1 1 0 0 1 0 1 1 1 1 0 1 1 0 1 1 1 0 0 0 1 0 1 0 0 0 1 0 1 1 0 0 0 1 0 1 1 0 0 0 1 1 0 0 0 1 0 1 0 0 1 1 0 1 0 1 0 0 1 0 1 1 1 1 0 0 0 0 1 0 0 0 0 1 1 1 1 1 1 1 
quality : 342
======================================

========== print chromosome ==========
genes : 0 1 0 1 1 1 1 0 1 0 0 0 1 0 1 1 0 1 1 1 1 1 0 0 1 0 1 1 0 1 0 1 1 0 1 1 1 1 0 0 1 0 1 0 0 0 1 0 1 0 0 0 0 1 0 1 1 0 0 0 1 1 0 0 0 1 0 1 0 0 1 1 0 1 0 1 0 0 1 0 1 1 1 1 0 0 0 0 1 0 0 0 0 1 1 1 1 1 1 1 
quality : 342
======================================

========== print chromosome ==========
genes : 0 1 0 1 1 1 1 0 1 0 0 0 1 0 1 1 0 1 1 1 1 0 0 0 1 0 1 1 0 1 0 1 1 0 1 1 1 1 0 0 1 0 1 0 0 0 1 0 1 0 0 0 0 1 1 1 1 0 0 0 1 1 0 0 0 1 0 1 0 0 1 1 0 1 0 1 0 0 1 0 1 1 1 1 0 0 0 0 1 0 0 0 0 1 1 1 1 1 1 1 
quality : 342
======================================

========== print chromosome ==========
genes : 0 1 0 1 1 1 1 0 1 0 0 0 1 0 1 1 0 1 1 1 1 1 0 0 1 0 1 1 0 1 0 0 1 0 1 1 1 1 0 0 1 0 1 0 0 0 1 0 1 0 0 0 0 1 0 1 1 0 0 0 1 1 0 0 0 1 0 1 0 0 1 1 0 1 0 1 0 0 1 0 1 1 1 1 0 0 0 0 1 0 0 0 0 1 1 1 1 0 1 1 
quality : 342
======================================

========== print chromosome ==========
genes : 0 1 0 1 1 1 1 0 1 0 0 0 1 0 1 1 0 1 1 1 1 1 0 0 1 0 1 1 0 1 0 1 1 0 1 1 1 1 0 0 1 0 1 0 0 0 1 0 1 0 0 0 0 1 0 1 1 0 0 0 1 1 0 0 0 1 0 1 0 0 1 1 0 1 0 1 0 0 1 0 1 1 1 1 0 0 0 0 1 0 0 0 0 1 1 1 1 1 1 1 
quality : 342
======================================

========== print chromosome ==========
genes : 0 1 0 1 1 1 1 0 1 0 0 0 1 0 1 1 0 1 1 1 1 1 0 0 1 0 1 0 0 1 0 1 1 0 1 1 1 0 0 0 1 0 1 0 0 0 1 0 1 0 0 0 0 1 0 1 1 0 0 0 1 1 0 0 0 1 0 1 0 0 1 1 0 1 0 1 0 0 1 0 1 1 1 1 0 0 0 0 1 0 0 0 0 0 1 1 1 1 1 1 
quality : 342
======================================

========== print chromosome ==========
genes : 0 1 0 1 1 1 1 0 1 0 0 0 1 0 1 1 0 1 1 1 1 1 0 0 1 0 1 1 0 1 0 1 1 0 1 1 1 0 0 0 1 0 1 0 0 0 1 0 1 0 0 0 0 1 0 1 1 0 0 0 1 1 0 0 0 1 0 1 0 0 1 1 0 1 0 1 0 0 0 0 1 1 1 1 0 0 0 0 1 0 0 0 0 1 1 1 1 1 1 1 
quality : 342
======================================

========== print chromosome ==========
genes : 0 1 0 1 1 1 1 0 1 0 0 0 1 0 1 1 0 1 1 1 1 1 1 0 1 0 1 1 0 1 0 1 1 0 1 1 1 1 0 0 1 0 1 0 0 0 1 0 1 0 0 0 0 1 0 1 1 0 0 0 1 1 0 0 0 1 0 1 0 0 1 1 0 1 0 1 0 0 1 0 1 1 1 1 0 0 0 0 1 0 0 0 0 1 1 1 1 1 1 1 
quality : 342
======================================

========== print chromosome ==========
genes : 0 1 0 1 1 1 1 0 1 0 0 0 1 0 1 1 0 1 1 1 1 1 0 0 1 0 1 1 0 1 0 1 1 0 1 1 1 0 0 0 1 0 1 0 0 0 1 0 1 0 0 0 0 1 0 1 1 0 0 0 1 1 0 0 0 1 0 1 0 0 1 1 0 1 0 1 0 0 1 0 1 1 1 1 0 0 0 0 1 0 0 0 0 1 1 1 1 1 1 1 
quality : 342
======================================

========== print chromosome ==========
genes : 0 1 0 1 1 1 1 0 1 0 0 0 1 0 1 1 0 1 1 1 1 1 0 0 1 0 1 1 0 1 0 1 1 0 1 1 1 1 0 0 1 0 1 0 0 0 1 0 1 0 0 0 0 1 0 1 1 0 0 0 1 1 0 0 0 1 0 1 0 0 1 1 0 1 0 1 0 0 1 0 1 1 1 1 0 0 0 0 1 0 0 0 1 1 1 1 1 1 1 1 
quality : 342
======================================

========== print chromosome ==========
genes : 0 1 0 1 1 1 1 0 1 0 0 0 1 0 1 1 0 1 1 1 1 1 0 0 1 0 1 1 0 1 0 1 1 0 1 1 1 0 0 0 1 0 1 0 0 0 1 0 1 0 0 0 0 1 0 1 1 0 0 0 1 1 0 0 0 1 0 1 0 0 1 1 0 1 0 1 0 0 1 0 1 1 1 1 0 0 0 0 1 0 0 0 0 1 1 1 1 0 1 1 
quality : 342
======================================

========== print chromosome ==========
genes : 0 1 0 1 1 1 1 0 1 0 0 0 1 0 1 1 0 1 1 1 1 1 0 0 1 0 1 1 0 1 1 1 1 0 1 1 0 0 0 0 1 0 1 0 0 0 1 0 1 0 0 0 0 1 0 1 1 0 0 0 1 1 0 0 0 1 0 1 0 0 1 1 1 1 0 1 0 0 1 0 1 1 1 1 0 0 0 0 1 1 0 0 0 1 1 1 1 1 1 1 
quality : 342
======================================

========== print chromosome ==========
genes : 0 1 0 1 1 1 1 0 1 0 0 0 1 0 1 1 0 1 1 1 1 1 0 0 1 0 1 1 0 1 0 1 1 0 1 1 1 0 0 0 1 0 1 0 0 0 1 0 1 0 0 0 0 1 0 1 1 0 0 0 1 1 0 0 0 1 0 1 0 0 1 1 0 1 0 1 0 0 1 0 1 1 1 1 0 0 0 0 1 0 0 0 0 1 1 1 1 1 1 1 
quality : 342
======================================

========== print chromosome ==========
genes : 0 1 0 1 1 1 1 0 1 0 0 0 1 0 1 1 0 1 1 1 1 1 0 0 1 0 1 1 0 1 0 1 1 0 1 1 1 0 0 0 1 0 1 0 0 0 1 0 1 0 0 0 0 1 0 1 1 0 0 0 1 1 0 0 0 1 0 1 0 0 1 1 0 1 0 1 0 0 1 0 1 1 1 1 0 0 0 0 1 0 0 0 0 1 1 1 1 1 1 1 
quality : 342
======================================

========== print final result ==========
Generations evolved: 8381591
Best quality: 342
Mean quality: 341.450012
Standard deviation: 1.276302
======================================

2 4 5 6 7 9 13 15 16 18 19 20 21 22 25 27 28 30 32 33 35 36 37 41 43 47 49 54 56 57 61 62 66 68 71 72 74 76 79 81 82 83 84 89 94 95 96 97 98 99 100 