========== print final result ==========
Generations evolved: 8622840
Best quality: 344
Mean quality: 343.399994
Standard deviation: 1.759187
======================================

Number of population: 20

========== print chromosome ==========
genes : 0 0 1 1 1 1 1 0 1 0 0 1 1 0 1 1 0 1 0 0 0 1 1 0 1 0 0 0 0 1 0 1 1 0 1 1 0 1 1 0 1 0 1 1 0 1 0 1 1 1 0 1 1 0 1 1 0 0 0 1 1 0 0 0 0 1 0 0 0 1 0 1 0 1 0 1 1 1 0 1 0 0 1 1 1 0 0 1 0 0 0 0 1 0 0 1 0 0 1 1 
quality : 337
======================================

========== print chromosome ==========
genes : 0 0 1 1 1 0 1 0 1 0 0 1 1 0 1 1 0 1 0 0 0 1 1 0 1 0 0 0 0 1 0 1 1 0 1 1 0 1 1 0 1 0 1 1 0 1 0 1 1 1 0 1 1 0 1 1 0 0 0 1 1 0 0 0 0 1 0 0 0 1 0 1 0 1 0 1 0 1 0 1 0 0 1 1 1 0 0 1 0 0 0 0 1 0 0 1 0 0 1 1 
quality : 340
======================================

========== print chromosome ==========
genes : 1 0 1 1 1 1 1 0 1 0 0 1 1 0 1 1 0 0 0 0 0 1 1 0 1 0 0 0 0 1 0 1 0 0 1 1 0 1 1 0 1 0 1 1 0 1 0 1 1 1 0 1 1 0 1 1 0 0 0 1 1 0 0 0 0 1 0 0 0 1 0 1 0 1 0 1 0 1 0 1 0 0 1 1 1 0 0 1 0 0 0 0 1 0 0 1 0 0 1 1 
quality : 343
======================================

========== print chromosome ==========
genes : 0 0 1 1 1 1 1 0 1 0 0 1 1 0 1 1 0 1 0 0 0 1 1 0 1 0 0 0 0 1 0 1 1 0 1 1 0 1 1 0 1 0 1 1 0 1 0 1 1 1 0 1 1 0 1 1 0 0 0 1 1 0 0 0 0 1 1 0 0 1 0 1 0 1 0 1 0 1 0 0 0 0 1 1 1 0 0 1 0 0 0 0 1 0 0 1 0 0 1 1 
quality : 344
======================================

========== print chromosome ==========
genes : 0 0 1 1 1 1 1 0 1 0 0 1 1 0 1 1 0 1 0 0 0 1 1 0 1 0 0 0 0 1 0 1 1 0 1 1 0 1 1 0 1 0 1 1 0 1 0 1 1 1 0 1 1 0 1 1 0 0 0 1 1 0 0 0 0 1 0 0 0 1 0 1 0 1 0 1 0 1 0 1 0 0 1 1 1 0 0 1 0 0 0 0 1 0 0 1 0 0 1 1 
quality : 344
======================================

========== print chromosome ==========
genes : 0 0 1 1 1 1 1 0 1 0 0 1 1 0 1 1 0 1 0 0 0 1 1 0 1 0 0 0 0 1 0 1 1 0 1 1 0 1 0 0 1 0 1 1 0 1 0 1 1 1 0 1 1 0 1 1 0 0 0 1 1 0 0 0 0 1 0 0 0 1 0 1 0 1 0 1 0 1 0 1 0 0 1 1 1 0 0 1 0 0 0 0 1 0 0 1 0 0 1 1 
quality : 344
======================================

========== print chromosome ==========
genes : 0 0 1 1 1 1 1 0 1 0 0 1 1 0 1 1 0 0 0 0 0 1 1 0 1 0 0 0 0 1 0 1 1 0 1 1 0 1 1 0 1 0 1 1 0 1 0 1 1 1 0 1 1 0 1 1 0 0 0 1 1 0 0 1 0 1 0 0 0 1 0 1 0 1 0 1 0 1 0 1 0 0 1 1 1 0 0 1 0 0 0 0 1 0 0 1 0 0 1 1 
quality : 344
======================================

========== print chromosome ==========
genes : 0 0 1 1 1 1 1 0 1 0 0 1 1 0 1 1 0 1 0 0 0 1 1 0 1 0 0 0 0 1 0 1 0 0 1 1 0 1 1 0 1 0 1 1 0 1 0 1 1 1 0 1 1 0 1 1 0 0 1 1 1 0 0 0 0 1 0 0 0 1 0 1 0 1 0 1 0 1 0 1 0 0 1 1 1 0 0 1 0 0 0 0 1 0 0 1 0 0 1 1 
quality : 344
======================================

========== print chromosome ==========
genes : 0 0 1 1 1 1 1 0 1 0 0 1 1 0 1 1 0 1 0 0 0 1 1 0 1 0 0 0 0 1 0 1 1 0 1 1 0 1 1 0 1 0 1 1 0 1 0 1 1 1 0 1 1 0 1 1 0 0 0 1 1 0 0 0 0 1 0 0 0 1 0 1 0 1 0 1 0 1 0 1 0 0 1 1 1 0 0 1 0 0 0 0 1 0 0 1 0 0 1 1 
quality : 344
======================================

========== print chromosome ==========
genes : 0 0 1 1 1 1 1 0 1 0 0 1 1 0 1 1 0 1 0 0 0 1 1 0 1 0 0 0 0 1 0 1 1 0 1 1 0 1 1 0 1 0 1 1 0 1 0 1 1 1 0 1 1 0 1 1 0 0 0 1 1 0 0 0 0 1 0 0 0 1 0 0 0 1 0 1 0 1 0 1 0 0 1 1 1 0 0 1 0 0 1 0 1 0 0 1 0 0 1 1 
quality : 344
======================================

========== print chromosome ==========
genes : 0 0 1 1 1 1 1 0 1 0 0 1 1 0 1 1 0 1 0 0 0 1 1 0 1 0 0 0 0 1 0 1 1 0 1 1 0 1 1 0 1 0 1 1 0 1 0 1 1 1 0 1 1 0 1 1 0 0 0 1 1 0 0 0 0 1 0 0 0 1 0 1 0 1 0 1 0 1 0 1 0 0 1 1 1 0 0 1 0 0 0 0 1 0 0 1 0 0 1 1 
quality : 344
======================================

========== print chromosome ==========
genes : 0 0 1 1 0 1 1 0 1 0 0 1 1 0 1 1 0 0 0 0 0 1 1 0 1 0 0 0 0 1 0 1 1 0 1 1 0 1 1 0 1 0 1 1 0 1 0 1 1 1 0 1 1 0 1 1 0 0 0 1 1 0 0 0 0 1 0 0 0 1 0 1 0 1 0 1 0 1 0 1 0 0 1 1 1 0 0 1 0 0 0 0 1 0 0 1 0 0 1 1 
quality : 344
======================================

========== print chromosome ==========
genes : 0 0 1 1 1 1 1 0 1 0 0 1 1 0 1 1 0 1 0 0 0 1 1 0 1 0 0 0 0 1 0 1 1 0 1 1 0 1 1 0 1 0 1 1 0 1 0 1 1 1 0 1 1 0 1 1 0 0 0 1 1 0 0 0 0 1 0 0 0 1 0 1 0 1 0 1 0 1 0 1 0 0 1 1 1 0 0 1 0 0 0 0 1 0 0 1 0 0 1 1 
quality : 344
======================================

========== print chromosome ==========
genes : 0 0 1 1 1 0 1 0 1 0 0 1 1 0 1 1 0 1 0 0 0 1 1 0 1 0 0 0 0 1 0 1 1 0 1 1 0 1 1 0 1 0 1 1 0 1 0 1 1 1 0 1 1 0 1 1 0 0 0 1 1 0 0 0 0 1 0 0 0 1 0 1 0 1 0 1 1 1 0 1 0 0 1 1 1 0 0 1 0 0 0 0 1 0 0 1 0 0 1 1 
quality : 344
======================================

========== print chromosome ==========
genes : 0 0 1 1 1 1 1 0 1 0 0 1 1 0 1 1 0 1 0 0 0 1 1 0 1 0 0 0 0 1 0 1 1 0 1 1 0 1 1 0 1 0 1 1 0 1 0 1 1 1 0 1 1 0 1 1 0 0 0 1 1 0 0 0 0 1 0 0 0 1 0 1 0 1 0 1 0 1 0 1 0 0 1 1 1 0 0 1 0 0 0 0 1 0 0 1 0 0 1 1 
quality : 344
======================================

========== print chromosome ==========
genes : 0 0 1 1 1 1 1 0 1 0 0 1 1 0 1 1 0 1 0 0 0 1 1 0 1 0 0 0 0 1 0 1 1 0 1 1 0 1 1 0 1 0 1 1 0 1 0 1 1 1 0 1 1 0 1 1 0 0 0 1 1 0 0 0 0 1 0 0 0 1 0 1 1 1 0 1 0 1 0 1 0 0 1 1 1 0 0 1 0 0 0 0 1 0 0 1 0 0 1 1 
quality : 344
======================================

========== print chromosome ==========
genes : 0 0 1 1 1 1 1 0 1 0 0 1 1 0 1 1 0 1 0 0 0 1 1 0 1 0 0 0 0 1 0 1 1 0 1 1 0 1 1 0 1 0 1 1 0 1 0 1 1 1 0 1 1 0 1 0 0 0 0 1 1 0 0 0 0 1 0 1 0 0 0 1 0 1 0 1 0 1 0 1 0 0 1 1 1 0 0 1 0 0 0 0 1 0 0 1 0 0 1 1 
quality : 344
======================================

========== print chromosome ==========
genes : 0 0 1 1 1 1 1 0 1 0 0 1 1 0 1 1 0 1 0 0 0 1 1 0 1 0 0 0 0 1 0 1 1 0 1 1 0 1 1 0 1 0 1 1 0 1 0 1 1 1 0 1 1 0 1 1 0 0 0 1 1 0 0 0 0 1 0 0 0 0 0 1 1 1 0 1 0 1 0 1 0 0 1 1 1 0 0 1 0 0 0 0 1 0 0 1 0 0 1 1 
quality : 344
======================================

========== print chromosome ==========
genes : 0 0 1 1 1 1 1 0 1 0 0 1 1 0 1 1 0 1 0 0 0 1 1 0 1 0 0 0 0 1 0 1 1 0 1 1 0 1 1 0 1 0 1 1 0 1 0 1 1 1 0 1 1 0 1 1 0 0 0 1 1 0 0 0 0 1 0 0 0 1 0 1 0 1 0 1 0 1 0 1 0 0 1 1 1 0 0 1 0 0 0 0 1 0 0 1 0 0 1 1 
quality : 344
======================================

========== print chromosome ==========
genes : 0 0 1 1 1 1 1 0 1 0 0 1 1 0 1 1 0 1 0 0 0 1 1 0 1 0 0 0 0 1 0 1 1 0 1 1 0 1 1 0 1 0 1 1 0 1 0 1 1 1 0 1 1 0 1 1 0 0 0 1 1 0 0 0 0 1 0 0 0 1 0 1 0 1 0 1 0 1 0 1 0 0 1 1 1 0 0 1 0 0 0 0 1 1 0 1 0 0 1 1 
quality : 344
======================================

========== print final result ==========
Generations evolved: 8622840
Best quality: 344
Mean quality: 343.399994
Standard deviation: 1.759187
======================================

3 4 5 6 7 9 12 13 15 16 18 22 23 25 30 32 33 35 36 38 39 41 43 44 46 48 49 50 52 53 55 56 60 61 66 70 72 74 76 78 80 83 84 85 88 93 94 96 99 100 