========== print final result ==========
Generations evolved: 544874
Best quality: 3193
Mean quality: 3184.750000
Standard deviation: 14.278710
======================================

Number of population: 20

========== print chromosome ==========
genes : 1 1 0 0 1 0 1 0 0 0 1 1 0 0 0 0 1 0 0 0 0 0 1 0 0 0 0 1 1 0 1 1 1 0 1 1 1 1 1 1 0 0 1 0 1 0 1 1 0 0 1 1 1 0 0 1 0 0 1 1 0 1 1 1 1 1 0 0 0 1 1 0 1 0 0 0 1 1 0 0 0 1 1 1 1 1 0 0 1 1 0 1 0 0 0 1 0 0 1 0 1 0 0 1 0 0 1 0 1 0 1 0 1 0 0 1 1 0 0 0 0 0 0 0 0 1 1 1 1 1 0 0 0 0 0 1 0 0 1 0 0 1 1 1 0 1 0 0 0 1 0 1 0 1 0 1 0 0 0 0 1 0 1 1 1 0 1 1 1 1 1 1 0 1 1 0 1 1 1 1 1 1 0 0 0 1 0 1 0 1 1 0 0 1 0 0 1 0 1 0 1 0 1 1 0 0 0 1 1 0 0 0 1 0 0 0 1 1 1 0 1 0 1 0 1 1 1 1 0 0 0 0 0 1 0 1 0 1 1 0 1 0 1 1 1 1 1 0 1 0 1 1 1 1 1 0 0 1 0 0 0 0 0 0 0 0 1 1 0 1 1 0 0 0 0 1 1 0 0 0 1 1 0 0 1 1 0 0 1 0 1 1 1 0 0 1 0 0 1 0 0 0 1 1 1 0 1 1 1 0 1 1 1 1 0 1 0 0 1 0 1 1 0 1 1 1 1 1 1 0 0 1 0 1 1 0 1 0 1 0 0 1 0 0 1 0 0 0 0 1 0 0 1 1 1 0 0 0 0 0 0 1 1 0 1 0 0 1 1 0 0 0 0 1 1 1 0 1 0 0 0 1 0 0 1 1 0 0 0 1 0 0 1 0 1 1 1 1 1 1 1 1 0 0 0 0 0 0 0 0 0 0 1 0 0 0 0 1 1 1 1 0 1 1 1 1 0 1 1 0 0 0 0 1 0 1 1 1 0 0 0 0 1 0 0 1 0 0 0 0 1 0 0 1 0 1 0 0 1 0 0 0 1 0 0 1 0 0 1 0 0 1 0 0 0 1 1 1 1 1 0 1 1 0 1 1 0 0 0 1 0 1 1 0 1 0 0 1 0 1 
quality : 3149
======================================

========== print chromosome ==========
genes : 1 1 0 0 1 0 1 0 1 0 1 1 0 0 0 0 1 0 0 0 0 0 1 0 0 0 0 1 1 0 1 1 1 0 1 1 1 1 1 1 0 0 1 0 1 1 1 1 0 0 1 1 1 0 0 1 0 0 1 1 0 1 1 1 1 1 0 0 0 1 1 0 1 0 0 0 1 1 0 0 0 1 1 1 1 1 1 0 1 1 0 1 0 0 0 1 0 0 1 0 1 0 0 1 0 0 1 0 1 0 1 0 1 0 0 1 1 0 0 0 0 0 0 0 0 1 1 1 1 1 0 0 0 0 0 1 0 0 0 0 0 1 0 1 0 1 0 0 0 1 0 1 0 1 0 1 0 0 0 0 1 0 1 1 1 0 1 1 1 1 1 1 0 1 1 0 1 1 1 1 1 1 0 0 0 1 0 1 0 1 1 0 0 1 1 0 1 0 1 1 1 0 1 0 1 0 0 1 1 0 0 0 1 0 0 0 1 1 1 0 1 0 1 0 1 1 1 1 0 0 0 0 0 1 0 1 0 1 1 0 1 0 1 1 1 1 1 0 1 1 1 1 1 1 1 0 0 1 0 0 1 0 0 0 0 0 1 0 0 1 1 0 0 0 0 1 1 0 0 0 1 1 0 0 1 1 0 1 1 0 1 1 1 0 0 1 0 0 1 0 0 0 1 1 1 0 1 1 1 0 1 1 1 1 0 1 0 0 1 0 1 1 0 1 1 1 1 1 1 0 0 1 0 1 1 0 1 0 1 1 1 0 0 0 1 0 0 0 0 1 1 0 1 0 1 0 0 0 0 0 0 0 1 0 1 0 0 1 1 0 0 0 0 1 1 1 0 1 0 0 0 1 0 0 1 1 0 0 0 1 0 0 1 0 1 1 1 1 1 0 1 1 0 0 0 0 0 0 0 0 0 0 1 0 0 0 0 1 1 1 1 0 1 1 1 1 0 1 1 0 0 1 0 1 0 1 1 1 0 0 1 1 1 0 0 1 0 1 0 0 1 0 0 0 0 0 0 0 1 0 0 0 1 0 0 1 0 0 1 0 0 0 0 0 0 1 1 1 1 1 0 1 1 0 0 1 0 0 0 1 0 1 1 0 1 0 0 1 0 1 
quality : 3154
======================================

========== print chromosome ==========
genes : 1 1 0 0 1 0 1 0 1 0 0 1 0 0 0 0 1 0 0 0 0 0 1 0 0 0 0 1 1 0 1 1 1 0 1 1 1 1 1 1 0 0 1 0 1 1 1 1 0 0 1 1 1 0 0 1 0 0 1 1 0 1 1 1 1 1 0 0 0 1 1 0 1 0 1 0 1 1 0 0 0 1 1 1 1 1 0 0 1 1 0 1 0 0 0 1 0 1 1 1 1 0 0 1 0 0 1 0 1 0 1 0 1 0 0 1 1 0 0 0 0 0 0 0 0 1 1 1 1 1 0 0 0 0 0 1 0 0 0 0 0 1 1 1 0 1 0 0 0 1 0 1 0 1 0 1 0 0 0 0 1 0 1 1 1 0 1 1 1 1 1 1 0 1 1 0 1 1 1 1 1 1 0 0 0 1 0 1 0 1 1 0 0 1 0 0 1 0 1 1 1 0 0 1 0 0 0 1 1 0 0 0 1 0 0 0 1 1 1 0 1 0 1 0 1 1 1 1 0 0 0 0 0 1 0 1 0 1 1 0 1 0 1 1 1 1 1 0 1 1 1 1 1 1 1 0 0 1 0 0 1 0 0 0 0 0 1 0 0 1 1 0 0 0 0 1 1 0 0 0 1 1 0 0 1 0 0 1 1 0 1 1 1 0 0 1 0 0 1 0 0 0 1 1 1 0 1 1 1 0 1 1 1 1 0 1 0 0 1 0 1 1 0 1 1 1 1 1 1 0 0 1 0 1 1 0 1 0 1 1 1 1 0 0 1 0 0 0 0 1 1 0 1 1 1 0 1 0 0 0 0 0 1 0 1 0 0 1 1 0 0 0 0 1 1 1 0 1 0 0 0 1 0 0 1 1 0 0 0 1 0 0 1 0 1 1 1 1 1 0 0 1 0 0 0 0 0 0 0 0 0 0 1 0 0 0 0 1 1 1 1 0 1 1 1 1 0 1 1 0 0 1 0 1 0 1 1 1 0 0 1 1 1 0 0 1 0 1 0 0 1 0 0 0 0 0 0 0 1 0 0 0 1 0 0 1 0 0 1 0 0 0 0 0 0 1 1 1 1 1 0 1 1 0 0 1 0 0 0 1 0 1 1 0 1 0 0 1 0 1 
quality : 3159
======================================

========== print chromosome ==========
genes : 1 1 0 0 1 0 1 0 1 0 1 1 0 0 0 0 1 0 0 0 0 0 1 0 0 0 0 1 1 0 1 1 1 0 1 1 1 1 1 1 0 0 1 0 1 0 1 1 0 0 1 1 1 0 0 1 0 0 1 1 0 1 0 1 1 1 0 0 0 1 1 0 1 0 0 0 1 1 0 1 0 1 1 1 1 1 1 0 1 1 0 1 0 0 0 1 1 0 1 1 1 0 0 1 0 0 1 0 1 0 1 0 1 0 0 1 1 0 0 0 0 0 0 0 0 1 1 1 1 1 0 0 0 0 0 1 0 0 1 0 0 1 1 1 0 1 0 0 0 1 0 1 0 1 0 1 0 0 0 0 1 0 1 1 1 1 1 1 1 1 0 1 0 1 1 0 1 1 1 1 1 1 0 0 0 1 0 1 0 1 1 1 0 1 0 0 1 0 1 1 1 0 1 1 0 0 0 1 1 0 0 0 1 0 0 0 1 1 1 0 1 0 1 0 1 1 1 1 0 0 0 0 0 1 0 1 0 1 0 0 1 0 1 1 1 1 1 0 1 1 1 1 1 1 1 0 0 1 0 0 1 0 0 0 0 0 1 0 0 1 1 0 0 0 0 1 1 0 0 0 1 1 0 0 1 1 0 1 1 0 1 1 1 0 0 1 0 0 1 0 0 0 1 1 1 0 1 1 1 0 1 1 1 1 0 1 1 0 1 0 1 1 0 1 1 1 1 1 1 0 0 1 0 1 1 0 1 0 1 1 1 1 0 0 1 0 0 0 0 1 1 0 1 1 1 0 0 0 0 0 0 1 1 0 1 0 0 1 1 1 0 0 0 1 1 1 0 1 0 0 0 1 0 0 1 1 0 0 0 1 0 0 1 0 1 1 1 1 1 1 1 1 0 0 0 0 0 0 0 0 0 0 1 0 0 0 0 1 1 1 1 0 1 1 1 1 0 1 1 0 0 1 0 1 0 1 1 1 0 0 1 1 1 0 0 1 0 1 0 0 1 0 0 1 0 1 0 0 1 0 0 0 1 0 0 1 0 0 1 0 0 1 0 0 0 1 1 1 1 1 0 0 1 0 0 1 0 0 0 1 0 1 1 1 1 0 0 1 0 1 
quality : 3169
======================================

========== print chromosome ==========
genes : 1 1 0 0 1 0 1 0 1 0 1 1 0 0 0 0 1 0 0 0 0 0 1 0 0 0 0 1 1 0 1 1 1 0 1 1 1 1 1 1 0 0 1 0 1 0 1 1 0 0 1 1 1 0 0 1 0 0 1 1 0 1 1 1 1 1 0 0 0 1 1 0 1 0 0 0 1 1 0 0 0 1 1 1 1 1 0 0 1 1 0 1 0 0 0 1 0 0 1 0 1 0 0 1 0 0 1 0 1 0 1 0 1 0 0 1 1 0 0 0 0 0 0 0 1 1 1 1 1 1 0 0 0 0 0 1 0 1 1 0 0 1 1 1 0 1 0 0 0 1 0 1 0 1 0 1 0 0 0 0 1 0 1 1 1 0 1 1 1 1 1 1 0 1 1 0 1 1 1 1 1 1 0 1 0 1 0 1 0 1 1 0 0 1 0 0 1 0 1 1 1 0 1 1 0 0 0 1 1 0 0 0 1 0 0 0 1 1 1 0 1 0 1 0 1 1 1 1 0 0 0 0 0 1 0 0 0 1 1 0 1 0 1 1 1 1 1 0 1 0 1 1 1 1 1 0 0 1 0 0 1 0 0 0 0 0 1 0 0 1 1 0 0 0 0 1 1 0 0 0 1 1 0 0 1 1 0 1 1 0 1 1 1 0 0 1 0 0 1 0 0 0 1 1 1 0 1 1 1 0 1 1 1 1 0 1 0 0 1 0 1 1 0 1 1 1 1 1 1 0 0 1 0 1 1 0 1 0 1 1 1 1 0 0 1 0 0 0 0 1 1 0 1 1 1 0 0 0 0 0 0 0 1 0 1 0 0 1 1 0 0 0 0 1 1 1 0 1 0 0 0 1 0 0 1 1 0 0 0 1 0 0 1 0 1 1 1 1 1 1 1 1 0 0 0 0 0 0 0 0 0 0 1 0 0 0 0 1 1 1 1 0 1 1 1 1 0 1 1 0 0 0 0 1 0 1 1 1 0 0 0 0 1 0 0 1 0 1 0 0 1 0 0 1 0 1 0 0 1 0 0 0 1 0 0 1 0 0 1 0 0 1 0 0 0 1 1 1 1 1 0 1 1 0 1 1 0 0 0 1 0 1 1 0 1 0 0 1 0 1 
quality : 3191
======================================

========== print chromosome ==========
genes : 1 1 0 0 1 0 1 0 1 0 1 1 0 0 0 0 1 0 0 0 0 0 1 0 0 0 0 1 1 0 1 1 1 0 1 1 1 1 1 1 0 0 1 0 1 0 1 1 0 0 1 1 1 0 0 1 0 0 1 1 0 1 1 1 1 1 0 0 0 1 1 0 1 0 0 0 1 1 0 0 0 1 1 1 1 1 0 0 1 1 0 1 0 0 0 1 0 0 1 0 1 0 0 1 0 0 1 0 1 0 1 0 1 0 0 1 1 0 0 0 0 0 0 0 0 1 1 1 1 1 0 0 0 0 0 1 0 0 1 0 0 1 1 1 0 1 0 0 0 1 0 1 0 1 0 1 0 0 0 0 1 0 1 1 1 0 1 1 1 1 1 1 0 1 1 0 1 1 1 1 1 1 0 0 0 1 0 1 0 1 1 0 0 1 0 0 1 0 1 0 1 0 1 1 0 0 0 1 1 0 0 0 1 0 0 0 1 1 1 0 1 0 1 0 1 1 1 1 0 0 0 0 0 1 0 1 0 1 1 0 1 0 1 1 1 1 1 0 1 0 1 1 1 1 1 0 0 1 0 0 1 0 0 0 0 0 1 1 0 1 1 0 0 0 0 1 1 0 0 0 1 1 0 0 1 1 0 1 1 0 1 1 0 0 0 1 0 0 1 0 0 0 1 1 1 0 1 1 1 0 1 1 1 1 0 1 0 0 1 0 1 1 1 1 1 1 1 1 1 0 0 1 0 1 1 0 1 0 1 1 1 1 0 0 1 0 0 0 0 1 1 0 1 1 1 0 1 0 0 0 0 0 1 0 1 0 0 1 1 0 0 0 0 1 1 1 0 1 0 0 0 1 0 0 1 1 0 0 1 1 0 0 1 0 1 1 1 1 1 1 1 1 0 0 0 0 0 0 0 0 0 0 1 0 0 0 0 1 1 1 1 0 1 1 1 1 0 1 1 0 0 1 0 1 0 1 1 1 0 0 1 0 1 0 0 1 0 1 0 0 1 0 0 1 0 1 0 0 1 0 0 1 1 0 0 1 0 0 1 0 0 0 0 0 0 1 1 1 1 1 0 1 1 0 0 1 0 0 0 1 0 1 1 0 1 0 0 1 0 1 
quality : 3191
======================================

========== print chromosome ==========
genes : 1 1 0 0 1 0 1 0 1 0 1 1 0 0 0 0 1 0 0 0 0 0 1 0 0 0 0 1 1 0 1 1 1 0 1 1 1 1 1 1 0 0 1 0 1 0 1 1 0 0 1 1 1 0 0 1 0 0 1 1 0 1 1 1 1 1 0 0 0 1 1 0 1 0 0 0 1 1 0 0 0 1 1 1 1 1 0 0 1 1 0 1 0 0 0 1 0 0 1 0 1 0 0 1 0 0 1 0 1 0 1 0 1 0 0 1 1 0 0 0 0 0 0 0 0 1 1 1 1 1 0 0 0 0 0 1 0 0 1 0 0 1 1 1 0 1 0 0 0 1 0 1 0 1 0 1 0 0 0 0 1 0 1 1 1 0 1 1 1 1 1 1 0 1 1 0 1 1 1 1 1 1 0 0 0 1 0 1 0 1 1 0 0 1 0 0 1 0 1 1 1 0 1 1 0 0 0 1 1 0 0 0 1 0 0 0 1 1 0 0 1 0 1 0 1 1 1 1 0 0 0 0 0 1 0 1 0 1 0 0 1 0 1 1 1 1 1 0 1 0 1 1 1 1 1 0 0 1 0 0 1 0 0 0 0 0 1 0 0 1 1 0 0 0 0 1 1 0 0 0 1 1 0 0 1 1 0 1 1 0 1 1 1 0 0 1 0 0 1 0 0 0 1 1 1 0 1 1 1 1 1 1 1 1 0 1 0 0 1 0 1 1 0 1 1 1 1 1 1 0 0 1 0 1 1 0 1 0 1 1 1 1 0 0 1 0 0 0 0 1 1 0 1 1 1 0 0 0 0 0 0 0 1 0 0 0 0 1 1 0 0 0 0 1 1 1 0 1 0 0 0 1 0 0 1 1 0 0 0 1 0 0 1 0 1 1 1 1 1 1 1 1 0 0 0 0 0 0 0 0 0 0 1 0 0 0 0 1 1 1 1 0 1 1 1 1 0 1 1 0 0 1 0 1 0 1 1 1 0 0 1 0 1 0 0 1 0 1 0 0 1 0 0 1 0 1 0 0 1 0 0 0 1 0 0 1 0 0 1 0 0 1 0 0 0 1 1 1 1 1 0 1 1 0 0 1 0 0 0 1 0 1 1 0 1 0 0 1 0 1 
quality : 3191
======================================

========== print chromosome ==========
genes : 1 1 0 0 1 0 1 0 1 0 1 1 0 0 0 0 1 0 0 0 0 0 1 0 0 0 0 1 1 0 1 1 1 0 1 1 1 1 1 1 0 0 1 0 1 0 1 1 0 0 1 1 1 0 0 1 0 0 1 1 0 1 1 1 1 1 0 0 0 1 1 0 1 0 0 0 1 1 0 0 0 1 1 1 1 1 0 0 1 1 0 1 0 0 0 1 0 0 1 1 1 0 0 1 1 0 1 0 1 0 0 0 1 0 0 1 1 0 0 0 0 0 0 0 0 0 1 1 1 1 0 0 0 0 0 1 0 0 1 0 0 1 1 1 0 1 0 0 0 1 1 1 0 0 0 1 0 0 0 0 1 0 1 1 1 0 1 1 1 1 1 1 0 1 1 0 1 1 1 1 1 1 0 0 0 1 0 1 0 1 1 0 0 1 0 0 1 0 1 1 1 0 1 1 0 0 0 1 1 0 0 0 1 0 0 0 1 1 1 0 1 0 1 0 1 1 1 1 0 0 0 0 0 1 0 1 0 1 1 0 1 0 1 1 1 1 1 0 1 1 1 1 1 1 1 0 0 1 0 0 1 0 0 0 0 0 1 0 0 1 1 0 0 0 0 1 1 0 0 0 1 1 0 0 1 0 0 1 1 0 1 1 1 0 0 0 0 0 1 0 0 0 1 1 1 0 1 1 1 0 1 1 1 1 0 1 0 0 1 0 1 1 0 1 1 1 1 1 1 0 0 1 0 1 1 0 1 0 1 1 1 1 0 0 1 0 0 0 0 1 1 0 1 1 1 0 0 0 0 0 0 0 1 0 0 0 0 1 1 0 0 0 0 1 1 1 0 1 0 0 0 1 0 0 1 1 0 0 0 1 0 0 1 0 1 1 1 1 1 1 1 1 0 0 0 0 0 0 0 0 0 0 1 0 0 0 0 1 1 1 1 0 1 1 1 1 0 1 1 0 0 1 0 1 0 1 1 1 0 0 1 0 1 0 0 1 0 1 0 0 1 0 0 1 0 1 0 0 1 0 0 0 1 0 0 1 0 0 1 0 0 1 0 0 0 1 1 1 1 1 0 1 1 0 0 1 0 0 0 1 0 1 1 0 1 0 0 1 0 1 
quality : 3191
======================================

========== print chromosome ==========
genes : 1 1 0 0 1 0 1 0 1 0 1 1 0 0 0 0 1 0 0 0 0 0 1 0 0 0 0 1 1 0 1 1 1 0 1 1 1 1 1 1 0 0 1 0 1 0 1 1 0 0 1 1 1 0 0 1 0 1 1 0 0 1 1 1 1 1 0 0 0 1 1 0 1 0 0 0 1 1 0 0 0 1 1 1 1 1 1 0 1 1 0 1 0 0 0 1 0 0 1 0 1 0 0 1 0 0 1 0 1 0 1 0 1 0 0 1 1 0 0 0 0 0 0 0 0 1 1 1 1 1 0 0 0 0 0 1 0 1 1 0 0 1 1 1 0 1 0 0 0 1 0 1 0 1 0 1 0 0 0 0 1 0 1 1 1 0 1 1 1 1 1 0 0 1 1 0 1 1 1 1 1 1 0 0 0 1 0 1 0 1 1 0 0 1 0 0 1 0 1 1 1 0 1 1 0 0 0 0 1 0 0 0 1 0 0 0 1 1 1 0 1 0 1 0 1 1 1 1 0 0 0 0 0 1 0 1 0 1 1 0 1 0 1 1 1 1 1 0 1 0 1 1 1 1 1 0 0 1 0 0 1 0 0 0 0 0 1 0 0 1 1 0 0 0 0 1 1 0 0 0 1 1 0 0 1 1 0 1 1 0 1 1 1 0 0 1 0 0 1 0 0 0 1 1 1 0 1 1 1 0 1 1 1 1 0 1 0 0 1 0 1 1 0 1 1 1 1 1 1 0 0 1 0 1 1 0 1 0 1 1 1 1 0 0 1 0 0 0 0 1 1 0 1 1 1 0 0 0 0 0 0 0 1 0 1 0 0 1 1 0 0 0 0 1 1 1 0 1 0 1 0 1 0 0 1 1 0 0 0 0 0 0 1 0 1 1 1 1 1 1 1 1 0 0 0 0 0 0 0 0 0 0 1 0 0 0 0 1 1 1 1 0 1 1 1 1 0 1 1 0 0 1 0 1 0 1 1 1 0 0 1 0 1 0 0 1 0 1 0 0 1 0 0 1 0 1 0 0 1 0 0 0 1 0 0 1 0 0 1 0 0 1 0 0 0 1 1 1 1 1 0 1 1 0 0 1 0 0 0 1 0 1 1 0 1 0 0 1 0 1 
quality : 3191
======================================

========== print chromosome ==========
genes : 1 1 0 0 1 0 1 0 1 0 1 1 0 0 0 0 1 0 0 0 0 0 1 0 0 0 0 1 1 0 1 1 1 0 1 1 1 1 1 1 0 0 1 0 1 0 1 1 0 0 1 1 1 0 0 1 0 1 1 1 0 1 1 1 1 0 0 0 0 1 1 0 1 0 0 0 1 1 0 0 0 1 1 1 1 1 1 0 1 1 0 1 0 0 0 1 0 0 1 1 1 0 0 1 0 0 1 0 1 0 1 0 1 0 0 1 1 0 0 0 0 0 0 0 0 1 1 1 1 1 0 0 0 0 0 1 0 1 1 0 0 1 1 1 0 1 0 0 0 1 0 1 0 1 0 1 0 0 0 0 1 0 1 1 1 0 1 1 1 1 1 1 0 1 1 0 1 1 1 1 1 1 0 0 0 1 0 1 0 1 1 0 0 1 0 0 1 0 1 1 1 0 1 1 0 0 0 0 1 0 0 0 1 0 0 0 1 1 1 0 1 0 1 0 1 1 1 1 0 0 0 0 0 1 0 1 0 1 1 0 1 0 1 1 1 1 1 1 1 1 1 1 1 1 1 0 0 1 0 0 1 0 0 0 0 0 1 0 0 1 1 0 0 0 0 1 1 0 0 0 1 1 0 0 1 1 0 1 1 0 1 1 1 0 0 1 0 0 1 0 0 0 1 1 1 0 1 1 1 0 1 1 1 1 0 1 0 0 1 0 1 1 0 1 1 1 1 1 1 0 0 1 0 1 1 0 1 0 0 1 1 1 0 0 1 0 0 0 0 1 1 0 1 1 1 0 0 0 1 0 0 0 1 0 1 0 0 1 1 0 0 0 0 1 1 1 0 1 0 0 0 1 0 0 1 1 1 0 0 1 0 0 1 0 1 1 1 1 1 1 1 1 0 0 0 0 0 0 0 0 0 0 1 0 0 0 0 1 1 1 1 0 1 1 1 1 0 1 1 0 0 1 0 1 0 1 1 1 0 0 1 1 1 0 0 1 0 1 0 0 1 0 0 1 0 1 0 0 1 0 0 0 1 0 0 1 0 0 1 0 0 1 0 0 0 1 1 1 1 1 0 1 1 0 0 1 0 0 0 1 0 1 1 0 1 0 0 1 0 1 
quality : 3191
======================================

========== print chromosome ==========
genes : 1 1 0 0 1 0 1 0 1 0 0 1 0 0 0 0 1 0 0 0 0 0 1 0 0 0 0 1 1 0 1 1 1 0 1 1 1 1 1 1 0 0 1 0 1 0 1 1 0 0 1 1 1 0 0 1 0 0 1 1 0 1 1 1 1 1 0 0 0 1 1 0 1 0 0 0 1 1 0 0 0 1 1 1 1 1 0 0 1 1 0 1 0 0 0 1 0 1 1 1 1 0 0 1 0 0 1 0 1 0 1 0 1 0 0 1 1 0 0 0 0 0 0 0 0 1 1 0 1 1 0 0 0 0 0 1 0 0 1 0 0 1 1 1 0 1 0 0 0 1 0 1 0 1 0 1 0 0 0 0 1 0 1 0 1 0 1 1 1 1 1 1 0 1 1 0 1 1 1 1 1 1 0 0 0 1 0 1 0 1 1 0 0 1 0 0 1 0 1 1 1 0 1 1 0 0 0 1 1 0 0 0 1 0 0 0 1 1 1 0 1 0 1 0 1 1 1 1 0 0 0 0 0 1 0 1 0 1 1 0 1 0 1 1 1 1 1 0 1 0 1 1 1 1 1 0 0 1 0 0 1 0 0 0 0 0 1 0 0 1 1 0 0 0 0 1 1 0 0 0 1 1 0 0 1 1 0 1 1 0 0 1 1 0 0 1 0 0 1 0 0 0 1 1 1 0 1 1 1 0 1 1 1 1 0 1 0 0 1 0 1 1 0 1 1 1 1 1 1 0 0 1 0 1 1 0 1 0 1 1 1 1 0 0 1 0 0 0 0 1 1 0 1 1 1 0 0 0 0 0 0 0 1 0 1 0 0 1 1 0 0 0 1 1 1 1 0 1 0 0 0 1 0 0 1 1 0 0 0 1 0 0 1 0 1 1 1 1 1 1 1 1 0 0 0 0 0 0 0 0 0 0 1 0 0 0 0 1 1 1 1 0 1 1 1 1 0 1 1 0 0 1 0 1 0 1 1 1 0 0 1 0 1 0 0 1 0 1 0 0 1 0 0 1 0 1 0 0 1 0 0 0 1 0 0 1 0 0 1 0 0 1 0 0 0 1 1 1 1 1 0 1 1 0 0 1 0 0 0 1 0 1 1 0 0 0 0 1 0 1 
quality : 3191
======================================

========== print chromosome ==========
genes : 1 1 0 0 1 0 1 0 1 0 1 1 0 0 0 0 1 0 0 0 0 0 1 0 0 0 0 1 1 0 1 1 1 0 1 1 1 1 1 1 0 0 1 0 1 0 1 1 0 0 1 1 1 0 0 1 0 0 1 1 0 1 1 1 1 1 0 0 0 1 1 0 1 0 0 0 1 1 0 0 0 1 1 1 1 1 1 0 1 1 0 1 0 0 0 1 0 0 1 1 1 0 0 1 0 0 1 0 1 0 1 0 1 0 0 1 1 0 0 0 1 0 0 0 0 1 1 1 1 1 0 0 0 0 0 1 0 0 1 0 0 1 1 1 0 1 0 0 0 1 0 1 0 1 0 1 0 0 0 0 1 0 1 1 1 0 1 1 1 1 1 1 0 1 1 0 1 1 1 1 1 1 0 0 0 1 0 1 0 1 1 0 0 1 0 0 1 0 1 1 1 0 1 1 0 0 0 1 1 0 0 0 1 0 0 0 1 1 1 0 1 0 1 0 1 1 1 1 0 0 0 0 0 1 0 1 0 1 1 0 1 0 1 1 1 1 1 0 1 1 1 1 1 1 1 0 0 1 0 0 1 0 0 0 0 0 1 0 0 1 1 0 0 0 0 1 1 0 0 0 1 1 0 0 1 0 0 1 1 0 1 1 1 0 0 1 0 0 1 0 0 0 1 1 1 0 1 1 1 0 1 1 1 1 0 1 0 0 1 0 1 1 0 1 1 1 1 1 1 0 0 1 0 1 1 0 1 0 1 1 1 1 0 0 1 0 0 0 0 1 1 0 1 1 1 0 0 0 0 0 0 0 1 0 1 0 0 1 1 0 0 0 0 1 1 1 0 1 0 0 0 1 0 0 1 1 0 0 0 1 0 0 1 0 1 1 1 1 1 1 1 1 0 0 0 0 0 0 0 0 0 0 1 0 0 0 0 1 1 1 1 0 1 1 1 1 0 1 1 0 0 1 1 1 0 1 1 1 0 0 1 1 1 0 0 1 0 1 0 0 0 0 0 1 0 1 0 0 1 0 0 0 1 0 0 1 0 0 1 0 1 1 0 0 0 1 1 1 1 1 0 0 1 0 0 1 0 0 0 1 0 1 1 0 1 0 0 1 0 1 
quality : 3191
======================================

========== print chromosome ==========
genes : 1 1 0 0 1 0 1 0 1 0 1 1 0 0 0 0 1 0 0 0 0 0 1 0 0 0 0 1 1 0 1 1 1 0 1 1 1 1 1 1 0 0 1 0 1 0 1 1 0 0 1 1 1 0 0 1 0 0 1 1 0 1 1 1 1 1 0 0 0 1 1 0 1 0 0 0 1 1 0 1 0 1 1 1 1 1 1 0 1 1 0 1 0 0 0 1 0 0 1 1 1 0 0 1 0 0 1 0 1 0 1 0 1 0 0 1 1 0 0 0 0 0 0 0 0 1 1 1 1 1 0 0 0 0 0 1 0 0 1 0 0 1 1 1 0 1 0 0 0 1 0 1 0 1 0 1 0 0 0 0 1 0 1 1 1 1 1 1 1 1 1 1 0 1 1 0 1 1 1 1 1 1 0 0 0 1 0 1 0 1 1 0 0 1 0 0 1 0 1 1 1 0 1 1 0 0 0 1 1 0 0 0 1 0 0 0 1 1 1 0 1 0 1 0 1 1 1 1 0 0 0 0 0 1 0 1 0 1 1 0 1 0 1 1 1 1 1 0 1 1 1 1 1 1 1 0 0 1 0 0 1 0 0 0 0 0 1 0 0 1 1 0 0 0 0 1 1 0 0 0 1 1 0 0 1 1 0 1 1 0 1 1 1 0 0 1 0 0 1 0 0 0 1 1 1 0 1 1 1 0 1 1 1 1 0 1 0 0 1 0 1 1 0 1 1 1 1 1 1 0 0 1 0 1 1 0 1 0 1 1 1 1 0 0 1 0 0 0 0 1 1 0 1 1 1 0 0 0 0 0 0 0 1 0 1 0 0 1 1 0 0 0 0 1 1 1 0 1 0 0 0 1 0 0 1 1 0 0 0 1 0 0 1 0 1 1 1 1 1 1 1 1 0 0 0 0 0 0 0 0 0 0 1 0 0 0 0 1 1 1 1 0 1 1 1 1 0 1 1 0 0 1 0 1 0 1 1 1 0 0 1 1 1 0 0 1 0 1 0 0 1 0 0 1 0 1 0 0 1 0 0 0 1 0 0 1 0 0 1 0 0 1 0 0 0 1 1 1 1 1 0 0 1 0 0 1 0 0 0 1 0 1 1 1 1 0 0 1 0 1 
quality : 3191
======================================

========== print chromosome ==========
genes : 1 0 0 0 1 0 1 0 1 0 1 1 0 0 0 0 1 0 0 0 0 0 1 0 0 0 0 1 1 0 1 1 1 0 1 1 1 1 1 1 0 0 1 0 1 0 1 1 0 0 1 1 1 0 0 1 0 0 1 1 0 1 1 1 1 1 0 0 0 1 1 0 1 0 0 0 1 1 0 0 0 1 1 1 1 1 1 0 1 1 0 1 0 0 0 1 0 0 1 1 1 0 0 1 0 0 1 0 1 0 1 0 1 0 0 1 1 0 0 0 0 0 0 0 0 1 1 1 1 1 0 0 0 0 0 1 0 0 0 0 0 1 1 1 0 1 0 0 0 1 0 1 0 1 0 1 0 0 0 0 1 0 1 1 1 0 1 1 1 1 1 1 0 1 1 0 1 1 1 1 1 1 0 0 0 1 0 1 0 1 1 0 0 1 0 0 1 0 1 1 1 0 1 1 0 0 0 1 1 0 0 0 1 0 0 0 1 1 1 0 1 0 1 0 1 1 1 1 0 0 0 0 0 1 0 1 0 1 1 0 1 0 1 1 1 1 1 0 1 1 1 1 1 1 1 0 0 1 0 0 1 0 0 0 0 0 1 0 0 1 1 0 0 0 0 1 1 0 0 0 1 1 0 0 1 1 0 1 1 0 1 1 1 0 0 1 0 0 1 0 0 0 1 1 1 0 1 1 1 0 1 1 1 1 0 1 0 0 1 0 1 1 0 1 1 1 1 1 1 0 0 1 0 1 1 0 1 0 1 1 1 1 0 0 1 0 0 0 0 1 1 0 1 1 1 0 0 0 0 0 0 0 1 0 1 0 0 1 1 0 0 0 0 1 1 1 0 1 0 0 0 1 0 0 1 1 0 0 0 1 0 0 1 0 1 1 1 1 1 0 1 1 0 0 0 0 0 0 0 0 0 0 1 0 0 0 0 1 1 1 1 0 1 1 1 1 0 1 1 0 0 1 0 1 0 1 1 1 0 0 1 1 1 0 0 1 0 1 0 0 1 0 0 0 0 0 0 0 1 0 0 0 1 0 0 1 0 0 1 0 0 0 0 0 0 1 1 1 1 1 0 1 1 0 0 1 0 0 0 1 0 1 1 0 1 0 0 1 0 1 
quality : 3191
======================================

========== print chromosome ==========
genes : 1 1 0 0 1 0 1 0 1 0 1 1 0 0 0 0 1 0 0 0 0 0 1 0 0 0 0 1 1 0 1 1 1 0 1 1 1 1 1 1 0 0 1 0 1 0 1 1 0 0 1 1 1 0 0 1 0 1 1 1 0 1 1 1 1 1 0 0 0 1 1 0 1 0 0 0 1 1 0 0 0 1 1 1 1 1 1 0 1 1 0 1 0 0 0 1 0 0 1 1 1 0 0 1 0 0 1 0 1 0 1 0 1 0 0 1 1 0 0 0 0 0 0 0 0 1 1 1 1 1 0 0 0 0 0 1 0 0 1 1 0 1 1 1 0 1 0 0 0 1 0 1 0 1 0 1 0 0 0 0 1 0 1 1 1 0 1 1 1 1 1 0 0 1 1 0 1 1 1 1 1 1 0 0 0 1 0 1 0 1 1 0 0 1 0 0 1 0 1 1 0 0 1 1 0 0 0 1 1 0 0 0 1 0 0 0 1 1 1 0 1 0 1 0 1 1 1 1 0 0 0 0 0 1 0 1 0 1 1 0 1 0 1 1 1 1 1 0 1 1 1 1 1 1 1 0 0 1 0 0 1 0 0 0 0 0 1 0 0 1 1 0 0 0 0 1 1 0 0 0 1 1 0 0 1 0 0 1 1 0 1 1 1 0 0 1 0 0 1 0 0 0 1 1 1 0 1 1 1 0 1 1 1 1 0 1 0 0 1 0 1 1 0 1 1 1 1 1 1 0 1 1 0 1 1 0 1 0 1 1 1 1 0 0 1 0 0 0 0 1 1 0 1 0 1 0 0 0 0 0 0 0 1 0 1 0 0 1 1 0 0 0 0 1 1 1 0 1 0 0 0 1 0 0 1 1 0 0 0 1 0 0 1 0 1 1 1 1 1 1 1 1 0 0 0 0 0 0 0 0 0 0 1 0 0 1 0 1 1 1 1 0 0 1 1 1 0 1 1 0 0 1 0 1 0 1 1 1 0 0 1 1 1 0 0 1 0 1 0 0 1 0 0 1 0 1 0 0 1 0 0 0 1 0 0 1 0 0 1 0 0 1 0 0 0 1 1 1 1 1 0 1 1 0 0 1 0 0 0 1 0 1 1 0 1 0 0 1 1 1 
quality : 3191
======================================

========== print chromosome ==========
genes : 1 1 0 0 1 0 1 0 1 0 1 1 0 0 0 0 1 0 0 0 0 0 1 0 0 0 0 1 1 0 1 1 1 0 1 1 1 1 1 1 0 0 1 0 1 0 1 1 0 0 1 1 1 0 0 1 0 0 1 1 0 1 1 1 1 1 0 0 0 1 1 0 1 1 0 0 1 1 0 0 0 1 1 1 1 1 0 0 1 1 0 1 0 0 0 1 0 0 1 0 1 0 0 1 0 0 1 0 1 0 1 0 1 0 0 1 1 0 0 0 0 0 0 0 0 1 1 1 1 1 1 0 0 0 0 1 0 0 1 0 0 1 1 1 0 1 0 0 0 1 0 1 0 1 0 1 0 0 0 0 1 0 1 1 1 0 1 1 1 1 1 1 0 0 1 0 1 1 1 1 1 1 0 0 0 1 0 1 0 1 1 0 0 1 0 0 1 0 1 1 1 0 1 1 1 0 0 0 1 0 0 0 1 0 0 0 1 1 1 0 1 0 1 0 1 1 1 1 0 0 0 0 0 1 0 1 0 1 1 0 1 0 1 1 1 1 1 0 1 0 1 1 1 1 1 0 0 1 0 0 1 0 0 0 0 0 1 0 0 1 1 0 0 0 0 1 1 0 0 0 1 1 0 0 1 1 0 1 1 0 1 1 1 1 0 1 0 0 1 0 0 0 1 1 1 0 1 1 1 0 1 1 1 1 0 1 0 0 1 0 1 1 0 1 1 1 1 1 1 0 0 1 0 1 1 0 1 0 1 1 1 1 0 0 1 0 0 0 0 1 1 0 1 1 1 0 0 0 0 0 0 0 1 0 1 0 0 1 1 0 0 0 0 1 1 1 0 1 0 0 0 1 0 0 1 1 0 0 0 1 0 0 1 0 1 1 1 1 1 1 1 1 0 0 0 0 0 0 0 0 0 0 1 0 0 0 0 1 1 1 1 0 1 1 1 1 0 1 1 0 0 1 0 1 0 1 1 1 0 0 1 1 1 0 0 1 0 1 0 0 1 0 0 1 0 1 0 0 1 0 0 0 1 0 0 1 0 0 1 0 0 1 0 0 0 1 1 1 1 1 0 0 1 0 0 1 0 0 0 1 1 1 1 1 1 0 0 1 0 1 
quality : 3192
======================================

========== print chromosome ==========
genes : 1 1 0 0 1 0 1 0 1 0 1 1 0 0 0 0 1 0 0 0 0 0 1 0 0 0 0 1 1 0 1 1 1 0 1 1 1 1 1 1 0 0 1 0 1 0 1 1 0 0 1 1 1 0 0 1 0 0 1 1 0 1 1 1 1 1 0 0 0 1 1 0 1 0 0 0 1 1 0 0 0 1 1 1 1 1 1 0 1 1 0 1 0 0 0 1 0 0 1 1 1 0 0 1 0 0 1 0 1 0 1 0 1 0 0 1 1 0 0 0 1 0 0 0 0 1 1 1 0 1 0 0 0 0 0 1 0 0 1 0 0 1 1 1 0 1 0 0 0 1 0 1 0 1 0 1 0 0 0 0 1 0 1 1 1 0 1 1 1 0 1 1 0 1 1 0 1 1 1 1 1 1 0 0 0 1 0 1 0 1 1 0 0 0 0 0 0 0 1 1 1 0 1 1 0 0 0 1 1 0 0 1 1 0 0 0 1 1 1 0 1 0 1 0 1 1 1 1 0 0 0 0 0 1 0 1 0 1 1 0 1 0 1 1 1 1 1 0 1 1 1 1 1 1 1 0 0 1 0 0 1 0 0 0 0 0 1 0 0 1 1 0 0 0 0 1 1 0 0 0 1 1 0 0 1 1 0 0 1 0 1 1 1 0 0 1 0 0 1 0 0 0 1 1 1 0 1 1 1 0 1 1 1 1 0 1 0 0 1 0 1 1 0 1 1 1 1 1 1 0 0 1 0 1 1 0 1 0 1 1 1 0 0 0 1 0 0 0 0 1 1 0 1 1 1 0 0 0 0 0 0 0 1 0 1 0 0 1 1 0 0 0 0 1 1 1 0 1 0 0 0 1 0 0 1 1 0 0 0 1 0 0 1 0 1 1 1 1 1 1 1 1 0 0 0 0 0 0 0 0 0 0 1 0 0 0 0 1 1 1 1 0 1 1 1 1 0 1 1 0 0 1 0 1 0 1 1 1 0 0 1 1 1 0 0 1 0 1 0 0 1 1 0 1 0 1 0 0 1 0 0 0 1 0 0 1 0 0 1 0 0 1 0 0 0 1 1 1 1 1 0 1 1 0 0 1 0 0 0 1 0 1 1 0 1 0 0 1 0 1 
quality : 3192
======================================

========== print chromosome ==========
genes : 1 1 0 0 1 0 1 0 1 0 1 1 0 0 0 0 1 0 0 0 0 1 1 0 0 0 0 1 1 0 1 1 1 0 1 1 1 1 1 1 0 0 1 0 1 0 1 1 0 0 1 1 1 0 0 1 0 0 1 1 0 1 1 1 1 1 0 0 0 1 1 0 1 1 0 0 1 1 0 0 0 1 1 1 1 1 0 0 1 1 0 1 0 0 0 1 0 0 1 0 1 0 0 1 0 0 1 0 1 0 1 0 1 0 0 1 1 0 0 0 0 0 0 0 0 1 1 1 1 1 0 0 0 0 0 1 0 0 1 0 0 1 1 1 0 1 0 0 0 1 0 1 0 1 0 1 0 0 0 0 1 0 1 1 1 0 1 1 1 1 1 1 0 1 1 0 1 1 1 1 1 1 0 0 0 1 0 1 0 1 1 0 0 1 0 0 1 0 1 1 1 0 1 1 0 0 0 0 1 0 0 0 1 0 0 0 1 1 1 0 1 0 1 0 1 1 1 1 0 0 0 0 0 1 0 1 0 1 1 0 1 0 1 1 1 1 1 0 1 0 1 1 1 1 1 0 0 1 0 0 1 0 0 0 0 0 1 0 0 1 1 0 0 0 0 1 1 0 0 0 1 1 0 0 1 1 0 1 1 0 1 1 1 0 0 1 0 0 1 0 0 0 1 1 1 0 1 1 1 0 1 1 1 0 0 1 0 0 1 0 1 1 0 1 1 1 1 1 1 0 0 1 0 1 1 0 1 0 1 1 1 1 0 0 1 0 0 0 0 1 1 0 1 1 1 0 0 0 0 0 0 0 1 0 1 0 0 1 1 0 0 0 0 1 1 1 0 1 0 0 0 1 0 0 1 1 0 0 0 1 0 0 1 0 1 1 1 1 1 1 1 1 0 0 0 0 0 0 1 0 0 0 1 0 0 0 0 1 1 1 1 0 1 1 1 1 0 1 1 0 1 1 0 1 0 1 1 1 0 0 1 1 1 0 0 1 0 1 0 0 1 1 0 1 0 1 0 0 1 0 0 0 1 0 0 1 0 0 1 0 0 1 0 0 0 1 1 1 1 1 0 1 1 0 0 1 0 0 0 1 0 1 1 0 1 0 0 1 0 1 
quality : 3193
======================================

========== print chromosome ==========
genes : 1 1 0 0 1 0 1 0 1 0 1 0 0 1 0 0 1 0 0 0 0 0 1 0 0 0 0 1 1 0 1 1 1 0 1 1 1 1 1 1 0 0 1 0 1 0 1 1 0 0 1 1 1 0 0 1 0 0 1 1 0 1 1 1 1 1 0 0 0 1 1 0 1 0 0 0 1 1 0 0 0 1 1 1 1 1 0 0 1 1 0 1 0 0 0 1 0 0 1 1 1 0 0 1 0 0 1 0 1 0 1 0 1 0 0 1 1 0 0 0 0 0 0 0 0 1 1 1 1 1 0 0 0 0 0 1 0 0 1 0 0 1 1 1 0 1 0 0 0 1 0 1 0 1 0 1 0 0 0 0 1 0 1 1 1 0 1 1 1 1 1 1 0 1 1 0 1 1 1 1 1 1 0 0 0 1 0 1 0 1 0 0 0 1 0 0 1 0 1 1 1 0 1 1 0 0 0 1 1 0 0 0 1 0 0 0 1 1 1 0 1 0 1 0 1 1 1 1 0 0 0 0 0 1 0 1 0 1 1 0 1 0 1 1 1 1 1 0 1 1 1 1 1 1 1 0 0 1 0 0 1 0 0 0 0 0 1 0 0 1 1 0 0 0 0 1 1 0 0 0 1 1 1 0 1 0 0 1 1 0 1 1 1 0 0 1 0 0 1 0 0 0 1 1 1 0 1 1 1 0 1 1 1 1 0 0 0 0 1 0 1 1 0 1 1 1 1 1 1 0 0 1 0 1 1 0 1 0 1 1 1 1 0 0 1 0 0 0 0 1 1 0 1 1 1 0 0 0 0 0 0 0 1 0 1 0 0 1 1 0 0 0 0 1 1 1 0 1 0 0 0 1 0 0 1 1 0 0 0 1 0 0 1 0 1 1 1 1 1 1 1 1 0 0 0 0 0 0 0 0 0 0 1 0 0 0 0 1 1 1 1 0 1 1 1 1 0 1 1 0 0 1 0 1 0 1 1 1 0 0 1 0 1 0 0 1 0 1 0 0 1 0 0 1 0 1 0 0 1 0 0 0 1 0 0 1 0 0 1 0 0 1 0 0 0 1 1 1 1 1 0 1 1 0 0 1 0 0 0 1 0 1 1 0 1 0 0 1 0 1 
quality : 3193
======================================

========== print chromosome ==========
genes : 1 1 0 0 1 0 1 0 1 0 1 1 0 0 0 0 1 0 0 0 0 0 1 1 0 0 0 1 1 0 1 1 1 0 1 1 1 1 1 1 0 0 1 0 1 0 1 1 0 0 1 1 1 0 0 1 0 0 1 1 0 1 1 1 1 1 0 0 0 1 1 0 1 0 0 0 1 1 0 0 0 1 1 1 1 1 0 0 1 1 0 1 0 0 0 1 0 0 1 1 1 0 0 1 0 0 1 0 1 0 1 0 1 0 0 1 1 0 0 0 0 0 0 0 0 1 1 1 1 1 0 0 0 0 0 1 0 0 1 0 0 1 1 1 0 1 0 0 0 1 0 1 0 1 0 1 0 0 0 0 1 0 1 1 1 0 1 1 1 1 1 1 0 1 1 0 1 1 1 1 1 1 0 0 0 1 0 1 0 1 1 0 0 1 0 0 1 0 1 1 1 0 1 1 0 0 0 1 1 0 0 1 1 0 0 0 1 1 1 0 1 0 1 0 1 1 1 1 0 0 0 0 0 1 0 1 0 1 1 0 1 0 1 1 1 1 1 0 1 1 1 1 1 1 1 0 0 1 0 0 1 0 0 0 0 0 1 0 0 1 1 0 0 0 0 1 1 0 0 0 1 1 0 0 1 0 0 1 1 0 1 1 1 0 0 1 0 0 1 0 0 0 1 1 1 0 1 1 1 0 0 1 1 1 0 1 0 0 0 0 1 1 0 1 1 1 1 1 1 0 0 1 0 1 1 0 1 0 1 1 1 1 0 0 1 0 0 0 0 1 1 0 1 1 1 0 0 0 0 0 0 0 1 0 1 0 0 1 1 0 0 0 0 1 1 1 0 1 0 0 0 1 0 0 1 1 0 0 0 1 0 0 1 0 1 1 1 1 1 1 1 1 0 0 0 0 0 0 0 0 0 0 1 0 0 0 0 0 1 1 1 0 1 1 1 1 0 1 1 0 0 1 0 1 0 1 1 1 0 0 1 1 1 0 0 1 0 1 0 0 1 0 0 1 0 1 0 0 1 0 0 0 1 0 0 1 0 0 1 0 0 1 0 0 0 1 1 1 1 1 0 1 1 0 0 1 0 0 0 1 0 1 1 0 1 0 0 1 0 1 
quality : 3193
======================================

========== print final result ==========
Generations evolved: 544874
Best quality: 3193
Mean quality: 3184.750000
Standard deviation: 14.278710
======================================

1 2 5 7 9 11 12 17 23 24 28 29 31 32 33 35 36 37 38 39 40 43 45 47 48 51 52 53 56 59 60 62 63 64 65 66 70 71 73 77 78 82 83 84 85 86 89 90 92 96 99 100 101 104 107 109 111 113 116 117 126 127 128 129 130 136 139 142 143 144 146 150 152 154 156 161 163 164 165 167 168 169 170 171 172 174 175 177 178 179 180 181 182 186 188 190 191 194 197 199 200 201 203 204 208 209 212 213 217 218 219 221 223 225 226 227 228 234 236 238 239 241 243 244 245 246 247 249 250 251 252 253 254 255 258 261 267 270 271 276 277 281 282 285 288 289 291 292 293 296 299 303 304 305 307 308 309 312 313 314 316 321 322 324 325 326 327 328 329 332 334 335 337 339 340 341 342 345 350 351 353 354 355 363 365 368 369 374 375 376 378 382 385 386 390 393 395 396 397 398 399 400 401 402 413 419 420 421 423 424 425 426 428 429 432 434 436 437 438 441 442 443 446 448 451 454 456 459 463 466 469 472 476 477 478 479 480 482 483 486 490 492 493 495 498 500 