========== print final result ==========
Generations evolved: 543648
Best quality: 3193
Mean quality: 3185.100098
Standard deviation: 12.883690
======================================

Number of population: 20

========== print chromosome ==========
genes : 0 1 0 1 0 1 0 1 1 1 1 1 1 1 1 1 1 1 0 1 0 0 1 0 0 1 1 1 0 1 0 0 1 1 1 1 0 1 0 0 1 1 0 0 0 1 1 0 1 0 0 1 0 0 0 0 0 1 1 1 0 1 0 0 0 0 1 0 1 1 0 0 0 0 0 1 1 0 0 0 1 0 0 0 1 0 1 0 1 0 1 1 1 1 0 1 0 0 0 0 1 1 0 0 1 0 0 1 0 1 1 1 1 0 1 1 0 0 1 1 1 1 0 0 1 0 0 1 1 0 1 1 0 1 0 0 1 1 1 1 1 0 0 1 0 0 1 0 1 1 1 0 1 0 1 0 0 1 1 1 0 1 1 1 0 1 0 1 0 1 0 0 1 0 0 1 0 1 1 0 1 0 0 0 0 1 0 1 1 1 1 0 1 1 0 0 1 0 1 1 1 0 1 1 1 0 1 1 1 1 1 1 0 1 1 0 1 1 1 1 0 0 1 1 1 0 0 1 1 1 1 0 0 1 0 0 0 0 1 1 1 0 0 1 0 0 1 0 1 0 0 0 0 1 1 1 0 1 0 1 1 0 0 0 1 0 1 1 0 0 1 0 1 0 1 1 0 0 0 0 0 0 0 1 0 1 1 1 1 0 0 1 0 1 0 1 0 1 0 1 0 0 0 1 0 1 1 1 0 1 0 1 0 0 1 0 0 0 0 0 0 1 1 1 0 0 1 0 0 0 1 0 1 0 1 0 1 1 0 1 1 0 1 1 1 0 0 1 0 0 1 1 1 0 1 1 1 0 1 1 0 0 0 1 0 0 1 0 0 1 0 1 0 0 0 0 0 0 1 0 1 1 1 1 0 1 0 0 0 0 1 0 1 0 1 1 0 1 1 1 0 1 0 1 1 0 1 1 0 0 0 1 0 1 0 1 1 1 0 1 0 0 0 1 0 1 1 0 1 0 1 1 1 1 0 0 0 1 1 1 1 0 1 0 1 0 0 0 1 0 1 0 0 0 0 1 1 1 0 0 0 1 1 1 1 1 1 0 0 0 0 0 1 1 0 1 0 1 0 0 0 0 0 1 0 0 1 0 0 0 1 0 0 1 0 1 1 0 0 0 
quality : 3160
======================================

========== print chromosome ==========
genes : 0 1 0 1 0 1 0 1 1 1 1 1 1 1 1 1 1 1 0 1 0 0 1 0 0 1 1 1 0 1 0 0 1 1 1 1 0 1 0 0 1 0 0 0 0 1 1 0 1 0 0 1 0 0 1 0 0 1 1 1 0 1 0 0 0 0 1 0 1 1 0 0 0 0 0 1 1 0 0 0 1 0 0 0 0 0 1 0 1 0 1 1 1 1 0 1 1 0 0 1 1 1 0 0 1 0 0 1 0 1 1 1 0 1 1 0 0 0 1 0 1 1 0 0 1 0 0 1 1 0 1 1 0 1 0 0 1 1 1 1 1 0 0 1 0 0 0 0 1 1 1 0 1 0 1 0 0 0 1 1 0 1 1 1 0 1 1 1 0 1 0 0 1 0 0 1 0 1 0 0 1 0 1 1 0 1 1 1 1 1 1 0 1 1 0 0 1 1 1 1 1 0 1 0 1 0 1 1 1 1 1 1 1 1 1 0 1 1 1 1 0 0 1 1 1 0 0 1 1 1 1 0 0 1 1 0 0 0 1 1 1 0 0 1 0 0 1 0 1 0 0 0 0 1 1 1 0 1 0 1 0 0 0 0 1 0 1 1 0 0 1 0 1 0 1 1 0 0 0 0 0 0 0 1 0 1 1 1 1 0 0 1 0 1 0 0 0 1 0 1 1 0 0 1 0 1 1 1 0 1 0 1 0 0 1 0 0 0 0 0 0 1 1 1 0 0 1 0 0 0 1 0 1 0 1 1 1 1 0 1 1 0 1 1 1 0 0 1 0 0 1 1 1 1 1 1 1 0 1 1 0 0 1 1 0 0 1 0 0 1 0 1 0 0 0 0 0 0 0 0 1 1 0 1 0 1 0 0 0 0 1 0 0 0 1 1 0 1 1 1 0 1 0 1 1 0 1 1 0 0 0 1 0 1 0 1 1 1 0 1 0 0 0 1 1 1 1 0 1 0 1 1 1 1 0 0 0 1 1 1 1 0 1 0 0 0 0 0 1 0 1 0 0 0 0 1 1 1 0 0 0 1 1 1 1 1 1 0 0 0 0 0 0 1 0 1 0 1 1 0 0 0 0 1 0 0 1 0 0 0 1 0 0 0 0 0 1 0 0 0 
quality : 3148
======================================

========== print chromosome ==========
genes : 0 1 0 1 0 1 0 1 1 1 1 1 1 1 1 1 1 1 0 1 0 0 1 0 0 1 1 1 0 1 0 0 1 0 1 1 0 1 0 0 1 0 0 0 0 1 1 0 1 0 0 1 0 0 0 0 0 1 1 1 0 1 0 0 0 0 1 0 1 1 0 0 0 0 0 1 1 0 0 0 1 0 0 0 1 0 1 0 1 0 1 1 1 1 0 1 0 0 0 0 1 1 0 0 1 0 0 1 0 1 1 1 1 0 1 1 0 1 1 1 1 1 0 0 1 0 0 1 1 0 1 1 0 1 0 0 1 1 1 1 1 0 0 1 0 0 0 0 1 1 1 0 1 0 1 0 0 1 1 1 0 1 1 1 0 1 1 1 0 1 0 0 1 0 0 1 0 1 0 0 1 0 1 1 0 1 0 1 1 1 1 0 1 1 0 0 1 1 1 1 1 0 1 0 1 0 1 1 1 1 1 1 0 1 1 0 1 1 1 1 0 0 1 1 1 0 0 1 1 1 1 0 0 1 1 0 0 0 1 1 1 0 0 1 0 0 1 0 1 0 0 0 0 1 1 1 0 1 0 1 1 0 0 0 1 1 1 1 0 0 1 0 1 0 1 1 0 0 0 0 0 0 0 1 0 1 1 1 1 0 0 1 0 1 0 1 0 1 0 1 0 0 0 1 0 1 1 1 0 1 0 1 0 0 1 0 0 0 0 0 0 1 1 1 0 0 1 0 0 0 1 0 1 0 1 0 1 1 0 1 1 0 1 1 1 0 0 1 0 0 1 1 1 0 1 1 1 0 1 1 0 0 0 1 0 0 1 0 0 1 0 1 0 1 0 0 0 0 0 0 1 1 1 1 0 1 0 0 0 0 1 0 1 0 1 1 1 1 1 1 0 1 0 1 1 0 1 1 0 0 1 1 0 1 0 1 0 1 0 1 1 0 0 1 1 1 1 0 1 0 1 1 1 1 0 0 0 0 1 1 1 0 1 1 1 0 0 0 1 0 1 0 0 0 0 1 1 1 0 0 0 1 1 1 1 1 1 0 0 0 0 0 1 1 0 1 0 1 0 0 0 0 0 1 0 0 1 0 0 0 1 0 0 0 0 1 1 0 0 0 
quality : 3180
======================================

========== print chromosome ==========
genes : 0 1 0 1 0 1 0 1 1 1 1 0 1 1 1 1 1 1 0 1 0 0 1 0 0 1 1 1 0 1 0 0 1 1 1 1 0 1 0 0 1 0 0 0 0 1 1 0 1 0 0 1 0 0 0 0 0 1 1 1 0 1 0 1 0 0 1 0 1 1 0 0 0 0 0 1 1 1 0 0 1 0 0 0 0 0 1 0 1 0 1 1 1 1 0 1 0 0 0 0 1 1 0 0 1 0 0 1 0 1 1 1 0 1 0 0 0 0 1 1 1 1 0 0 1 0 0 1 0 0 1 1 0 1 0 0 1 1 1 1 1 0 0 1 0 0 0 0 1 1 1 0 1 0 0 0 0 1 1 1 1 1 1 1 0 1 1 1 0 1 0 0 1 0 0 1 0 1 0 0 1 0 1 1 0 1 1 1 1 1 1 0 1 1 0 0 1 1 1 1 1 0 1 0 1 0 1 1 1 1 1 1 1 1 1 0 1 1 1 1 0 0 1 1 1 0 0 1 1 1 1 0 0 1 1 0 0 0 1 1 1 0 0 1 0 0 1 0 1 1 0 0 0 0 1 1 0 1 0 1 1 0 0 0 1 0 1 1 0 0 1 0 1 0 1 1 0 0 0 0 0 0 0 1 0 1 1 1 1 0 0 1 0 1 0 1 0 1 0 1 0 0 0 1 0 1 1 1 0 1 0 1 0 0 0 0 0 0 0 0 0 1 1 1 0 0 1 0 0 0 1 0 1 0 1 0 1 1 1 1 1 0 1 1 1 0 0 1 0 0 1 1 1 0 1 0 1 0 1 1 0 0 0 1 0 0 1 0 0 1 0 1 0 1 0 0 0 0 0 0 1 1 1 1 0 1 0 0 0 0 1 0 1 0 1 1 0 1 0 1 0 1 0 1 0 0 1 1 0 0 0 1 0 1 0 1 0 1 0 1 0 0 0 1 1 1 1 0 1 0 1 1 1 1 0 0 0 1 1 1 1 0 1 0 0 0 0 0 1 0 1 0 0 0 0 1 1 1 0 0 0 1 1 1 1 1 1 0 0 0 0 0 1 1 0 1 0 1 0 0 0 0 0 1 0 0 1 0 0 0 1 0 0 0 0 1 1 0 0 0 
quality : 3161
======================================

========== print chromosome ==========
genes : 0 1 0 1 0 1 0 1 1 1 1 1 1 1 1 1 1 1 0 1 0 0 0 0 0 1 0 1 0 1 0 0 1 0 1 1 0 1 0 0 1 0 0 0 0 1 1 0 1 0 0 1 0 0 0 0 0 1 1 1 0 1 0 0 0 0 1 0 1 1 0 0 0 0 0 1 1 0 0 0 1 0 0 0 1 0 1 0 1 0 1 1 1 1 0 1 0 0 0 0 1 1 0 0 1 0 0 1 0 1 1 1 1 1 1 1 0 0 1 1 1 1 0 0 1 0 0 1 1 0 1 1 0 1 0 0 1 1 1 1 1 0 0 1 0 0 0 0 1 1 1 0 1 0 1 0 0 1 1 1 0 1 1 1 0 1 1 1 0 1 0 0 1 0 0 1 0 1 0 0 1 0 1 1 0 1 0 1 1 1 1 0 1 1 0 0 1 1 1 1 1 0 1 0 1 0 1 1 1 1 1 1 0 1 1 0 1 1 1 1 0 0 1 1 1 0 0 1 1 1 1 0 0 1 1 0 0 0 1 1 1 0 0 1 0 0 1 0 1 0 0 0 0 1 1 1 0 1 0 1 1 0 0 0 1 0 1 1 0 0 1 0 1 0 1 1 0 0 0 0 0 0 0 1 0 1 1 1 1 0 0 1 0 1 0 1 0 1 0 1 0 0 0 1 0 1 1 1 0 1 0 1 0 0 1 0 0 0 0 0 0 1 1 1 0 0 1 0 0 0 1 0 1 0 1 0 1 1 0 1 1 0 1 1 1 0 0 1 0 0 1 1 1 0 1 1 1 0 1 1 0 0 0 1 0 0 1 0 0 1 0 1 0 0 0 0 0 0 0 0 1 1 1 1 0 1 0 0 0 0 1 0 1 0 1 1 0 1 1 1 0 1 0 1 1 0 1 1 0 0 1 1 0 1 0 1 0 1 0 1 1 0 0 1 1 1 1 0 1 0 1 1 1 1 0 0 0 1 1 1 1 0 1 1 1 0 0 0 1 0 1 0 0 0 0 1 1 1 0 0 0 1 1 1 1 1 1 0 0 0 0 0 1 1 0 1 0 1 0 0 0 0 0 1 0 0 1 0 0 0 1 0 0 0 0 1 1 0 0 0 
quality : 3189
======================================

========== print chromosome ==========
genes : 0 1 0 1 0 1 0 1 1 1 1 1 1 1 1 1 1 1 0 1 0 0 1 0 0 1 1 1 0 1 0 0 1 1 1 1 0 1 0 0 1 0 0 0 0 1 1 0 1 0 0 1 0 0 0 0 0 1 1 1 0 1 0 0 0 0 1 0 1 1 0 0 0 0 0 1 1 0 0 0 1 0 0 0 0 0 0 0 1 0 1 1 1 1 0 1 0 0 0 0 1 1 0 0 1 0 0 1 0 1 1 1 0 1 1 0 0 0 1 1 1 1 0 0 1 0 0 1 1 0 1 1 0 1 0 0 1 1 1 1 1 0 0 1 0 0 0 0 1 1 1 0 1 0 1 0 0 1 1 1 0 1 1 1 0 1 1 1 0 1 0 0 1 0 0 1 0 1 0 0 1 0 1 1 0 1 1 1 1 1 1 0 1 1 0 0 1 1 1 1 1 0 1 0 1 0 1 1 1 1 1 1 1 1 1 0 1 1 1 1 0 0 1 1 1 0 0 1 1 1 1 0 0 1 1 0 0 0 1 1 1 0 0 1 0 0 1 0 1 0 0 0 0 1 1 1 0 1 0 1 1 0 0 0 1 0 1 1 0 0 1 0 1 0 1 1 0 0 0 0 0 0 0 1 0 1 1 1 1 0 0 1 0 1 0 1 0 1 0 1 0 0 0 1 0 1 1 1 0 1 0 1 0 0 1 0 0 0 0 0 0 1 1 1 0 0 1 0 0 0 1 0 1 0 1 0 1 1 0 1 1 0 1 1 1 0 0 1 0 0 1 1 1 0 1 1 1 0 1 1 0 0 0 1 0 0 1 0 0 1 0 1 0 0 0 0 0 0 0 0 1 1 1 1 0 1 0 0 0 0 1 0 1 0 1 1 0 1 1 1 0 1 0 1 1 0 1 1 0 0 0 1 0 1 0 1 0 1 0 0 0 0 0 1 1 1 1 0 1 0 1 1 1 1 0 0 0 1 1 1 1 0 1 0 0 0 0 0 1 1 1 0 0 0 0 1 1 1 0 0 0 1 1 1 1 1 1 0 0 0 0 0 1 1 0 1 0 1 0 0 0 0 0 1 0 0 1 0 0 0 1 0 0 0 0 1 1 0 0 0 
quality : 3190
======================================

========== print chromosome ==========
genes : 0 1 0 1 0 1 0 1 1 1 1 1 1 1 1 1 1 1 0 1 0 0 1 0 0 1 1 1 0 1 0 0 1 1 1 1 0 1 0 0 1 0 0 0 0 1 1 0 1 0 0 1 0 0 0 0 0 1 1 1 0 1 0 0 0 0 0 0 1 1 0 0 0 0 0 1 1 0 0 0 1 0 1 0 0 0 1 0 1 0 1 1 1 1 0 1 0 0 0 0 1 1 0 0 1 0 0 1 0 1 1 1 0 1 1 0 0 0 1 1 1 1 0 0 1 0 0 1 1 0 1 1 0 1 0 0 1 1 1 1 1 0 0 1 0 0 0 0 1 1 1 0 1 0 1 0 0 1 1 1 0 1 1 1 0 1 1 1 0 1 0 0 1 0 0 1 0 1 0 0 1 0 1 1 0 1 1 1 1 1 1 0 1 1 0 0 1 1 1 1 1 0 1 0 1 0 1 1 1 1 1 1 1 1 1 0 1 1 1 1 0 0 1 0 1 0 0 1 1 1 1 1 0 1 1 0 0 0 1 1 1 0 0 1 0 0 1 0 1 0 0 0 0 1 1 1 0 1 0 1 1 0 0 0 1 0 1 1 0 0 1 0 1 0 1 1 0 0 0 0 0 0 0 1 0 1 1 1 1 0 0 1 0 1 0 1 0 1 0 1 0 0 0 1 0 1 1 1 0 1 0 1 0 0 1 0 0 0 0 0 0 1 1 1 0 0 1 0 0 0 1 0 1 0 1 0 1 1 0 1 1 0 1 1 1 0 0 1 0 0 1 1 1 0 1 1 1 0 1 1 0 0 0 1 0 0 1 0 0 1 0 1 0 0 0 0 0 0 0 0 1 1 1 1 0 1 0 0 0 0 1 0 1 0 1 1 0 1 1 1 0 1 0 1 1 0 1 1 0 0 0 1 0 1 0 1 0 1 0 1 0 0 0 1 1 1 1 0 1 0 1 1 0 1 0 0 0 1 1 1 1 0 1 0 0 0 0 0 1 0 1 0 0 0 0 1 1 1 0 0 0 1 1 1 0 1 1 0 0 0 0 0 1 1 0 1 0 1 0 0 0 0 0 1 0 0 1 0 0 0 1 0 0 0 0 1 1 0 0 0 
quality : 3190
======================================

========== print chromosome ==========
genes : 0 1 0 1 0 1 0 1 1 0 1 1 1 1 1 1 1 1 0 1 0 0 1 0 0 1 1 1 0 1 0 0 1 1 1 1 0 1 0 0 1 0 0 0 0 1 1 0 1 0 0 1 0 0 0 0 0 1 1 1 0 1 0 0 0 0 1 0 1 1 0 1 0 0 0 1 1 0 0 0 1 0 0 0 0 0 1 0 1 0 1 1 1 1 0 1 1 0 0 0 1 1 0 0 1 0 0 1 0 1 1 1 0 1 1 0 0 0 1 1 1 1 0 0 1 0 0 1 1 0 1 1 0 1 0 0 1 1 1 1 1 0 0 1 0 0 0 0 1 1 1 0 1 0 1 0 0 1 1 1 0 1 1 1 0 1 1 1 0 1 0 0 1 0 0 1 0 1 0 0 1 0 1 1 0 1 1 1 1 1 1 0 1 1 0 0 1 1 1 1 1 0 1 0 1 0 1 1 1 1 1 1 1 1 1 0 1 1 1 1 0 0 0 1 1 0 0 1 1 1 1 0 0 1 1 0 0 0 1 1 1 0 0 1 0 0 1 0 1 0 0 0 0 1 1 1 0 1 0 1 1 0 0 0 1 0 1 1 0 0 1 0 1 0 1 1 0 0 0 0 0 0 0 1 0 1 1 1 1 0 0 1 0 1 0 1 0 1 0 1 0 0 0 1 0 1 1 1 0 1 0 1 0 0 1 0 0 0 0 0 0 1 1 1 0 0 1 0 0 0 1 0 1 0 1 0 1 1 0 1 1 1 1 1 1 0 0 1 0 0 1 1 1 0 1 1 1 0 1 1 0 0 0 1 0 0 1 0 0 1 0 1 0 0 0 0 0 0 0 0 1 1 1 1 0 1 0 0 0 0 1 0 1 0 1 1 0 1 1 1 0 1 0 1 1 0 1 1 0 0 0 1 0 1 0 1 0 1 0 1 0 0 0 1 1 1 1 0 1 0 1 1 1 1 0 0 0 1 1 1 1 0 1 0 0 0 0 0 1 0 1 0 0 0 0 1 1 1 0 0 0 1 1 1 1 1 1 0 0 0 0 0 1 1 0 1 0 1 0 0 0 0 0 1 0 0 1 0 0 0 1 0 0 0 0 1 1 0 0 0 
quality : 3190
======================================

========== print chromosome ==========
genes : 0 1 0 1 0 1 0 1 1 1 1 1 1 1 1 1 1 1 0 1 0 0 1 0 0 1 1 1 0 1 0 0 1 1 1 1 0 1 0 0 1 0 0 0 0 1 1 0 1 0 0 1 0 0 0 0 0 1 1 1 0 1 0 0 0 0 1 0 1 1 0 0 0 0 0 1 1 0 0 0 1 0 0 0 0 0 1 0 1 0 1 1 1 1 0 1 0 0 0 0 1 1 0 0 1 0 0 1 0 1 1 1 1 1 1 0 0 0 1 1 1 1 0 0 1 0 0 1 1 0 1 1 0 1 0 0 1 1 1 1 1 0 0 1 0 0 0 0 1 1 1 0 1 0 1 0 0 1 1 1 0 1 1 1 0 1 1 1 0 1 0 0 1 0 0 1 0 1 0 0 1 0 1 1 0 1 1 1 1 1 1 0 1 1 0 0 1 1 1 1 1 0 1 0 1 0 1 1 1 1 1 1 1 1 1 0 0 1 1 1 0 0 1 1 1 0 0 1 1 1 1 0 0 1 1 0 0 1 1 1 1 0 0 1 0 0 1 0 1 0 0 0 0 1 1 1 0 1 0 1 1 0 0 0 1 0 1 1 0 0 1 0 1 0 1 1 0 0 0 0 0 0 0 1 1 1 1 1 1 0 0 1 0 1 0 1 0 1 0 1 0 0 1 1 0 1 1 1 0 1 0 1 0 0 1 0 0 0 0 0 0 1 1 1 0 0 1 0 0 0 1 1 1 0 1 1 1 1 0 1 1 0 1 1 1 0 0 1 0 0 1 1 1 1 1 1 1 0 1 1 0 0 0 1 0 0 1 0 0 1 0 1 0 0 0 0 0 0 0 0 1 1 1 1 0 1 0 0 1 0 1 0 1 0 1 1 0 1 1 1 0 1 0 1 1 0 1 1 1 0 0 1 0 1 0 1 0 1 0 1 0 0 1 0 1 1 1 0 1 0 1 1 1 1 0 0 0 1 1 1 0 0 1 1 0 0 0 0 1 0 1 0 0 0 0 1 1 1 0 0 0 1 1 1 1 1 1 0 0 0 1 0 1 1 0 1 0 1 0 0 0 0 0 1 0 0 1 0 0 0 1 0 1 0 0 1 1 0 0 0 
quality : 3190
======================================

========== print chromosome ==========
genes : 0 1 0 1 0 1 0 1 1 1 1 1 1 1 1 0 1 1 0 1 0 0 1 0 0 1 1 1 1 1 0 0 1 1 1 1 0 1 0 0 1 0 0 0 0 1 1 0 1 0 1 1 0 0 0 0 0 1 1 1 0 1 0 0 0 0 1 0 1 1 0 0 0 0 0 1 1 0 0 0 1 0 0 0 0 0 1 0 1 0 1 1 1 1 0 1 0 0 0 0 1 1 0 0 1 0 0 1 0 1 1 1 0 1 1 0 0 0 1 1 1 1 0 0 1 0 0 1 1 0 1 1 0 1 0 0 1 1 1 1 1 0 0 1 0 0 0 0 1 1 1 0 1 0 1 0 0 1 1 1 0 1 1 1 0 0 1 1 0 1 0 0 1 0 0 1 0 1 0 0 1 0 1 1 0 1 1 1 0 1 1 0 1 1 0 0 1 1 1 1 1 0 1 0 1 0 1 1 1 1 1 1 1 1 1 0 1 1 1 1 0 0 1 0 1 0 0 0 1 1 1 0 0 1 1 0 0 0 1 1 1 0 0 1 0 0 1 0 1 0 0 0 0 1 1 1 0 1 0 1 1 0 0 0 1 0 1 1 0 0 1 0 1 0 1 1 0 0 0 0 0 0 0 1 0 1 1 1 1 0 0 1 0 1 1 1 0 1 0 1 0 0 0 1 0 1 1 1 0 1 0 1 0 0 1 0 0 0 0 0 0 1 1 1 0 0 1 0 0 0 1 0 1 0 1 0 1 1 0 1 1 0 1 1 1 0 0 1 0 0 1 1 1 1 1 1 1 0 1 1 0 0 0 1 0 0 1 0 0 1 0 1 0 0 0 0 0 0 0 0 1 1 0 1 0 1 0 0 0 0 1 0 1 0 1 1 0 1 1 1 0 1 0 1 1 0 1 1 1 1 0 1 0 1 0 1 0 1 0 1 0 0 0 1 1 1 1 0 1 0 1 1 1 0 0 0 0 1 1 1 1 0 1 0 1 0 0 0 1 0 1 0 0 0 0 1 1 1 0 0 0 1 1 1 1 1 1 0 0 0 0 0 1 1 0 1 0 1 0 0 0 0 0 1 0 0 0 0 0 0 1 0 0 0 0 1 1 0 0 0 
quality : 3190
======================================

========== print chromosome ==========
genes : 0 1 0 1 0 1 0 1 1 1 1 1 1 1 1 1 1 1 0 1 0 0 1 0 0 1 1 1 0 1 0 0 1 1 1 1 0 1 0 0 1 0 0 0 0 1 1 0 1 0 0 1 0 0 1 0 0 1 1 1 0 1 0 0 0 0 1 0 1 1 0 0 0 0 0 1 1 0 0 0 1 0 0 0 0 0 1 0 1 0 1 1 1 1 0 1 1 0 0 0 1 1 0 0 1 0 0 1 0 1 1 1 0 1 1 0 0 0 1 0 1 1 0 0 1 0 0 1 1 0 1 1 0 1 0 0 1 1 1 1 1 0 0 1 0 0 0 0 1 1 1 0 1 0 1 0 0 1 1 1 0 1 1 1 0 1 1 1 0 1 0 0 1 0 0 1 0 1 0 0 1 0 1 1 0 1 1 1 1 1 1 0 1 1 0 0 1 1 1 1 1 0 1 0 1 0 1 1 1 1 1 1 1 1 1 0 1 1 1 1 0 0 1 1 1 0 0 1 1 1 1 0 0 1 1 0 0 0 1 1 1 0 0 1 0 0 1 0 1 0 0 0 0 1 1 1 0 1 0 1 1 0 0 0 1 0 1 1 0 0 1 0 1 0 1 1 0 0 0 0 0 0 0 1 0 1 1 1 1 0 0 1 0 1 0 1 0 1 0 1 1 0 0 1 0 1 1 1 0 1 0 1 0 0 1 0 0 0 0 0 0 1 1 1 0 0 1 0 0 0 1 0 1 0 1 0 1 1 0 1 1 0 1 1 1 0 0 1 0 0 1 1 1 1 1 1 1 0 1 1 0 0 0 1 0 0 1 0 0 1 0 1 0 0 0 0 0 0 0 0 1 1 1 1 0 1 0 0 0 0 1 0 1 0 1 1 0 1 1 1 0 1 0 1 1 0 1 1 0 0 0 1 0 1 0 1 0 1 0 1 0 0 0 1 1 1 1 0 1 0 1 1 1 1 0 0 0 1 1 1 0 0 1 0 1 0 0 0 1 0 1 0 0 0 0 1 1 1 0 0 1 1 1 1 1 1 1 0 0 0 0 0 1 1 0 1 0 1 0 0 0 0 0 1 0 0 1 0 0 0 1 0 0 0 0 1 1 0 0 0 
quality : 3190
======================================

========== print chromosome ==========
genes : 0 1 0 1 0 1 1 1 1 1 1 1 1 1 1 1 1 1 0 1 0 0 1 0 0 1 0 1 0 1 0 0 1 1 1 1 0 1 0 0 1 0 0 0 0 1 1 0 1 0 0 1 0 0 0 0 1 1 1 1 0 1 0 0 0 0 1 0 1 1 0 0 0 0 0 1 1 0 0 0 1 0 0 0 0 0 1 0 1 0 1 1 1 1 0 1 0 0 0 0 1 1 0 0 1 0 0 1 0 1 1 1 1 1 1 0 0 0 1 1 1 1 0 0 1 0 0 1 1 0 1 1 0 1 0 0 1 1 1 1 1 0 0 1 0 0 0 0 1 1 1 0 1 0 1 0 0 1 1 1 0 1 1 1 0 1 1 1 1 1 0 0 1 0 0 1 0 1 0 0 1 0 1 1 0 1 1 1 1 1 1 0 1 1 0 0 1 1 1 1 1 0 1 0 1 0 1 1 1 1 1 1 0 1 1 0 1 1 1 1 0 0 1 0 1 0 0 1 1 1 1 0 0 1 1 0 0 0 1 1 1 0 0 1 0 0 1 0 1 0 0 0 0 1 1 1 0 1 0 1 1 0 0 0 1 0 1 1 0 0 1 0 1 0 1 1 0 0 0 0 0 0 0 1 0 1 1 1 1 0 0 1 0 1 0 1 0 1 0 1 0 0 0 1 0 1 1 1 0 1 0 1 0 0 1 0 0 0 0 0 0 1 1 1 0 0 1 0 0 0 1 0 1 0 1 1 1 1 0 1 1 0 1 1 1 0 0 1 0 0 1 1 1 0 1 1 1 0 1 1 0 0 0 1 0 0 1 0 0 1 0 1 0 0 0 0 0 0 1 0 1 1 1 1 0 1 0 0 0 0 1 0 1 0 1 1 0 1 1 1 0 1 0 1 1 0 1 1 0 0 0 1 0 1 0 1 0 1 0 1 0 0 0 1 1 1 1 0 1 0 1 1 1 1 0 0 0 1 1 0 1 0 1 0 0 0 0 0 1 0 1 0 0 0 0 1 1 1 0 0 0 1 1 1 1 1 1 0 0 0 0 0 1 1 0 1 0 1 0 0 0 0 0 1 0 0 1 0 0 0 1 0 0 1 0 1 1 0 0 0 
quality : 3191
======================================

========== print chromosome ==========
genes : 0 1 0 1 0 1 0 1 1 1 1 1 1 1 1 1 1 1 0 1 0 0 1 0 0 1 1 1 0 1 0 0 1 1 1 1 0 1 0 0 1 0 0 0 0 1 1 0 1 0 0 1 0 0 1 1 0 1 1 1 0 1 0 0 0 0 1 0 1 1 0 0 0 0 0 1 1 0 0 0 1 0 0 0 0 0 1 0 1 0 1 1 1 1 0 1 0 0 0 0 1 1 0 0 1 0 0 1 0 1 1 1 1 1 1 0 0 0 1 1 1 1 0 0 1 0 0 1 1 0 1 1 0 1 0 0 1 1 1 1 1 0 0 1 0 0 0 0 1 1 1 0 1 0 1 0 0 1 1 1 0 1 1 1 0 1 1 1 0 1 0 0 1 0 0 1 0 1 0 0 1 0 1 1 0 1 1 1 1 1 1 0 1 1 0 0 1 1 1 1 1 0 1 0 1 0 1 1 1 1 1 1 0 1 1 0 1 1 1 1 0 0 1 1 1 0 0 1 1 1 1 0 0 1 1 0 0 0 1 1 1 0 0 1 0 0 1 0 1 0 0 0 0 1 1 1 0 1 0 1 1 0 0 0 1 0 1 1 0 0 1 0 1 0 1 1 0 0 0 0 0 0 0 1 0 1 1 1 1 1 0 1 0 1 0 1 0 1 0 1 0 0 0 1 0 1 1 1 0 1 0 1 0 0 1 0 0 0 0 0 0 1 1 1 0 0 1 0 0 0 1 0 1 0 1 0 1 1 0 1 1 0 1 1 1 0 0 1 0 0 1 1 1 0 1 1 1 0 1 1 0 0 0 1 0 0 1 0 0 1 0 1 0 0 0 0 0 0 1 0 1 1 1 1 0 1 0 0 0 0 1 0 1 0 1 1 0 1 1 1 0 1 0 1 1 0 1 1 0 0 1 1 0 1 0 1 0 1 0 1 0 0 0 1 1 1 1 0 1 0 1 1 1 1 0 0 0 1 1 1 1 0 1 0 0 0 0 0 1 0 1 0 0 0 0 1 1 1 0 0 0 1 1 1 1 1 1 0 0 0 0 0 1 1 0 1 0 1 0 0 0 0 0 1 0 0 1 0 0 0 1 0 1 1 0 1 1 0 0 0 
quality : 3191
======================================

========== print chromosome ==========
genes : 0 1 0 1 0 1 0 1 1 1 1 1 1 1 1 1 1 1 0 1 0 0 1 0 0 1 1 1 0 1 0 0 1 1 1 1 0 1 0 0 1 1 0 0 0 1 1 0 1 0 0 1 0 0 0 0 0 1 1 1 0 1 0 0 0 0 1 0 1 1 0 0 0 0 0 1 1 0 0 0 1 0 0 0 1 0 1 0 1 0 1 1 1 1 0 1 0 0 0 0 1 1 0 0 1 0 0 1 0 1 1 1 1 0 1 1 0 0 1 1 1 1 0 0 1 0 0 1 1 0 1 1 0 1 0 0 1 1 1 1 1 0 0 1 0 0 0 0 1 1 1 0 1 0 1 0 0 1 1 1 0 1 1 1 0 1 1 1 0 1 0 0 1 0 0 1 0 1 0 0 1 0 1 0 0 1 0 1 1 1 1 0 1 1 0 0 1 0 1 1 1 0 1 1 1 0 1 1 1 1 1 1 0 1 1 0 1 1 1 1 0 0 1 1 1 0 0 1 1 1 1 0 0 1 1 0 0 0 1 1 1 0 0 1 0 0 1 0 1 0 0 0 0 1 1 1 0 1 0 1 1 0 0 0 1 0 1 1 0 0 1 0 1 0 1 1 0 0 0 0 0 0 0 1 0 1 1 1 1 0 0 1 0 1 0 1 0 1 0 1 0 0 0 1 0 1 1 1 0 1 0 1 0 0 1 0 0 0 0 0 0 1 1 1 0 0 1 0 0 0 1 0 1 0 1 0 1 1 0 1 1 0 1 1 1 0 0 1 0 0 1 1 1 0 1 1 1 0 1 1 0 0 0 1 0 0 1 0 0 1 0 1 0 0 0 0 0 0 1 0 1 1 1 1 0 1 0 0 0 0 1 0 1 0 1 1 0 1 1 1 0 1 0 1 1 0 1 1 0 0 0 1 0 1 0 1 0 1 0 1 0 0 0 1 1 1 1 0 1 0 1 1 1 1 0 0 0 1 1 1 1 0 1 0 0 0 0 0 1 0 1 0 0 0 0 1 1 1 0 0 0 1 1 1 1 1 1 0 0 0 0 0 1 1 0 1 0 1 0 0 0 0 0 1 0 0 1 0 0 0 1 0 0 1 0 1 1 0 0 0 
quality : 3191
======================================

========== print chromosome ==========
genes : 0 1 1 1 0 1 0 1 1 1 1 1 1 1 1 1 1 1 0 1 0 0 1 0 0 1 1 1 0 1 0 0 1 1 1 1 0 1 0 0 1 0 0 0 0 1 1 0 1 0 0 1 0 0 0 0 0 1 1 1 0 1 0 0 0 0 0 0 1 1 0 0 0 0 0 1 1 0 0 0 1 0 0 0 0 0 1 0 1 0 1 1 0 1 0 1 0 0 0 0 0 1 0 0 1 0 0 1 0 1 1 1 1 1 1 0 0 0 1 1 1 1 0 0 1 0 0 1 0 0 1 1 0 1 0 0 1 1 1 1 1 0 0 1 0 0 0 0 1 1 1 0 1 0 1 0 0 1 1 1 0 1 1 1 0 1 1 1 0 1 0 0 1 0 0 1 0 1 0 0 1 0 1 1 0 1 1 1 1 1 1 0 1 1 0 1 1 1 1 1 1 0 1 0 1 0 1 1 1 1 1 1 1 1 1 0 1 1 1 1 0 0 1 1 1 0 0 1 1 1 1 0 0 1 1 0 0 0 1 1 1 0 0 1 0 0 1 0 1 0 0 0 0 1 1 1 0 1 0 1 1 0 0 0 1 0 1 1 0 0 1 0 1 0 1 1 0 0 0 0 0 0 0 1 0 1 1 1 1 0 0 1 0 1 0 1 0 1 0 1 0 0 0 1 0 1 1 1 0 1 0 1 0 0 1 0 0 0 0 0 0 1 1 1 0 0 1 0 0 0 1 0 1 0 1 1 1 1 0 1 1 0 1 1 1 0 0 1 0 0 1 1 1 1 1 1 1 0 1 1 0 0 0 1 0 0 1 0 0 1 0 1 0 0 0 0 0 0 0 0 1 1 0 1 0 1 0 0 0 0 1 0 1 0 1 1 0 1 1 1 0 1 0 1 1 0 1 1 0 0 0 1 0 1 0 1 1 1 0 1 0 0 0 1 1 1 1 0 1 0 1 1 1 1 0 0 0 1 1 1 1 0 1 0 0 0 0 0 1 0 1 0 0 0 0 1 1 1 0 0 0 1 1 1 1 1 1 0 0 0 0 0 0 1 0 1 0 1 1 0 0 0 0 1 0 0 1 0 0 0 1 0 0 0 0 1 1 0 0 0 
quality : 3191
======================================

========== print chromosome ==========
genes : 0 0 0 1 0 1 0 1 1 1 1 1 1 1 1 1 1 1 0 1 0 0 1 0 0 1 1 1 0 1 0 0 1 1 1 1 0 1 0 0 1 0 0 0 0 1 1 0 1 0 0 1 0 0 0 0 0 1 1 1 0 1 0 0 0 0 1 0 1 1 0 0 0 0 0 1 1 0 0 0 1 0 0 0 0 0 1 0 1 0 1 1 1 1 0 1 0 0 0 0 1 1 0 0 1 0 0 1 0 1 1 1 0 1 1 0 0 0 1 1 1 1 0 0 1 0 0 1 1 0 1 1 0 1 0 0 1 1 1 1 1 0 0 1 0 0 0 0 1 1 1 0 1 0 1 0 0 1 1 1 0 1 1 1 0 1 1 1 0 1 0 0 1 0 0 1 0 1 0 0 1 0 1 1 0 1 1 1 1 1 1 0 1 1 0 0 1 1 1 1 1 0 1 0 1 0 1 1 1 1 1 1 1 1 1 0 1 1 1 1 0 0 1 1 1 0 0 1 1 1 1 0 0 1 1 0 0 0 1 1 1 0 0 1 0 0 1 0 1 0 0 0 0 1 1 1 0 1 0 1 1 0 0 0 1 0 1 1 0 0 1 0 1 0 1 1 0 0 0 0 0 0 0 1 0 1 1 1 1 0 0 1 0 1 0 1 1 1 0 1 0 0 0 1 0 1 1 1 0 1 0 1 0 0 1 0 0 0 0 0 0 1 1 1 0 0 1 0 0 0 1 1 1 0 1 0 1 1 0 1 1 0 1 1 1 0 0 1 0 0 1 1 1 1 1 1 1 0 1 1 0 0 0 1 0 0 1 0 0 1 0 1 0 0 0 0 0 0 0 0 1 1 1 1 0 1 0 0 0 0 1 0 1 0 1 1 0 1 1 1 0 1 0 1 1 0 1 1 0 0 0 1 0 1 0 1 0 1 1 1 0 0 0 1 1 1 1 0 1 0 1 1 1 1 0 0 0 1 1 1 1 0 1 0 0 0 0 0 1 0 1 0 0 0 0 1 1 1 0 0 0 1 1 1 1 1 1 0 0 0 0 0 1 1 0 1 0 1 0 0 0 0 0 1 0 0 1 0 0 0 1 0 0 0 0 1 1 0 0 0 
quality : 3191
======================================

========== print chromosome ==========
genes : 0 1 0 1 0 1 0 1 1 1 1 1 1 1 1 1 1 1 0 1 0 0 1 0 0 1 1 1 0 1 0 0 1 1 1 1 0 0 0 0 1 0 0 0 1 1 1 0 1 0 0 1 0 0 0 0 0 1 1 1 0 1 0 0 0 0 1 0 1 1 0 0 0 0 0 1 1 0 0 0 1 0 0 0 0 0 1 0 1 0 1 1 1 1 0 1 0 0 0 0 1 1 0 0 1 0 0 1 0 1 1 1 0 1 1 0 0 0 1 1 1 1 0 0 1 0 0 1 1 1 1 1 0 1 0 0 1 1 1 1 1 0 0 1 0 0 0 0 1 1 1 0 1 0 1 0 0 1 1 1 0 1 1 1 0 1 1 1 0 1 0 0 1 0 0 1 0 1 0 0 1 0 1 1 0 1 1 1 1 1 1 0 1 1 0 0 1 1 1 1 1 0 1 0 1 0 1 1 1 1 1 1 1 1 1 0 1 1 1 1 0 0 1 1 1 0 0 1 1 1 1 0 0 0 1 0 0 0 1 1 1 0 0 1 0 0 1 0 1 0 0 0 0 1 1 1 1 1 0 1 1 0 0 0 1 0 1 1 0 0 1 0 1 0 1 1 0 0 0 0 0 0 0 1 0 1 1 1 1 0 0 1 0 1 0 1 0 1 0 1 0 0 0 1 0 1 1 1 0 1 0 1 0 0 1 0 1 0 0 0 0 1 1 1 0 0 1 0 0 0 1 0 1 0 1 0 1 1 0 1 1 0 1 1 1 0 0 1 0 0 1 1 1 1 1 1 0 0 1 1 0 0 0 1 0 0 1 0 0 1 0 1 0 0 0 0 0 0 0 0 1 1 1 1 0 1 0 0 1 0 1 0 1 0 1 1 0 1 0 1 0 1 0 1 1 0 1 1 0 0 0 1 0 1 0 1 0 1 0 1 0 0 0 1 1 1 1 0 1 0 1 1 1 1 0 0 0 1 1 1 1 0 1 0 0 0 0 0 1 0 1 0 0 0 0 1 1 1 0 0 0 1 1 1 1 1 1 0 0 0 0 0 1 1 0 1 0 1 0 0 0 0 0 1 0 0 1 0 0 0 1 0 0 0 0 1 1 0 0 0 
quality : 3191
======================================

========== print chromosome ==========
genes : 0 1 0 1 0 1 0 1 1 1 1 1 1 1 1 1 1 1 0 1 0 0 1 0 0 1 1 1 0 1 0 0 1 1 1 1 0 1 0 0 1 0 0 0 0 1 1 0 1 0 0 1 0 0 0 0 0 1 1 1 0 1 0 1 0 0 1 0 1 1 0 0 0 0 0 1 1 1 0 0 1 0 0 0 0 0 1 0 1 0 1 1 1 1 0 1 0 0 0 0 1 1 0 0 1 0 0 1 0 1 1 1 0 1 1 0 0 0 1 1 1 1 0 0 1 0 0 1 1 0 1 1 0 1 0 0 1 1 1 1 1 0 0 1 0 0 0 0 1 1 1 0 1 0 1 0 0 1 1 1 0 1 1 1 0 1 1 1 0 1 0 0 1 0 0 1 0 1 0 0 1 0 1 1 0 1 1 1 1 1 1 0 1 1 0 0 1 1 1 1 1 0 1 0 1 0 1 1 1 1 1 1 1 1 1 0 1 1 1 1 0 0 1 1 1 0 0 1 1 1 1 0 0 1 1 0 0 0 1 1 1 0 0 1 0 0 1 0 1 0 0 0 0 0 1 1 0 1 0 1 1 0 0 0 1 0 1 1 0 0 1 0 1 0 1 1 0 0 0 0 0 0 0 1 0 1 1 1 1 0 0 1 0 1 0 1 0 1 0 1 0 0 0 1 0 1 1 1 0 1 0 1 0 0 1 0 0 0 0 0 0 1 1 1 0 0 1 0 0 0 1 0 1 0 1 0 1 1 1 1 1 0 1 1 1 0 0 1 0 0 1 1 1 0 1 1 1 0 1 1 0 0 0 1 0 0 1 0 0 1 0 1 0 1 0 0 0 0 0 0 1 1 1 1 0 1 0 0 0 0 1 0 1 0 1 1 0 1 0 1 0 1 0 1 0 0 1 1 0 0 0 1 0 1 0 1 0 1 0 1 0 0 0 1 1 1 1 0 1 0 1 1 1 1 0 1 1 1 1 1 1 0 1 0 0 0 0 0 1 0 1 0 0 0 0 1 1 1 0 0 0 1 1 1 1 1 1 0 0 0 0 0 1 1 0 1 0 1 0 0 0 0 0 0 0 0 1 0 0 0 1 0 0 0 0 1 1 0 0 0 
quality : 3192
======================================

========== print chromosome ==========
genes : 0 1 0 1 0 1 0 1 1 1 0 1 1 1 1 1 1 1 0 1 0 0 1 0 0 1 1 1 0 1 0 0 1 1 1 1 0 1 0 0 1 0 0 0 0 1 1 1 1 0 0 1 0 0 0 1 0 1 1 1 0 1 0 0 0 0 1 0 1 1 0 0 0 0 0 1 1 0 0 0 1 0 0 0 1 0 1 0 1 0 1 1 1 1 0 1 0 0 0 0 1 1 0 0 1 0 0 1 0 1 1 1 1 1 0 1 0 1 1 1 1 1 0 0 1 0 0 1 1 0 1 1 0 1 0 0 1 1 1 1 1 0 0 1 0 0 0 0 1 1 1 0 1 0 1 0 0 1 1 1 0 1 1 1 0 1 1 1 0 1 0 0 1 0 0 1 0 1 0 0 1 0 1 1 0 1 1 1 1 1 1 0 1 1 0 0 1 1 1 1 1 0 1 0 1 0 1 1 1 1 1 1 1 1 1 0 1 1 1 1 0 0 1 1 1 0 0 1 1 1 1 0 0 1 1 0 0 0 1 1 1 0 0 1 0 0 1 0 1 0 0 0 0 1 1 1 0 1 0 1 1 0 0 0 1 0 1 1 0 0 1 0 1 0 1 1 0 0 0 0 0 0 0 1 0 1 1 1 1 0 0 1 0 1 0 1 0 1 0 1 1 0 0 0 0 1 1 1 0 1 0 1 0 0 1 0 0 0 0 0 0 1 1 1 0 0 1 0 0 0 1 0 1 0 1 0 1 1 0 1 1 0 1 1 1 0 0 1 0 0 1 1 1 1 1 1 1 0 1 1 0 0 0 1 0 0 1 0 0 1 0 1 0 0 0 1 0 0 0 0 1 1 1 1 0 1 0 0 0 0 0 0 1 0 1 1 0 1 1 1 0 1 0 1 1 0 1 1 0 0 0 1 0 1 0 1 0 1 0 1 0 0 0 1 1 1 1 0 1 0 1 1 1 1 0 0 0 1 1 1 1 0 1 0 0 0 0 0 1 0 1 0 0 0 0 1 1 1 1 0 0 1 1 1 1 1 1 0 0 0 0 0 1 1 0 1 0 1 0 0 0 0 0 1 0 0 1 0 0 0 1 0 0 0 0 1 1 0 0 0 
quality : 3193
======================================

========== print chromosome ==========
genes : 0 1 0 1 0 1 0 1 1 1 1 1 1 1 1 1 1 1 0 1 0 0 1 0 0 1 1 1 0 1 0 0 1 1 1 1 0 1 0 0 1 0 0 0 0 1 1 0 1 0 0 1 0 0 0 0 0 1 1 1 0 1 0 0 0 0 1 0 1 1 0 0 0 0 0 1 1 0 0 0 1 0 0 0 0 0 1 0 0 0 1 1 1 1 0 1 0 0 0 0 1 1 0 0 1 0 0 1 0 1 1 1 0 1 1 0 0 0 1 1 1 1 0 0 1 0 0 1 1 0 1 1 0 1 0 0 1 1 1 1 0 0 0 1 0 0 0 0 1 1 1 0 1 0 1 0 0 1 1 1 0 1 1 1 0 1 1 1 0 1 0 0 1 0 0 1 0 1 0 0 1 0 1 1 0 1 1 1 1 1 1 0 1 1 0 0 1 1 1 1 1 0 1 0 1 0 1 1 0 1 1 1 1 1 1 0 1 1 1 1 1 0 1 1 1 0 0 1 1 1 1 0 0 1 1 0 0 0 1 1 1 0 0 1 0 0 1 0 1 0 0 0 0 1 1 1 0 1 0 1 1 0 0 0 1 0 1 1 0 0 1 0 1 0 1 1 0 0 0 0 0 0 0 1 0 1 1 1 1 0 0 1 0 1 0 1 0 1 0 1 1 0 0 1 0 1 1 1 0 0 0 1 1 0 1 0 0 0 0 0 0 1 1 1 0 0 1 0 0 0 1 0 1 0 1 0 1 1 0 1 1 0 1 1 1 0 0 1 1 0 0 1 1 1 1 1 1 0 1 1 0 0 0 1 0 0 1 0 0 1 0 1 0 0 0 0 0 0 0 0 1 1 1 1 0 1 0 0 0 0 1 0 1 0 1 1 0 1 1 1 0 1 0 1 1 0 1 1 0 0 0 1 0 1 0 1 0 1 0 1 0 0 0 1 1 1 1 0 1 0 1 1 1 1 0 0 0 1 1 1 1 0 1 0 0 0 0 0 0 0 1 0 0 0 0 1 1 1 0 0 0 1 1 1 1 1 1 0 0 0 0 0 1 1 0 1 0 1 0 0 0 0 0 1 0 0 1 0 0 0 1 0 0 0 0 1 1 0 0 0 
quality : 3193
======================================

========== print final result ==========
Generations evolved: 543648
Best quality: 3193
Mean quality: 3185.100098
Standard deviation: 12.883690
======================================

2 4 6 8 9 10 11 12 13 14 15 16 17 18 20 23 26 27 28 30 33 34 35 36 38 41 46 47 49 52 58 59 60 62 67 69 70 76 77 81 87 91 92 93 94 96 101 102 105 108 110 111 112 114 115 119 120 121 122 125 128 129 131 132 134 137 138 139 140 144 149 150 151 153 155 158 159 160 162 163 164 166 167 168 170 173 176 178 181 183 184 186 187 188 189 190 191 193 194 197 198 199 200 201 203 205 207 208 210 211 212 213 214 215 217 218 219 220 221 223 224 225 228 229 230 231 234 235 239 240 241 244 247 249 254 255 256 258 260 261 265 267 268 271 273 275 276 284 286 287 288 289 292 294 296 298 300 301 304 306 307 308 312 313 315 322 323 324 327 331 333 335 337 338 340 341 343 344 345 348 349 352 353 354 355 356 357 359 360 364 367 370 372 381 382 383 384 386 391 393 395 396 398 399 400 402 404 405 407 408 412 414 416 418 420 424 425 426 427 429 431 432 433 434 438 439 440 441 443 451 456 457 458 462 463 464 465 466 467 473 474 476 478 484 487 491 496 497 