========== print final result ==========
Generations evolved: 494019
Best quality: 4371
Mean quality: 4360.450195
Standard deviation: 25.483698
======================================

Number of population: 20

========== print chromosome ==========
genes : 0 0 0 1 0 0 0 1 1 1 0 1 1 1 1 0 1 1 1 0 1 1 0 0 1 0 1 1 0 1 0 1 0 0 0 1 0 1 0 0 1 0 1 0 1 0 1 0 0 0 1 1 0 1 0 1 1 0 0 0 1 0 0 0 0 0 1 0 0 0 0 0 0 1 0 0 1 1 0 0 1 0 1 1 1 1 1 1 0 1 1 0 0 0 0 0 0 0 0 1 1 1 1 1 1 1 1 1 1 0 1 1 0 0 0 0 1 0 1 1 1 1 0 1 1 1 0 1 1 1 0 0 0 1 1 0 0 1 0 1 0 0 0 1 1 0 0 1 1 1 1 0 0 1 1 1 0 1 1 1 0 1 1 0 1 0 0 0 0 0 1 1 0 0 0 0 0 0 1 1 1 0 1 1 0 0 0 0 1 0 1 1 0 1 0 1 0 0 1 0 1 1 1 0 1 0 0 1 0 1 1 1 0 0 1 1 1 1 0 1 0 0 1 0 0 1 1 1 1 1 1 0 0 0 1 0 1 1 0 0 0 0 1 1 1 1 1 0 1 0 1 0 0 1 1 1 0 1 1 0 1 1 1 1 1 0 1 0 0 0 1 1 1 0 0 0 1 1 1 0 0 0 1 0 1 1 1 0 0 0 0 0 0 1 0 0 1 1 1 1 1 0 0 1 0 0 1 1 0 1 1 0 1 0 0 0 0 0 1 0 0 0 0 1 0 0 1 0 1 1 0 1 1 0 0 0 1 0 0 0 0 0 1 0 0 1 0 1 0 1 1 1 0 0 0 1 1 0 1 1 0 0 0 1 1 0 0 1 0 0 0 1 0 0 0 1 1 1 1 0 1 1 1 1 1 1 0 1 0 1 1 1 1 0 0 0 1 0 1 1 1 1 1 1 0 0 1 1 0 1 1 0 0 0 0 0 1 1 1 1 1 0 0 1 0 1 1 0 0 0 0 0 1 0 0 0 1 1 0 1 1 1 1 1 0 0 0 0 1 0 1 1 0 0 0 1 0 0 1 1 1 1 1 0 1 0 0 0 1 1 0 1 0 1 1 0 1 1 1 1 0 0 0 1 0 0 0 1 0 0 0 0 1 1 0 0 1 0 1 0 
quality : 4341
======================================

========== print chromosome ==========
genes : 0 0 0 1 0 0 0 1 1 1 0 1 1 1 1 0 1 1 1 0 1 1 0 0 0 0 1 1 0 1 0 1 0 0 0 1 0 1 0 0 1 0 1 0 1 0 1 0 0 0 1 1 0 1 0 1 1 0 0 0 1 0 0 0 1 0 1 0 0 0 0 0 0 1 0 0 1 1 0 0 1 0 1 1 0 1 1 1 0 1 1 0 0 0 0 0 0 0 0 1 1 1 1 1 1 1 1 1 1 0 1 1 0 0 0 0 1 0 1 1 1 1 0 1 1 1 0 1 1 1 0 0 0 1 1 0 1 1 0 1 1 0 0 1 1 0 0 1 0 1 1 0 0 1 1 1 1 1 1 1 0 1 1 0 1 0 0 0 0 0 0 1 0 0 0 0 0 0 1 1 1 0 1 1 0 0 0 0 1 0 1 1 0 1 1 1 0 0 1 0 1 1 1 0 1 0 0 1 1 1 1 1 0 0 1 0 1 1 0 0 0 0 1 0 0 1 1 1 1 1 1 0 0 0 1 0 1 1 0 0 0 0 1 1 1 1 1 0 1 0 1 0 0 1 1 1 0 1 1 0 1 1 1 1 1 0 1 0 0 0 1 1 1 0 0 0 1 0 1 0 0 0 1 0 1 1 1 0 0 0 0 0 0 1 0 0 1 1 1 1 1 0 0 1 0 0 1 1 0 1 1 0 1 1 0 0 0 0 1 0 0 0 0 1 0 0 1 0 1 1 0 1 1 0 0 0 0 0 0 0 0 0 1 0 0 1 0 1 0 1 1 1 0 0 0 1 0 0 1 1 0 0 0 1 1 0 0 1 0 0 0 1 0 0 0 1 1 1 1 0 1 1 1 1 1 1 0 1 0 1 1 1 1 0 0 0 1 1 1 1 1 1 1 1 0 0 1 1 1 1 1 0 0 0 0 0 1 1 1 0 1 0 0 1 0 1 0 0 0 0 0 0 1 0 0 0 1 1 1 1 1 1 0 1 0 0 0 0 1 0 1 1 0 0 0 1 0 0 1 1 1 1 1 0 1 0 0 0 1 1 0 1 0 1 1 0 1 1 1 1 0 0 0 1 0 0 0 1 0 0 1 1 1 1 0 0 1 0 1 0 
quality : 4334
======================================

========== print chromosome ==========
genes : 0 0 0 1 0 0 1 1 1 1 0 1 1 1 1 0 1 1 1 0 1 1 0 0 1 0 0 1 0 1 0 1 0 0 0 1 0 1 0 0 1 1 1 0 1 0 1 0 0 0 1 1 0 1 0 1 1 0 0 0 1 0 0 0 0 0 1 1 0 0 0 0 0 1 0 0 1 1 0 0 1 0 1 1 1 1 1 1 0 1 1 0 0 0 0 0 0 0 0 1 1 1 1 1 1 1 1 1 1 0 0 1 0 0 0 0 1 0 1 1 1 1 1 1 1 1 0 1 1 1 0 0 0 1 1 0 1 1 0 1 1 0 0 1 1 0 0 1 1 1 1 0 0 1 1 1 1 1 1 1 0 1 1 0 1 0 0 0 0 0 0 1 0 0 0 0 0 0 1 1 1 0 1 1 0 0 0 0 1 0 1 1 0 1 1 1 0 0 1 0 1 1 1 0 1 0 0 0 1 1 1 1 0 0 1 0 1 1 0 0 0 0 1 0 0 1 1 1 1 1 1 0 0 0 1 0 1 1 0 0 0 0 1 1 1 1 1 0 1 0 1 0 0 1 1 1 0 1 1 0 1 1 1 1 1 0 1 0 0 0 1 1 1 0 0 0 1 0 1 0 1 1 1 0 1 1 1 0 0 0 0 0 0 1 0 0 1 1 1 1 1 0 0 1 0 0 1 1 0 0 1 0 1 1 0 0 0 0 1 0 0 0 0 1 0 0 1 0 1 1 0 1 1 0 0 0 0 0 0 0 0 0 1 0 0 1 0 1 0 1 1 1 0 0 0 1 0 0 1 1 0 0 0 1 1 0 0 1 0 0 0 1 0 0 0 1 1 1 1 0 1 1 1 1 1 1 0 1 0 1 1 1 1 0 0 0 1 0 1 1 1 1 1 1 0 0 1 1 1 1 1 0 0 0 0 0 1 1 1 1 1 0 0 1 0 1 0 0 0 0 0 0 1 0 0 0 1 1 1 1 1 1 1 1 0 0 0 0 1 0 1 1 0 0 0 1 0 0 1 1 1 1 1 0 1 0 0 0 1 1 0 1 0 1 1 0 1 1 1 1 0 0 0 1 0 0 0 1 0 0 1 0 1 1 0 0 1 0 1 0 
quality : 4351
======================================

========== print chromosome ==========
genes : 0 0 0 1 0 0 0 1 1 0 0 1 1 1 1 0 1 1 1 0 1 1 0 0 1 0 1 1 0 1 0 1 0 0 0 0 0 1 0 0 0 0 1 0 1 0 1 0 0 0 1 1 0 1 0 1 1 0 0 0 1 0 0 0 0 0 1 0 0 0 0 0 0 1 0 0 1 1 0 0 1 0 1 1 1 1 1 1 0 1 1 0 0 0 0 0 0 0 1 1 1 1 1 1 1 1 1 1 0 0 1 1 0 0 0 0 1 0 1 1 1 1 0 1 1 1 0 1 1 1 0 1 0 1 1 0 1 1 0 1 1 0 0 1 1 0 0 1 1 1 1 0 0 1 1 1 1 1 1 1 0 1 1 0 1 0 0 0 0 0 0 1 0 0 0 0 0 0 1 1 1 0 1 1 0 0 0 0 1 0 1 1 1 1 1 1 0 0 1 0 1 1 1 0 1 0 0 1 1 1 1 1 0 0 1 0 1 1 0 1 0 0 1 1 0 1 1 1 1 0 1 1 0 0 1 0 1 1 0 0 1 0 1 1 1 1 1 0 1 0 1 0 0 1 1 1 0 1 1 0 1 1 1 1 1 0 1 0 1 0 1 1 1 0 0 0 1 0 1 0 0 0 1 0 1 1 1 0 0 0 0 0 0 1 0 0 1 1 1 1 1 0 0 1 0 1 1 1 0 1 1 0 1 1 0 0 0 0 1 0 0 1 0 1 0 0 1 0 1 1 0 1 1 0 0 0 0 1 0 0 0 0 1 0 1 1 0 1 0 1 1 0 0 0 0 1 0 0 1 1 0 0 0 1 1 0 1 1 0 0 0 1 0 0 0 1 1 1 1 0 1 1 1 1 0 1 0 1 1 1 1 1 1 0 0 0 1 0 1 1 1 1 1 1 0 0 1 1 1 1 1 0 0 0 0 1 1 1 1 1 1 0 0 1 0 1 0 0 0 0 0 0 1 0 0 0 1 1 1 1 1 0 1 1 0 0 0 1 0 0 1 1 0 0 0 1 0 0 1 1 1 1 1 0 1 0 0 0 1 0 0 0 0 1 0 0 1 1 1 1 0 0 0 1 0 0 0 1 0 0 1 0 1 1 0 0 1 0 1 0 
quality : 4262
======================================

========== print chromosome ==========
genes : 0 0 0 1 0 0 0 1 1 1 0 1 1 1 1 0 1 1 1 0 1 1 0 0 1 0 1 1 0 1 0 1 0 0 0 1 0 1 0 0 1 0 1 0 1 0 1 0 0 0 1 0 0 1 0 1 1 0 0 0 1 0 0 0 0 0 1 0 0 0 0 0 0 1 0 0 1 1 0 0 1 0 1 1 1 1 1 1 0 1 1 0 0 0 0 0 0 0 0 1 1 1 1 1 1 1 1 1 1 0 1 1 0 0 0 0 1 0 1 1 1 1 0 1 1 1 0 1 1 1 0 0 0 1 1 0 1 1 0 1 1 0 0 1 1 0 0 1 1 1 1 1 0 1 0 1 1 1 1 0 0 1 1 0 1 0 0 0 0 0 0 1 0 0 0 0 0 0 1 1 1 0 1 1 0 0 0 0 1 0 1 1 0 1 1 1 0 0 1 0 1 1 1 0 1 0 0 1 1 1 1 1 0 0 1 0 1 1 0 0 0 0 1 0 0 1 1 1 1 1 1 0 0 0 1 0 1 1 0 0 0 0 1 1 1 1 1 0 1 0 1 0 0 1 1 1 0 1 1 0 1 1 1 1 1 0 1 0 0 0 1 1 1 0 0 0 1 0 1 0 0 0 1 0 1 1 1 0 0 0 0 0 0 1 0 0 1 1 1 1 1 0 0 1 0 1 1 1 0 1 1 0 1 1 0 0 0 0 1 0 0 0 0 1 0 0 1 0 1 1 0 1 1 0 0 0 0 0 0 0 0 0 1 0 0 1 0 1 0 1 1 1 0 0 0 1 0 0 1 1 0 0 0 1 1 0 0 1 0 0 0 1 0 0 0 1 1 1 1 0 1 1 1 1 1 1 0 1 0 1 1 1 1 0 0 0 1 0 1 1 1 1 1 1 0 0 1 1 1 1 1 0 0 1 0 0 1 1 1 1 1 0 0 1 0 1 0 0 0 0 0 0 1 0 0 0 1 1 1 1 1 1 1 1 0 0 0 0 1 0 1 1 0 0 0 1 0 0 1 1 1 1 1 0 1 0 0 0 1 1 0 1 0 1 1 0 1 1 1 1 0 0 0 1 0 0 0 1 0 0 1 0 1 1 0 0 1 0 1 0 
quality : 4370
======================================

========== print chromosome ==========
genes : 0 0 0 1 0 0 0 1 1 1 0 1 1 1 1 0 1 0 1 0 1 1 0 0 1 0 1 1 0 1 0 1 0 0 0 1 0 1 0 0 1 0 1 0 1 0 1 0 0 0 1 1 0 1 0 1 1 0 0 0 1 0 0 0 0 0 1 0 0 0 0 0 0 1 0 0 1 1 0 0 1 0 1 1 1 1 1 1 0 1 1 0 0 0 0 0 0 0 0 1 1 1 1 1 1 1 1 1 1 0 1 1 0 0 0 0 1 0 1 1 1 1 0 1 1 1 0 1 1 1 0 0 0 1 1 0 1 1 0 1 1 0 0 1 1 0 0 1 1 1 1 0 0 1 1 1 1 1 1 1 0 1 1 0 1 0 0 0 0 0 0 1 0 0 0 0 0 0 1 1 1 0 1 1 0 0 0 0 1 0 1 1 0 1 1 1 0 0 1 0 1 1 1 0 1 0 0 1 1 1 1 1 0 0 1 0 1 1 0 0 0 0 1 0 0 1 1 1 1 1 1 0 0 0 1 0 1 1 0 0 0 0 1 0 1 1 1 0 1 0 1 0 0 1 1 1 0 1 1 0 1 1 1 1 1 0 1 0 0 0 1 1 1 0 0 0 1 0 1 0 0 0 1 0 1 1 1 0 0 0 0 0 0 1 0 0 1 1 1 1 1 0 0 1 0 0 1 1 0 1 1 0 1 1 0 0 0 0 1 0 0 0 0 1 0 0 1 0 1 1 0 1 1 0 0 0 0 0 0 0 0 0 1 0 0 1 0 1 0 1 1 1 0 0 0 1 0 0 1 1 0 0 0 1 1 0 0 1 0 0 0 1 0 0 0 1 1 1 1 0 1 1 1 1 1 1 0 1 0 1 1 1 1 0 0 0 1 0 1 1 1 1 1 1 0 0 1 1 1 1 1 0 0 0 0 0 1 1 1 1 1 0 0 1 0 1 0 0 0 0 0 0 1 0 0 0 1 1 1 1 1 1 1 1 0 0 0 0 1 0 1 1 0 0 0 1 0 0 1 1 1 1 1 0 1 0 0 0 1 1 0 1 0 1 1 0 1 1 1 1 0 0 0 1 0 0 0 1 0 0 1 1 1 1 0 0 1 0 1 0 
quality : 4370
======================================

========== print chromosome ==========
genes : 0 0 0 1 0 0 0 1 1 1 0 1 1 1 1 0 1 1 1 0 0 1 0 0 1 0 1 1 0 1 1 1 0 0 0 1 0 1 0 0 1 0 1 0 1 0 1 0 0 0 1 1 0 1 0 1 1 0 0 0 1 0 0 0 0 0 1 0 0 0 0 0 0 1 0 0 1 1 0 0 1 0 1 0 1 0 1 1 0 1 1 0 0 0 0 0 0 0 0 1 1 1 1 1 1 1 1 1 1 0 1 1 0 0 0 0 1 0 1 1 1 1 0 1 1 1 0 1 1 1 0 0 0 1 1 0 1 1 0 1 1 0 0 1 1 0 0 1 1 1 1 0 0 1 1 1 1 1 1 1 0 1 1 0 1 0 0 0 0 0 0 1 0 0 0 0 0 0 1 1 1 0 1 1 0 0 0 0 1 0 1 1 0 1 1 1 0 0 1 0 1 1 1 0 1 0 0 1 1 1 1 1 0 0 1 0 1 1 0 0 0 0 1 0 0 1 1 1 1 1 1 0 0 0 1 0 1 1 0 0 0 0 1 1 1 1 1 0 1 0 1 0 0 1 1 1 0 1 1 0 1 1 1 1 1 0 1 0 0 0 1 1 1 0 0 0 1 0 1 0 0 0 1 0 1 1 1 0 1 0 0 0 0 1 0 0 1 1 1 1 1 0 0 1 0 0 1 1 0 1 1 1 1 1 0 0 0 0 1 0 0 0 0 1 0 0 1 0 1 1 0 1 1 0 0 0 0 0 0 0 0 0 1 0 0 1 0 1 0 1 1 1 0 0 0 1 0 0 1 1 0 0 0 1 1 0 0 1 0 0 0 1 0 0 0 1 1 1 1 0 1 1 1 1 1 1 0 1 0 0 1 1 1 0 0 0 1 0 1 1 1 1 1 1 0 0 1 1 1 1 1 0 0 0 0 0 1 1 1 1 1 0 0 1 0 1 0 0 0 0 0 0 1 0 0 0 1 1 1 1 1 1 1 1 0 0 0 0 1 0 1 1 0 0 0 1 0 0 1 1 1 1 1 0 0 0 0 0 1 1 0 1 0 1 1 0 1 1 1 1 0 0 0 1 0 0 0 1 0 0 1 0 1 1 0 0 0 0 1 0 
quality : 4370
======================================

========== print chromosome ==========
genes : 0 0 0 1 0 0 0 1 1 1 0 1 1 1 1 0 1 1 1 0 1 1 0 0 1 0 1 1 0 1 0 1 0 0 0 1 0 1 0 0 1 0 1 0 1 0 1 0 0 0 1 1 0 1 0 1 1 0 0 0 1 0 0 0 1 0 1 0 0 0 0 0 0 1 0 0 1 1 0 0 1 0 1 1 1 1 1 1 0 1 1 0 0 0 0 0 0 0 0 1 1 1 1 1 1 1 1 1 1 0 1 1 0 0 0 0 1 0 1 1 1 1 0 1 1 1 0 1 1 1 0 0 0 1 1 0 1 1 0 1 1 0 0 1 1 0 0 1 1 1 1 0 0 1 1 1 1 1 1 1 0 1 1 0 1 0 0 0 0 0 0 1 0 0 0 0 0 0 1 1 1 0 1 1 0 0 0 0 1 0 1 1 0 1 1 1 0 0 1 0 1 1 1 0 1 0 0 1 1 1 1 1 0 0 1 0 1 1 0 0 0 0 1 0 0 1 1 1 1 1 1 0 0 0 1 0 1 1 0 0 0 0 1 1 1 1 1 0 1 0 1 0 0 1 1 1 0 1 1 0 1 1 1 1 1 0 1 0 0 0 1 1 1 0 0 0 1 0 1 0 0 0 1 0 1 1 1 0 0 0 0 0 0 1 0 0 1 1 1 1 1 0 0 1 0 0 1 1 0 1 1 0 1 1 0 0 0 0 1 0 0 0 0 1 0 0 1 0 1 1 0 1 1 0 0 0 0 0 0 0 0 0 1 0 0 1 0 1 0 1 1 1 0 0 0 1 0 0 1 1 0 0 0 1 1 0 0 1 0 0 0 1 0 0 0 1 1 1 1 0 1 1 1 1 1 1 0 1 0 1 1 1 1 0 0 0 1 0 1 1 1 1 1 1 0 0 1 1 1 1 1 1 0 0 0 0 1 1 1 1 1 0 0 1 0 1 0 0 0 0 0 0 1 0 0 0 1 1 1 1 1 1 1 1 0 0 0 0 1 0 1 1 0 0 0 1 0 0 1 1 1 1 1 0 1 0 0 0 1 1 0 1 0 1 1 0 1 1 1 1 0 0 0 1 0 0 1 1 0 0 1 0 1 1 0 0 1 0 1 0 
quality : 4370
======================================

========== print chromosome ==========
genes : 0 0 0 1 0 0 0 1 1 1 0 1 1 1 1 0 1 1 1 0 1 1 0 0 1 0 1 1 0 1 0 1 0 0 0 1 0 1 0 0 1 0 1 0 1 0 1 0 0 0 1 1 0 1 0 1 1 0 0 0 1 0 0 0 0 0 1 0 0 0 0 0 0 1 0 0 0 1 0 0 1 0 1 1 1 1 1 1 0 1 1 0 0 0 0 0 0 0 0 1 1 1 1 1 1 1 1 1 1 0 1 1 0 0 0 0 1 0 1 1 1 1 0 1 1 1 0 1 1 1 0 0 0 1 1 0 1 1 0 1 1 0 0 1 1 0 0 1 1 1 1 0 0 1 1 1 1 1 1 1 0 1 1 0 1 0 0 0 0 0 0 1 0 0 0 0 0 0 1 1 1 0 1 1 0 0 0 0 1 0 1 1 0 1 1 1 0 0 1 0 1 1 1 0 1 0 0 1 1 1 1 1 0 0 1 0 1 1 0 0 0 0 1 0 0 1 1 1 1 1 1 0 0 0 1 0 1 1 0 0 0 0 1 1 1 1 1 0 1 0 1 0 0 1 1 1 0 1 1 0 1 1 1 1 1 0 1 0 0 0 1 1 1 0 0 0 1 0 1 0 0 0 1 0 1 1 1 0 0 0 0 0 0 1 0 0 1 1 1 1 1 0 0 1 0 0 1 1 0 1 1 0 1 1 0 0 0 0 1 0 0 0 0 1 0 0 1 0 1 1 0 1 1 0 0 0 0 0 0 0 0 0 1 0 0 1 0 1 0 1 1 1 0 0 0 1 0 0 1 1 0 0 0 1 1 0 0 1 0 0 0 1 0 1 0 1 1 1 1 0 1 1 1 1 1 1 0 1 0 1 1 1 1 0 0 0 1 0 1 1 1 1 1 1 0 0 1 1 1 1 1 0 0 0 0 0 1 1 0 1 1 0 0 1 0 1 0 0 0 0 0 0 1 0 0 0 1 1 1 1 1 1 1 0 0 0 0 0 1 0 1 1 0 0 0 1 0 0 1 1 1 1 1 0 1 0 0 0 1 1 0 1 0 1 1 0 1 1 1 1 0 0 0 1 0 0 0 1 0 0 1 0 1 1 0 0 1 0 1 0 
quality : 4370
======================================

========== print chromosome ==========
genes : 0 0 0 1 0 0 0 1 1 1 0 1 1 1 1 0 1 1 1 0 1 1 0 0 1 0 1 1 0 1 0 1 0 0 0 1 0 1 0 0 1 0 1 0 1 0 1 0 0 0 1 1 0 1 0 1 1 0 0 0 1 0 0 0 0 0 1 0 0 0 0 0 0 1 0 0 1 1 0 0 1 0 1 1 1 1 1 1 0 1 1 0 0 0 0 0 0 1 0 1 1 1 1 1 0 1 1 1 1 0 1 1 0 0 0 0 1 0 1 1 1 1 0 1 1 1 0 1 1 1 0 0 0 1 1 0 1 1 0 1 1 0 0 1 1 0 0 1 1 1 1 0 0 0 1 1 1 1 1 1 0 1 1 0 1 0 0 0 0 0 0 1 0 0 0 0 0 0 1 1 1 0 1 1 0 0 0 0 1 0 1 1 0 1 1 1 0 0 1 0 1 1 1 0 1 0 0 1 1 1 1 1 0 0 1 0 1 1 0 0 0 0 0 0 0 1 1 1 1 1 1 0 0 0 1 0 1 1 0 0 0 0 1 1 1 1 1 0 1 0 1 0 0 1 1 1 0 1 1 0 1 1 1 1 1 0 1 0 0 0 1 1 1 0 0 0 1 0 1 0 0 0 1 0 1 1 1 0 0 0 0 0 0 1 0 0 1 1 1 1 1 0 0 1 0 0 1 1 0 1 1 0 1 1 0 0 0 0 1 0 0 0 0 1 0 0 1 0 1 1 0 1 1 0 0 0 0 0 0 0 0 0 1 0 0 1 0 1 0 1 1 1 0 0 0 1 0 0 1 1 0 0 0 1 1 0 0 1 0 0 0 1 0 0 0 1 1 1 1 0 1 1 1 1 1 1 0 1 0 1 1 1 1 0 0 0 1 0 1 1 1 1 1 1 0 0 1 1 1 1 1 0 0 0 0 0 1 1 1 1 0 0 0 1 0 1 0 0 0 0 0 0 1 0 0 0 1 1 1 1 1 1 1 1 0 0 0 0 1 0 1 1 0 0 0 1 0 0 1 1 1 1 0 0 1 0 0 0 1 1 0 1 0 1 1 0 1 1 1 1 0 0 0 1 0 0 0 1 0 0 1 0 1 1 0 0 1 0 1 0 
quality : 4370
======================================

========== print chromosome ==========
genes : 0 0 0 1 0 0 1 1 1 1 0 1 1 1 1 0 1 1 1 0 1 1 0 0 1 0 1 1 0 1 0 1 0 0 0 1 0 1 0 0 1 0 1 0 1 0 1 0 0 0 1 1 0 1 0 1 1 0 0 0 1 0 0 0 0 0 1 0 0 0 0 0 0 1 0 0 1 1 0 0 1 0 1 1 1 1 1 1 0 1 1 0 0 0 0 0 0 0 0 1 1 1 1 1 1 1 1 1 1 0 1 1 0 0 0 0 1 0 1 1 1 1 1 1 1 1 0 1 1 1 0 0 0 1 1 0 1 1 0 1 1 0 0 1 1 0 0 1 1 1 1 0 0 1 1 1 1 1 1 1 0 1 1 0 1 0 0 0 0 0 0 1 0 0 0 0 0 0 1 1 1 0 1 1 0 0 0 0 1 0 1 1 0 1 1 1 0 0 1 0 1 1 1 0 1 0 0 0 1 1 1 1 0 0 1 0 1 1 0 0 0 0 1 0 0 1 1 1 1 1 1 0 0 0 1 0 1 1 0 0 0 0 1 1 1 1 1 0 1 0 1 0 0 1 1 1 0 1 1 0 1 1 1 1 1 0 1 0 0 0 1 1 1 0 0 0 1 0 1 0 0 0 1 0 1 1 1 0 0 0 0 0 0 1 0 0 1 1 1 1 1 0 0 1 0 0 1 1 0 0 1 0 1 1 0 0 0 0 1 0 0 0 0 1 0 0 1 0 1 1 0 1 1 0 0 0 0 0 0 0 0 0 1 0 0 1 0 1 0 1 1 1 0 0 0 1 0 0 1 1 0 0 0 1 1 0 0 1 0 0 0 1 0 0 0 1 1 1 1 0 1 1 1 1 1 1 0 1 0 1 1 1 1 0 0 0 1 0 1 1 1 1 1 1 0 0 1 1 1 1 1 0 0 0 0 0 1 1 1 1 1 0 0 1 0 1 0 0 0 0 0 0 1 0 0 0 1 1 1 1 1 1 1 1 0 0 0 0 1 1 1 1 0 0 0 1 0 0 1 1 1 1 1 0 1 0 0 0 1 1 0 1 0 1 1 0 1 1 1 1 0 0 0 1 0 0 0 1 0 0 1 0 1 1 0 0 1 0 1 0 
quality : 4370
======================================

========== print chromosome ==========
genes : 0 0 0 1 0 0 0 1 1 1 0 1 1 1 1 0 1 1 1 0 1 1 0 0 1 0 1 1 0 1 0 1 0 0 0 1 0 1 0 0 1 0 1 0 1 0 1 0 0 0 1 1 0 1 0 1 1 0 1 0 1 0 0 0 0 0 1 0 0 0 0 0 0 1 0 0 1 1 0 0 1 0 1 1 1 1 1 1 0 1 1 0 0 0 0 0 0 0 0 1 1 1 1 1 1 1 1 1 1 0 1 1 0 0 0 0 1 0 1 1 1 1 0 1 1 1 0 1 1 1 0 0 0 1 1 0 1 1 0 1 1 0 0 1 1 0 0 1 1 1 1 0 0 1 1 1 1 1 1 1 0 1 1 0 1 0 0 0 0 0 0 1 0 1 0 0 0 0 1 1 1 0 1 1 0 0 0 0 1 0 1 1 0 1 1 1 0 0 1 0 1 1 1 0 1 0 0 1 1 1 1 1 0 0 1 1 1 1 0 0 0 0 1 0 0 1 1 1 1 1 1 0 0 0 1 0 1 1 0 0 0 0 1 1 1 1 1 0 1 0 1 0 0 1 1 1 0 1 1 0 1 1 1 1 1 0 1 0 0 0 1 1 1 0 0 0 1 1 1 0 0 0 1 0 1 1 1 0 0 0 0 0 0 1 0 0 1 1 1 1 1 0 0 1 0 0 1 1 0 1 1 0 1 1 0 0 0 0 1 0 0 0 0 1 0 0 1 0 1 1 0 1 1 0 0 0 1 0 0 0 0 0 1 0 0 1 0 1 0 1 1 1 0 0 0 1 0 0 1 1 0 0 0 1 1 0 0 1 0 0 0 1 0 0 0 1 1 1 1 0 1 1 1 1 1 1 0 1 0 1 1 1 1 0 0 0 1 0 1 1 1 1 1 1 0 0 1 1 0 1 1 0 0 0 0 0 1 1 1 1 1 0 0 1 0 1 0 0 0 0 0 0 1 0 0 0 1 1 1 1 1 1 1 1 0 0 0 0 1 0 1 1 0 0 0 1 0 0 1 1 1 1 1 0 1 0 0 0 1 1 0 1 0 1 1 0 1 1 1 1 0 0 0 1 0 0 0 1 0 0 0 0 1 1 0 0 1 0 1 0 
quality : 4370
======================================

========== print chromosome ==========
genes : 0 0 0 1 0 0 1 1 1 1 0 1 1 1 1 0 1 1 1 0 1 1 0 0 1 0 1 1 0 0 0 1 0 0 0 1 0 1 0 0 1 0 1 0 1 0 1 0 0 0 1 1 0 1 0 1 1 0 0 0 1 0 0 0 0 0 1 0 0 0 0 0 0 1 0 0 1 1 0 0 1 0 1 1 1 1 1 1 0 1 1 0 0 0 0 0 0 0 0 1 1 1 1 1 1 1 1 1 1 0 1 1 0 0 0 0 1 0 1 1 1 1 0 1 1 1 0 1 1 1 0 0 0 1 1 0 1 1 0 1 1 0 0 1 1 0 0 1 1 1 1 0 0 1 1 1 1 1 1 1 0 1 1 0 1 0 0 0 0 0 0 1 0 0 0 0 0 0 1 1 1 0 1 1 0 0 0 0 0 0 1 1 0 1 1 1 0 0 1 0 1 1 1 0 0 0 0 1 1 1 1 1 0 0 1 0 1 1 0 0 0 0 1 0 0 1 1 1 1 1 1 0 0 0 1 0 1 1 0 0 0 0 1 1 1 1 1 0 1 0 1 1 0 1 1 1 0 1 1 0 1 1 1 1 1 0 1 0 0 0 1 1 1 0 0 0 1 0 1 0 0 0 1 0 1 1 1 0 0 0 0 0 0 1 0 0 1 1 1 1 1 0 0 1 0 0 1 1 0 1 1 0 1 1 0 0 0 0 1 0 0 0 0 1 0 0 1 0 1 1 0 1 1 0 0 0 0 0 0 0 0 0 1 1 0 1 0 1 0 1 1 1 0 0 0 1 0 0 1 1 0 0 0 1 1 0 0 1 0 0 0 1 0 0 0 1 1 1 1 0 1 1 1 1 1 1 0 1 0 1 1 1 1 0 0 0 1 0 1 1 1 1 1 1 0 0 1 1 1 1 1 0 0 0 0 0 1 1 1 1 1 0 0 1 0 1 0 0 0 0 0 0 1 0 0 0 1 1 1 1 1 1 1 1 0 0 0 0 1 0 1 1 0 0 0 1 0 0 1 1 1 1 1 0 1 0 0 0 1 1 0 1 0 1 1 0 1 1 1 1 0 0 0 1 0 0 0 1 0 0 1 0 1 1 0 0 1 0 1 0 
quality : 4370
======================================

========== print chromosome ==========
genes : 0 0 0 1 0 0 0 1 1 1 0 1 1 1 1 0 1 0 1 0 1 1 0 0 1 0 1 1 0 1 0 1 0 0 0 1 0 1 0 0 1 0 1 0 1 0 1 0 0 0 1 1 0 1 0 1 1 0 0 0 1 0 0 0 0 0 1 0 0 0 0 0 0 1 0 0 1 1 0 0 1 0 1 1 1 0 1 1 0 1 1 0 0 0 0 0 0 0 0 1 1 1 1 1 1 1 1 1 1 0 1 1 0 0 0 0 1 0 1 1 1 1 0 1 1 1 0 1 1 1 0 0 0 1 1 0 1 1 0 1 1 0 0 1 1 0 0 1 1 1 1 0 0 1 1 1 1 1 1 1 0 1 1 0 1 0 0 0 0 0 0 1 0 0 0 0 0 0 1 1 1 0 1 1 0 0 0 0 1 0 0 1 0 1 1 1 0 0 1 0 1 1 1 0 1 0 0 1 1 1 1 1 0 0 1 0 1 1 0 0 0 0 1 0 0 1 1 1 1 1 1 0 0 0 1 1 1 1 0 0 0 0 1 1 1 1 1 0 1 0 1 0 0 1 1 1 0 1 1 0 1 1 1 1 1 0 1 0 0 0 1 1 1 0 0 0 1 0 1 0 0 0 1 0 1 1 1 0 0 0 0 0 0 1 0 0 1 1 1 1 1 0 0 1 0 0 1 1 0 1 1 0 1 1 0 0 0 0 1 0 0 1 0 1 0 0 1 0 1 1 0 1 1 0 0 0 0 0 0 0 0 0 1 0 0 1 0 1 0 1 1 1 0 0 0 1 0 0 1 1 0 0 0 1 1 0 0 1 0 0 0 1 0 0 0 1 1 1 1 0 1 1 1 1 1 1 0 1 0 1 1 1 1 0 0 0 1 0 1 1 1 1 1 1 0 0 1 1 1 1 1 0 0 0 0 0 1 1 1 1 1 0 0 1 0 1 0 0 0 0 0 0 1 0 0 0 1 1 1 1 1 1 1 1 0 0 0 0 1 0 1 1 0 0 0 1 0 0 1 1 1 1 1 0 1 0 0 0 1 1 0 1 0 1 1 0 1 1 1 1 0 0 0 1 0 0 0 1 0 0 1 0 1 1 0 0 1 0 1 0 
quality : 4370
======================================

========== print chromosome ==========
genes : 0 0 0 1 0 0 0 1 1 1 0 1 1 1 1 0 1 1 1 0 1 1 0 0 1 0 1 1 0 1 0 1 0 0 0 1 0 1 0 0 1 0 1 0 1 0 1 0 0 0 1 1 0 1 0 1 1 0 0 0 1 0 0 0 0 0 1 0 0 0 0 0 0 1 0 0 1 1 0 0 1 0 1 1 1 1 1 1 0 1 1 0 0 0 0 0 0 0 0 1 1 1 1 1 1 1 1 1 1 0 1 1 0 0 0 0 1 0 1 1 1 1 0 1 1 1 0 1 1 1 0 0 0 1 1 0 1 1 0 1 1 0 0 1 1 0 0 1 1 1 1 0 0 1 1 1 1 1 1 1 0 1 1 0 1 0 0 0 0 0 0 1 0 0 0 0 0 0 1 1 1 0 1 1 0 0 0 0 1 0 1 1 0 1 1 1 0 0 1 0 1 1 1 0 1 0 0 1 1 1 1 1 0 0 1 0 1 1 0 0 0 0 0 0 0 1 1 1 1 1 1 0 0 0 1 0 1 1 0 0 0 0 1 1 1 1 1 0 1 0 1 0 0 1 1 1 0 1 1 0 1 1 1 1 1 0 1 0 0 0 1 1 1 0 0 0 1 0 1 0 0 0 1 0 1 1 1 0 0 0 0 0 0 1 0 0 1 1 1 1 1 0 0 1 0 0 1 1 0 1 1 0 1 1 0 0 0 0 1 0 0 0 0 1 0 0 1 0 1 1 0 1 1 0 0 0 0 0 0 0 0 0 1 0 0 1 0 1 0 1 1 1 0 0 0 1 0 1 1 1 0 0 0 1 1 0 0 1 0 0 0 1 0 0 0 1 1 1 1 0 1 1 1 1 1 1 0 1 0 1 1 1 1 0 0 0 1 0 1 1 1 1 1 1 0 0 1 1 1 1 1 0 0 0 1 0 1 1 1 1 1 0 0 1 0 1 0 0 0 0 0 0 1 0 0 0 1 1 1 1 1 1 1 1 0 0 0 0 1 0 1 1 0 0 0 1 0 0 1 1 1 1 1 0 1 0 0 0 1 1 0 1 0 1 1 0 0 1 1 1 0 0 0 1 0 0 0 1 0 0 1 0 1 1 0 0 1 0 1 0 
quality : 4370
======================================

========== print chromosome ==========
genes : 0 0 0 1 0 0 0 1 1 1 0 1 1 1 1 0 1 1 1 0 1 1 0 0 1 0 1 1 0 1 0 1 0 0 0 1 0 1 0 0 1 0 0 0 1 0 1 0 0 0 1 1 0 1 0 1 1 0 0 0 1 0 0 0 0 0 1 0 0 0 0 0 0 1 0 0 1 1 0 0 1 0 1 1 1 1 1 1 1 1 1 0 0 0 0 0 0 0 0 1 1 1 1 1 1 1 1 1 1 0 1 1 0 0 0 0 1 0 1 1 1 1 0 1 1 1 0 1 1 1 0 0 0 1 1 0 1 1 0 1 1 0 0 1 1 0 0 1 1 1 1 0 0 1 1 1 1 1 1 1 0 1 1 0 1 0 0 0 0 0 0 0 0 0 0 0 0 0 1 1 1 0 1 1 0 0 0 0 1 0 1 1 0 1 1 0 0 0 1 0 1 1 1 0 1 0 0 1 1 1 1 1 0 0 1 1 1 1 0 0 0 0 1 0 0 1 1 1 1 1 1 0 0 0 1 0 1 1 0 0 0 0 1 1 1 1 1 0 1 0 1 0 0 1 1 1 0 1 1 0 1 1 1 1 1 0 1 0 0 0 1 1 1 0 0 0 1 0 1 0 0 0 1 0 1 1 0 0 0 0 0 0 0 1 0 0 1 1 1 1 1 0 0 1 0 0 1 1 0 1 1 0 1 1 0 0 0 0 1 0 0 0 0 1 0 0 1 0 1 1 0 1 1 0 0 0 0 0 0 0 0 0 1 0 0 1 0 1 0 1 1 1 0 0 0 1 0 0 1 1 0 0 0 1 1 0 0 1 0 0 0 1 0 0 0 1 1 1 1 0 1 1 1 1 1 1 0 1 0 1 1 1 1 0 0 0 1 0 1 1 1 1 0 1 0 0 1 1 1 1 1 0 0 0 0 0 1 1 1 1 1 0 0 1 0 1 0 0 0 0 0 0 1 0 0 0 1 1 1 1 1 1 1 1 0 0 0 0 1 0 1 1 0 0 0 1 0 0 1 1 1 1 1 0 1 0 0 0 1 1 0 1 0 1 1 0 1 1 1 1 0 0 0 1 0 0 1 1 0 0 1 0 1 1 0 0 1 0 1 0 
quality : 4370
======================================

========== print chromosome ==========
genes : 0 0 0 1 0 0 0 1 1 1 0 1 1 1 1 0 1 1 1 0 1 1 0 0 1 0 1 1 0 1 0 1 1 0 0 1 0 1 0 0 1 0 1 0 1 0 1 0 0 0 1 1 0 1 0 1 1 0 0 0 1 0 0 0 1 0 1 0 0 0 0 0 0 1 0 0 1 1 0 0 1 0 1 1 1 1 1 1 0 1 1 0 0 0 0 0 0 0 0 1 1 1 1 1 1 1 1 1 1 0 1 1 0 0 0 0 1 0 1 1 1 1 0 1 1 1 0 1 1 1 0 0 0 1 1 0 1 1 0 1 1 0 0 1 1 0 0 1 1 1 1 0 0 1 1 1 1 1 1 1 0 1 1 0 1 0 0 0 0 0 0 1 0 0 0 0 0 0 1 1 1 0 1 1 0 0 0 0 1 0 1 1 0 1 1 1 0 0 1 0 1 1 1 0 1 0 0 1 1 1 1 1 0 0 1 0 1 1 0 0 0 0 1 0 0 1 1 1 0 1 1 0 0 0 1 0 1 1 0 0 0 0 1 1 1 1 1 0 1 0 1 0 0 1 1 1 0 1 1 0 1 1 1 1 1 0 1 0 0 0 1 1 1 0 0 0 1 0 1 0 0 0 1 0 1 1 1 0 0 1 0 0 0 1 0 0 1 1 1 1 1 0 0 1 0 0 1 1 0 1 1 0 1 1 0 0 0 0 1 0 0 0 0 1 0 0 1 0 1 1 0 1 1 0 0 0 0 0 0 0 0 0 1 0 0 1 0 1 0 1 1 1 0 0 0 1 0 0 1 1 0 0 0 1 1 0 0 1 0 0 0 1 0 0 0 1 1 1 1 0 1 1 1 1 1 1 0 1 0 1 1 1 1 0 0 0 1 0 1 1 1 1 1 1 0 0 1 1 1 1 1 0 0 0 0 0 1 1 1 1 1 0 0 1 0 1 0 0 0 0 0 0 1 0 0 0 1 1 1 1 1 1 1 1 0 0 0 0 1 0 1 1 0 0 0 1 0 0 1 1 1 1 1 0 1 0 0 0 1 1 0 1 0 1 1 0 1 1 1 1 0 0 0 1 0 0 0 1 0 0 1 0 1 1 0 0 1 0 1 0 
quality : 4370
======================================

========== print chromosome ==========
genes : 0 0 0 1 0 0 0 1 1 1 0 1 1 1 1 0 1 1 1 0 1 1 0 0 1 0 1 1 0 1 0 1 0 0 0 1 0 1 0 0 1 0 1 0 1 0 1 0 0 0 1 1 0 1 0 1 1 0 0 0 1 0 0 0 0 0 1 0 0 0 0 0 0 1 0 0 1 1 0 0 1 0 1 1 1 1 1 1 0 1 1 0 0 0 0 0 0 0 0 1 1 1 1 1 1 1 1 1 1 0 1 1 0 0 0 0 1 0 1 1 1 1 0 1 1 1 0 1 1 1 0 0 0 1 1 0 1 1 0 1 1 0 0 1 1 0 0 1 1 1 1 0 0 1 1 1 1 1 1 1 0 1 1 0 1 0 0 0 0 0 0 1 0 0 0 0 0 0 1 1 1 0 1 1 0 0 0 0 1 0 1 1 0 1 1 1 0 0 1 0 1 1 1 0 1 0 0 1 1 1 1 1 0 0 1 0 1 1 0 0 0 0 1 0 0 1 1 1 1 1 1 0 0 0 1 0 1 1 0 0 0 0 1 1 1 1 1 0 1 0 1 0 0 1 1 1 0 1 1 0 1 1 1 1 1 0 1 0 0 0 1 1 1 0 0 0 1 0 1 0 0 0 1 0 1 1 1 0 0 0 0 0 0 1 0 0 1 1 1 1 1 0 0 1 0 0 1 1 0 1 1 0 1 1 0 0 0 0 1 0 0 0 0 1 0 0 1 0 1 1 0 1 1 0 0 0 0 0 0 0 0 0 1 0 0 1 0 1 0 1 1 1 0 0 0 1 0 0 1 1 0 0 0 1 1 0 0 1 0 0 0 1 0 0 0 1 1 1 1 0 1 1 1 1 1 1 0 1 0 1 1 1 1 0 0 0 1 0 1 1 1 1 1 1 0 0 1 1 1 0 1 0 0 0 0 0 1 1 1 1 1 0 0 1 0 1 0 1 0 0 0 0 1 0 0 0 1 1 1 1 0 1 1 1 0 0 0 0 1 0 1 1 0 0 0 1 0 0 1 1 1 1 1 0 1 0 0 0 1 1 0 1 0 1 1 0 1 1 1 1 0 0 0 1 0 1 0 1 0 0 1 0 1 1 0 0 1 0 1 0 
quality : 4370
======================================

========== print chromosome ==========
genes : 0 0 0 1 0 0 0 1 1 1 0 1 1 1 1 0 1 1 0 0 1 1 0 0 1 0 1 1 0 1 0 1 0 0 0 1 0 1 0 0 1 0 0 0 1 0 1 0 0 0 1 1 0 1 0 1 1 0 0 0 1 0 0 0 0 0 1 0 0 0 0 0 0 1 0 0 1 1 1 0 1 0 1 1 1 1 1 1 0 1 1 0 0 0 0 0 0 0 0 1 1 1 1 1 1 1 1 0 1 0 1 1 0 0 0 0 1 0 1 1 1 1 0 1 1 1 0 0 1 1 0 0 0 1 1 0 1 1 0 1 1 0 0 1 0 0 0 1 1 1 1 0 0 1 1 1 1 1 1 1 0 1 1 0 1 0 0 0 0 0 0 1 0 0 0 0 0 0 1 1 1 0 1 1 0 0 0 0 1 0 1 0 0 1 1 1 0 0 1 0 1 1 1 0 1 0 0 1 1 1 1 1 0 0 1 0 1 1 0 0 0 0 1 0 0 1 1 1 0 1 1 0 0 0 1 1 1 1 0 0 0 0 1 0 1 1 1 0 1 0 1 0 0 1 1 1 0 1 1 0 1 1 1 1 1 0 1 0 0 0 1 0 1 0 0 0 1 0 1 0 0 0 1 0 1 1 1 0 0 0 0 0 0 1 0 1 1 1 1 1 1 0 0 1 0 0 1 1 0 1 1 0 1 1 0 0 0 0 1 0 0 0 0 1 0 0 1 0 1 1 0 1 1 0 0 0 0 0 0 1 0 0 1 0 0 1 0 1 0 1 1 1 0 0 0 1 0 0 1 1 0 0 0 1 1 0 0 1 0 1 0 1 0 0 0 1 1 1 1 0 1 1 1 1 1 1 0 1 0 1 1 1 1 0 0 1 1 0 1 1 1 1 1 1 0 0 1 1 1 1 1 0 0 0 0 0 1 1 1 1 1 0 0 1 0 1 0 0 0 0 0 0 1 0 0 0 1 1 1 1 1 1 1 0 0 0 0 0 1 0 1 1 0 0 0 1 0 0 1 1 1 1 1 0 1 0 0 0 1 1 0 1 0 1 1 0 1 1 1 1 0 0 0 1 0 1 0 1 0 1 1 0 1 1 0 0 1 0 1 0 
quality : 4370
======================================

========== print chromosome ==========
genes : 0 0 0 1 0 0 0 1 1 1 0 1 1 1 1 0 1 1 1 0 1 1 0 0 1 0 1 1 0 1 0 1 0 0 0 1 0 1 0 0 1 0 1 0 1 0 1 0 0 0 1 1 0 1 0 1 1 0 0 0 1 0 0 0 0 0 1 0 0 0 0 0 0 1 0 0 1 1 0 0 1 0 1 1 0 1 1 1 0 1 1 0 0 0 0 0 0 0 0 1 1 1 1 1 1 1 1 1 1 0 1 1 0 0 0 0 1 0 1 1 1 1 0 1 1 1 0 1 1 1 0 0 0 1 1 0 1 1 0 1 1 0 0 1 1 0 0 1 1 1 1 0 0 1 1 1 1 0 1 1 0 1 1 0 1 0 0 0 0 0 0 1 0 0 0 0 0 0 1 1 1 0 1 1 0 0 0 0 1 0 1 1 0 1 1 1 0 0 1 0 1 1 1 0 1 0 0 1 1 1 1 1 0 0 1 0 0 1 0 0 0 0 1 0 0 1 1 1 1 1 1 0 0 0 1 0 1 1 0 0 0 0 1 1 1 1 1 0 1 0 1 0 0 1 1 1 0 1 1 0 1 1 1 1 1 0 1 0 0 0 1 1 1 0 0 0 1 0 1 0 0 0 1 0 1 1 1 0 0 0 0 0 0 1 0 0 1 1 1 1 1 0 0 1 0 0 1 1 0 1 1 0 1 1 0 0 0 0 1 0 0 0 0 1 0 0 1 0 1 1 0 1 1 0 0 0 0 0 0 0 0 0 1 0 1 1 0 1 0 1 1 1 0 0 0 1 0 0 1 1 0 0 0 1 1 0 0 1 0 0 0 1 0 0 0 1 1 1 1 0 1 1 1 1 1 1 0 1 0 1 1 1 1 0 0 0 1 0 1 1 1 1 1 1 0 0 1 1 1 1 1 0 0 0 0 0 1 1 1 1 1 0 0 1 0 1 0 0 0 0 0 0 1 0 0 0 1 1 1 1 1 0 1 1 0 0 0 1 1 0 1 1 0 0 0 1 0 0 1 1 1 1 1 0 1 0 0 0 1 0 0 1 0 1 0 0 1 1 1 1 0 0 0 1 0 0 0 1 0 0 1 0 1 1 0 0 1 0 1 0 
quality : 4371
======================================

========== print final result ==========
Generations evolved: 494019
Best quality: 4371
Mean quality: 4360.450195
Standard deviation: 25.483698
======================================

4 8 9 10 12 13 14 15 17 18 19 21 22 25 27 28 30 32 36 38 41 43 45 47 51 52 54 56 57 61 67 74 77 78 81 83 84 86 87 88 90 91 100 101 102 103 104 105 106 107 108 109 111 112 117 119 120 121 122 124 125 126 128 129 130 134 135 137 138 140 141 144 145 148 149 150 151 154 155 156 157 159 160 162 163 165 172 179 180 181 183 184 189 191 192 194 195 196 199 201 202 203 205 208 209 210 211 212 215 218 223 226 227 228 229 230 231 235 237 238 243 244 245 246 247 249 251 254 255 256 258 259 261 262 263 264 265 267 271 272 273 277 279 283 285 286 287 294 297 298 299 300 301 304 307 308 310 311 313 314 319 324 327 329 330 332 333 343 345 346 348 350 351 352 356 359 360 364 365 368 372 376 377 378 379 381 382 383 384 385 386 388 390 391 392 393 397 399 400 401 402 403 404 407 408 409 410 411 417 418 419 420 421 424 426 433 437 438 439 440 441 443 444 448 449 451 452 456 459 460 461 462 463 465 469 472 474 477 478 479 480 484 488 491 493 494 497 499 