========== print final result ==========
Generations evolved: 508035
Best quality: 4503
Mean quality: 4491.750000
Standard deviation: 23.030586
======================================

Number of population: 20

========== print chromosome ==========
genes : 0 1 0 0 1 0 1 1 0 0 0 0 0 0 0 1 1 1 1 1 1 1 1 1 1 1 0 1 0 1 1 0 0 0 0 0 1 1 0 1 1 1 0 1 0 0 0 1 1 1 1 0 1 0 1 1 1 1 1 0 1 1 0 1 1 1 1 0 1 1 0 1 0 1 1 0 0 1 1 1 1 0 0 0 1 0 1 0 1 1 1 1 1 1 1 1 1 0 0 1 1 1 1 1 0 0 0 0 0 0 1 1 1 1 1 1 1 1 0 1 0 1 1 0 0 0 1 0 1 0 0 1 0 1 0 0 0 1 0 0 0 1 1 0 0 0 0 1 1 1 1 1 0 1 0 0 1 1 0 0 1 1 0 0 0 0 1 1 1 1 1 1 0 0 0 1 1 1 0 1 0 0 1 0 1 0 1 0 1 0 0 0 1 1 1 1 1 1 0 0 1 1 0 1 0 0 0 0 0 0 0 0 0 0 0 1 0 0 0 1 1 1 0 1 1 1 1 0 1 1 0 0 1 1 1 0 0 1 0 1 1 0 1 1 0 1 1 0 0 1 1 1 1 1 1 1 0 0 1 0 1 1 0 1 0 0 0 1 1 0 1 1 1 0 1 0 0 1 1 1 0 1 0 0 1 1 0 1 1 0 0 1 0 0 0 0 0 0 0 1 0 1 0 0 0 0 1 0 1 1 1 0 1 0 1 0 1 1 1 0 1 0 1 1 1 1 0 1 0 0 1 0 1 1 0 0 1 1 1 0 1 0 0 0 1 1 1 0 1 1 0 0 0 1 0 1 0 1 0 0 1 1 0 0 1 1 0 0 0 1 1 0 0 0 1 0 1 0 1 1 0 1 1 0 0 0 1 0 1 1 0 0 0 0 1 1 1 1 0 1 0 0 1 0 0 0 1 1 0 0 0 0 0 0 0 1 0 0 0 1 1 0 1 1 0 0 1 0 0 1 0 1 0 0 1 0 0 0 0 1 1 0 0 1 0 0 0 0 0 1 1 0 1 0 0 0 1 1 0 1 0 0 0 1 0 1 0 1 0 1 0 0 1 1 0 0 0 1 1 0 1 0 0 0 1 0 0 0 1 0 1 0 0 1 0 1 0 0 0 1 
quality : 4472
======================================

========== print chromosome ==========
genes : 0 1 0 0 1 0 1 1 0 0 0 0 0 0 0 1 1 1 1 1 1 1 1 0 1 1 0 1 0 1 1 0 0 0 0 0 1 1 0 0 1 1 0 1 0 0 0 1 1 0 1 0 1 0 1 1 1 1 1 0 1 1 0 1 1 1 1 0 1 1 0 1 0 1 0 0 0 1 0 1 1 0 0 0 1 0 1 1 1 1 1 1 1 1 1 1 1 0 1 1 1 1 1 1 0 0 0 0 0 0 1 1 1 1 1 1 1 1 0 1 0 1 1 0 0 0 1 0 1 0 0 1 0 1 0 0 0 1 0 0 0 1 1 0 0 0 0 1 1 0 1 1 0 1 0 0 1 1 0 0 1 1 0 0 0 0 1 1 1 1 1 1 0 0 0 1 1 1 0 1 0 0 1 0 1 0 1 0 1 0 0 0 1 0 1 1 1 1 0 0 0 1 0 1 0 0 0 0 0 0 0 0 0 0 0 1 0 0 0 1 1 1 0 1 1 1 1 0 1 1 0 0 1 1 1 0 0 1 0 1 1 0 1 1 0 1 1 0 0 1 1 1 1 1 1 1 0 0 1 0 1 1 0 1 0 0 0 1 1 0 1 1 1 0 1 0 0 1 1 1 0 1 0 0 1 1 0 1 1 0 0 1 0 0 0 0 0 0 1 1 0 0 1 0 0 0 1 0 1 1 1 0 1 0 1 0 1 1 1 0 1 0 1 1 0 1 0 1 0 0 1 0 1 1 0 0 1 1 1 0 1 0 0 1 1 1 1 0 1 1 0 0 0 1 0 1 0 1 0 0 1 1 0 0 1 1 0 0 0 1 1 0 0 0 1 0 1 0 1 1 0 1 1 0 0 0 1 0 1 1 0 0 0 0 1 1 1 1 0 1 0 0 1 0 0 0 1 1 0 0 0 0 0 0 0 1 0 0 0 1 1 0 1 1 0 0 1 0 1 1 0 1 0 0 1 0 0 0 0 1 1 0 0 1 0 0 0 0 0 1 1 0 1 0 0 0 1 1 0 1 0 0 0 1 0 1 0 1 0 1 0 0 1 1 0 0 0 1 1 0 1 0 0 0 1 0 0 0 1 0 1 0 0 1 0 1 0 0 0 1 
quality : 4442
======================================

========== print chromosome ==========
genes : 0 1 0 0 1 0 1 1 0 0 0 0 0 0 0 1 1 1 1 1 1 1 1 0 1 1 0 1 0 1 1 0 0 0 0 0 1 1 0 0 1 1 0 1 0 0 0 1 1 1 1 0 1 0 1 1 1 1 1 1 1 1 0 1 1 1 1 0 1 1 0 1 0 1 1 0 0 1 0 1 0 0 0 0 1 0 1 0 1 1 1 1 1 1 1 0 1 0 1 1 1 1 1 1 0 0 0 0 0 0 1 1 1 1 1 1 1 1 0 1 0 1 1 1 0 0 1 0 0 0 0 1 0 1 0 0 0 1 0 0 0 1 1 0 0 0 0 1 1 0 1 1 0 1 0 0 1 1 0 0 1 1 0 0 0 1 1 1 1 1 1 1 0 0 0 1 1 1 0 1 0 0 1 0 1 0 1 0 1 0 0 0 1 1 1 1 1 1 0 0 1 1 0 1 0 0 0 0 0 0 0 0 0 0 0 1 0 0 0 1 1 1 0 1 1 1 1 0 1 1 0 0 1 1 1 0 0 1 0 1 1 0 1 1 0 1 1 0 0 1 1 1 1 1 1 1 0 0 1 0 1 1 0 1 0 0 0 1 1 0 1 0 1 0 1 0 0 1 1 1 0 1 0 0 1 1 0 1 0 0 0 1 0 0 0 0 0 0 0 1 0 0 1 0 0 0 0 0 1 1 1 0 1 0 1 0 1 1 1 0 1 0 1 1 1 1 0 1 1 0 1 0 1 1 0 1 1 1 1 0 1 0 0 0 1 1 0 0 1 1 0 0 0 1 0 1 0 1 0 0 1 1 1 0 1 1 0 0 0 1 1 0 0 0 1 0 1 0 1 1 0 1 1 0 0 0 1 0 1 1 0 0 0 0 1 1 1 1 0 1 0 0 1 0 0 0 1 1 0 0 0 0 0 0 0 1 0 0 0 1 1 0 1 1 0 0 1 0 1 1 0 1 0 0 1 0 0 0 0 0 1 0 0 1 0 0 0 0 0 1 1 0 1 0 0 0 1 1 0 1 0 0 0 1 0 1 0 1 1 1 0 0 1 1 0 0 0 1 1 1 1 0 0 0 1 0 0 0 1 0 1 0 0 1 0 1 0 0 0 1 
quality : 4419
======================================

========== print chromosome ==========
genes : 0 1 0 0 1 0 1 1 0 0 0 0 0 0 0 1 1 1 1 1 1 1 1 0 1 1 0 1 0 1 1 1 0 0 0 0 1 1 0 0 1 1 0 1 0 0 0 1 1 1 1 0 1 0 1 1 1 1 1 0 1 1 0 1 1 1 1 0 1 1 0 1 0 1 1 0 0 1 0 1 1 0 0 0 0 0 1 0 1 1 1 1 1 1 1 1 1 0 1 1 1 1 1 1 0 0 0 0 0 0 1 1 1 1 1 1 0 1 0 1 0 1 1 0 0 0 1 0 1 0 0 1 0 1 0 0 0 1 0 0 0 1 1 0 0 0 0 1 1 0 1 1 0 1 0 0 1 1 0 0 1 1 0 0 0 0 1 1 1 1 1 1 0 0 0 1 1 1 0 1 0 0 1 0 1 0 1 0 1 0 0 0 1 1 1 1 1 1 0 0 1 1 0 1 0 0 0 0 0 0 0 0 0 0 0 1 0 0 0 1 1 1 0 1 1 1 0 0 1 1 0 0 1 1 1 0 0 1 0 1 1 0 1 1 0 1 1 0 0 1 1 1 1 1 1 1 0 0 1 0 1 1 0 1 0 0 0 1 1 0 1 1 1 0 1 0 0 1 1 1 0 1 0 0 1 1 0 1 1 0 0 1 0 0 0 0 0 0 0 1 0 0 1 0 0 0 1 0 1 1 1 1 1 0 1 0 1 1 1 0 1 0 1 1 1 1 0 1 0 0 1 0 1 1 0 0 1 1 1 0 1 0 0 0 1 1 1 0 1 1 1 0 0 1 0 1 0 1 0 0 1 1 0 0 1 1 0 0 0 1 1 1 0 0 1 0 1 0 1 1 0 1 1 0 1 0 1 0 1 0 0 0 0 0 1 1 1 1 0 1 0 0 1 0 0 0 1 1 0 0 0 0 0 0 0 1 0 0 0 1 1 1 1 1 0 0 1 0 1 1 1 1 0 0 1 0 0 0 0 0 1 0 0 1 0 0 0 0 0 1 1 0 1 0 1 0 0 1 0 1 0 0 0 1 0 1 0 1 1 1 0 0 1 1 0 0 0 1 1 0 1 0 0 0 1 0 0 0 1 0 1 0 0 1 0 1 0 0 0 1 
quality : 4474
======================================

========== print chromosome ==========
genes : 0 1 0 0 1 0 1 1 0 0 0 0 0 0 0 1 1 1 1 1 1 1 1 0 1 1 0 1 0 1 1 0 0 0 0 0 1 1 0 0 1 1 0 1 0 0 0 1 1 1 1 0 1 0 1 1 1 1 1 0 1 1 0 1 1 1 1 0 1 1 0 1 0 1 1 0 0 1 0 1 1 0 0 0 1 1 1 0 1 1 1 1 1 1 1 1 1 0 1 1 1 1 1 1 0 0 0 0 0 0 1 1 1 1 1 1 0 1 0 1 0 1 1 0 0 0 1 0 1 0 0 1 0 1 0 0 0 1 0 0 0 1 1 0 0 0 0 1 1 0 1 1 0 1 0 0 1 1 0 0 1 1 0 0 0 0 1 1 1 1 1 1 0 0 0 1 1 1 0 1 0 0 1 0 1 0 1 0 1 0 0 0 1 1 1 1 1 1 0 0 1 1 0 1 0 0 0 0 0 0 0 0 0 0 0 1 0 0 0 1 1 1 0 1 1 1 0 0 1 1 0 0 1 1 1 0 0 1 0 1 1 0 1 1 0 1 1 0 0 1 1 1 1 1 1 1 0 0 1 0 1 1 0 1 0 0 0 1 1 0 1 1 1 0 1 0 0 1 1 1 0 1 0 0 1 1 0 1 1 0 0 1 0 0 0 0 0 0 0 1 0 0 1 0 0 0 1 0 1 1 1 1 1 0 1 0 1 1 1 0 1 0 1 1 1 1 0 1 0 0 1 0 1 1 0 0 1 1 1 0 1 0 0 0 1 0 1 0 1 1 0 0 0 1 0 1 0 1 0 0 1 1 0 0 1 1 0 0 0 1 1 0 0 0 1 0 1 0 1 1 0 1 1 0 0 0 1 0 1 0 0 0 0 0 1 1 1 1 0 1 0 0 1 0 0 0 1 1 0 0 0 0 0 0 0 1 0 0 0 1 0 0 1 1 0 0 1 0 1 1 0 1 0 0 1 0 0 0 0 1 1 0 0 1 0 0 0 0 0 1 1 0 1 0 0 0 1 1 0 1 0 0 0 1 0 1 0 1 1 1 0 1 1 1 1 0 0 1 1 0 1 0 0 0 1 0 0 0 1 1 1 0 0 1 0 1 0 0 0 1 
quality : 4501
======================================

========== print chromosome ==========
genes : 0 1 0 0 1 0 1 1 0 0 0 0 0 0 0 1 1 1 1 1 1 1 1 0 1 1 0 1 0 1 1 0 0 0 0 0 1 1 0 0 1 1 0 1 0 0 0 1 1 0 1 0 1 0 1 1 1 1 1 0 1 1 0 1 1 1 1 0 1 1 0 1 0 1 0 0 0 1 0 1 1 0 0 0 1 0 1 1 1 1 1 1 1 1 1 1 1 0 1 1 1 1 1 1 0 0 0 0 0 0 1 1 1 1 1 1 1 1 0 1 0 1 1 0 0 0 1 0 1 0 0 1 0 1 0 0 0 1 0 0 0 1 1 0 0 0 0 1 1 0 1 1 0 1 0 0 1 1 0 0 1 1 0 0 0 0 1 1 1 1 1 1 0 0 0 1 1 1 0 1 0 0 1 0 1 0 1 0 1 0 0 0 1 0 1 1 1 1 0 0 1 1 0 1 0 0 0 0 0 0 0 0 0 0 0 1 0 0 1 1 1 1 0 1 1 1 1 0 1 1 0 0 1 1 1 0 0 1 0 1 1 0 1 1 0 1 1 0 0 1 1 1 1 1 1 1 0 0 1 0 1 1 0 1 0 0 0 1 1 0 1 1 1 0 1 0 0 1 0 1 0 1 0 0 1 1 0 1 0 0 0 1 0 0 0 0 0 0 0 1 0 0 1 0 0 0 0 0 1 1 1 0 1 0 1 0 1 1 1 0 1 0 1 1 1 1 0 1 0 0 1 0 1 1 0 0 1 1 1 0 1 0 0 0 1 1 1 0 1 1 0 0 0 1 1 1 0 1 0 0 1 1 0 0 1 1 0 0 0 1 1 0 0 0 1 0 1 0 1 1 0 1 1 0 0 0 1 0 1 1 0 0 0 0 1 1 1 1 0 1 0 0 1 0 0 0 1 1 0 0 0 0 0 0 0 1 0 0 0 1 1 0 1 1 0 0 1 0 1 1 0 1 0 0 1 0 0 0 0 1 1 0 0 1 0 0 1 0 0 1 1 0 1 0 0 0 1 1 0 1 0 0 0 1 0 1 0 1 0 1 0 0 1 1 0 0 0 1 1 0 1 0 0 0 1 0 0 0 1 0 1 0 0 1 1 1 0 0 0 1 
quality : 4501
======================================

========== print chromosome ==========
genes : 0 1 0 0 1 0 1 1 0 0 0 0 0 0 0 1 1 1 1 1 1 1 1 0 1 1 0 1 0 1 1 0 0 0 0 0 1 1 0 0 1 1 0 1 0 0 0 1 1 1 1 0 1 0 1 1 1 1 1 1 1 1 0 1 1 1 1 0 1 1 0 1 0 1 1 0 0 1 0 1 1 0 0 0 1 0 1 0 1 1 1 1 1 1 1 1 1 0 1 1 1 1 1 1 0 0 0 0 0 0 1 1 1 1 1 1 1 1 0 1 0 1 1 1 0 0 1 0 0 0 0 1 0 1 0 0 0 1 0 0 0 1 1 0 0 0 0 1 1 0 1 1 0 1 0 0 1 1 0 0 1 1 0 0 0 0 1 1 0 1 1 1 0 0 0 1 1 1 0 1 0 0 1 0 1 0 1 0 1 0 0 0 1 0 1 1 1 1 0 0 1 1 0 1 0 0 0 0 0 0 0 0 0 0 0 1 0 0 0 1 1 1 0 1 1 1 1 0 1 1 0 0 1 1 1 0 0 1 0 1 1 0 1 1 0 1 1 0 0 1 1 1 1 1 1 1 0 0 1 0 1 1 0 1 0 0 0 1 1 0 1 1 1 0 1 0 0 1 1 1 0 1 0 0 1 1 0 1 1 0 0 1 0 0 0 0 0 0 1 1 0 0 1 0 0 0 1 0 1 1 1 0 1 0 1 0 1 1 1 0 1 0 1 1 0 1 0 1 0 0 1 0 1 1 0 0 1 1 1 0 1 0 0 1 1 1 1 0 1 1 0 0 0 1 0 1 0 1 0 0 1 1 0 0 1 1 0 0 0 1 1 0 0 0 1 0 1 0 1 1 0 1 1 0 0 0 1 0 1 1 0 0 0 0 1 1 1 1 0 1 0 0 1 0 0 0 1 1 0 0 0 0 0 0 0 1 0 0 0 1 1 0 1 1 0 0 1 0 1 1 0 1 0 0 1 0 0 0 0 1 1 0 0 1 0 0 0 0 0 1 1 0 1 0 0 0 1 1 0 1 0 0 0 1 0 1 0 1 0 1 0 0 1 1 0 0 0 1 1 0 1 0 0 0 1 0 0 0 1 0 1 0 0 1 0 1 0 0 0 1 
quality : 4501
======================================

========== print chromosome ==========
genes : 0 1 0 0 1 0 1 1 0 0 0 0 0 0 0 1 1 1 1 1 1 1 1 0 1 1 0 1 0 1 1 0 0 0 1 0 1 1 0 0 1 1 0 1 0 0 0 1 1 1 1 0 1 0 1 1 1 1 1 0 1 1 0 1 1 1 1 0 1 1 0 1 0 1 1 0 0 1 0 1 1 0 0 0 1 0 1 0 1 1 1 1 1 1 1 1 1 0 1 1 1 1 1 1 0 0 0 0 0 0 1 1 1 1 1 1 1 1 0 1 0 1 1 0 0 0 1 0 1 0 0 1 0 1 0 0 0 1 0 0 0 1 1 0 0 0 0 1 1 0 1 1 0 1 0 0 1 1 0 0 1 1 0 0 0 0 1 1 1 1 1 1 0 0 0 1 1 1 0 1 0 0 1 0 1 0 1 0 1 0 0 0 1 0 1 1 1 1 0 0 1 1 0 1 0 0 0 0 0 0 0 0 0 0 0 1 0 0 0 1 1 1 0 1 1 1 1 0 1 1 0 0 1 1 1 0 0 1 0 1 1 0 1 1 0 1 1 0 0 1 1 1 1 1 1 1 0 0 1 0 1 1 0 1 0 0 0 1 1 0 1 1 1 0 1 0 0 1 0 1 0 1 0 0 0 1 0 1 1 0 0 1 0 0 0 0 0 0 0 1 0 0 1 0 0 0 1 0 1 1 1 0 1 0 1 0 1 1 1 0 1 0 1 1 1 1 0 1 0 0 1 0 1 1 0 0 1 1 1 0 1 0 0 0 1 1 1 0 1 1 0 0 0 1 0 1 0 1 0 0 1 1 0 0 1 1 0 0 0 1 1 0 0 0 1 0 1 0 1 1 0 1 1 0 0 0 1 0 1 1 0 0 0 0 1 1 1 1 0 1 0 0 1 0 0 0 1 1 0 0 0 0 0 0 0 1 0 0 0 1 1 0 1 1 0 0 1 0 1 1 0 1 0 0 1 0 0 0 0 1 1 0 0 1 0 0 0 0 0 1 1 0 0 0 0 0 1 1 0 1 0 0 0 1 0 1 0 1 0 1 0 0 1 1 0 0 0 1 1 0 1 0 0 0 1 0 0 0 1 0 1 0 0 1 0 1 1 0 0 1 
quality : 4501
======================================

========== print chromosome ==========
genes : 0 1 0 0 1 0 1 1 0 0 0 0 0 0 0 1 1 1 1 1 1 1 1 0 1 1 0 1 0 1 1 0 0 0 0 0 1 0 0 0 1 1 0 1 0 0 0 1 1 1 1 0 1 0 1 1 1 1 1 0 1 1 0 1 1 1 1 0 1 1 0 1 0 1 1 0 0 1 0 1 1 0 0 0 1 0 1 0 1 1 0 1 1 1 1 1 1 0 1 1 1 1 1 1 0 0 0 0 0 0 1 1 1 1 1 1 1 1 0 1 0 1 1 0 0 0 1 0 1 0 0 1 0 1 0 0 0 1 0 0 0 1 1 0 0 0 0 1 1 0 1 1 0 1 0 0 1 1 0 0 1 1 0 0 0 0 1 1 1 1 1 1 0 0 0 1 1 1 0 1 0 0 1 0 1 0 1 0 1 0 0 0 1 0 1 1 1 1 0 0 1 1 0 1 0 0 0 0 0 0 0 0 0 0 0 1 0 0 0 1 1 1 0 1 1 1 1 0 1 1 0 0 1 1 1 0 0 1 0 1 1 0 1 1 0 1 1 0 0 1 1 1 1 1 1 1 0 0 1 0 1 1 0 1 0 0 0 1 1 0 1 1 1 0 1 0 0 1 1 1 0 1 0 0 1 1 0 1 1 0 0 1 0 0 0 0 0 0 0 1 0 0 1 0 0 0 1 0 1 1 1 0 1 0 1 0 1 1 1 0 1 0 1 1 1 1 0 1 0 0 1 0 1 1 0 0 1 1 1 0 1 0 0 0 0 1 1 0 1 1 0 0 0 1 0 1 0 1 0 0 1 1 0 0 1 1 0 0 0 1 1 0 0 0 1 0 1 0 1 1 0 1 1 0 0 0 1 0 1 1 0 0 0 0 0 1 1 1 0 1 0 0 1 0 0 0 1 1 0 0 0 0 0 0 0 1 0 0 0 1 1 0 1 1 0 0 1 0 1 1 0 1 0 0 1 0 0 0 0 1 1 0 0 1 0 0 0 0 0 1 1 0 0 0 0 0 1 1 0 1 0 0 0 1 0 1 0 1 0 1 0 0 1 1 0 0 0 1 1 0 1 0 0 0 1 0 0 0 1 0 1 0 0 1 0 1 0 0 0 1 
quality : 4501
======================================

========== print chromosome ==========
genes : 0 1 0 0 1 0 1 1 0 0 0 0 0 1 0 1 1 1 1 1 1 1 1 0 1 1 0 1 0 1 1 0 0 0 0 0 1 1 0 0 1 1 0 1 0 0 0 1 1 1 1 0 1 0 1 1 1 1 1 0 1 1 0 1 1 1 1 0 1 1 0 1 0 1 1 0 0 1 0 1 1 0 0 0 1 0 1 0 1 1 1 1 1 1 1 1 1 0 1 1 1 1 1 1 0 0 0 0 0 0 1 0 1 1 1 1 1 1 0 1 0 1 1 0 0 0 1 0 1 0 0 1 0 1 0 0 0 1 0 0 0 1 1 0 0 0 0 1 1 0 1 1 0 1 0 0 1 1 0 0 1 1 0 0 0 0 1 1 1 1 1 1 0 0 0 1 1 1 0 1 0 0 1 0 1 0 1 0 1 0 0 0 1 1 1 1 1 1 0 0 1 1 0 1 0 0 0 0 0 0 0 0 0 0 0 1 0 0 0 1 1 1 0 1 1 1 1 0 1 1 0 0 1 1 1 0 0 1 0 1 1 0 0 1 0 1 1 0 0 1 1 1 1 1 1 1 0 0 1 0 1 1 0 1 0 0 0 1 1 0 1 1 1 0 1 0 0 1 1 1 0 1 0 0 1 1 0 1 1 0 0 1 0 0 0 0 0 0 0 1 0 0 1 0 0 0 1 0 1 1 1 0 1 0 1 0 1 1 1 0 1 0 1 1 1 1 0 1 0 0 1 0 1 1 0 0 1 1 1 0 1 0 1 0 1 1 1 0 1 1 0 0 0 1 0 1 1 1 0 0 1 1 0 0 1 1 0 0 0 1 1 0 0 0 1 0 1 0 1 1 0 1 1 0 0 0 1 0 1 1 0 0 0 0 1 1 1 1 0 1 0 0 1 0 0 0 1 1 0 0 0 0 0 0 0 1 1 0 0 1 1 0 1 1 0 0 1 0 1 1 0 1 0 0 1 0 0 0 0 0 1 0 0 1 0 0 0 0 0 1 1 0 1 0 0 0 1 1 0 1 0 0 0 1 0 1 0 1 1 1 0 0 1 1 0 0 0 1 1 0 1 0 0 0 1 0 0 0 1 0 1 0 0 1 0 1 0 0 0 1 
quality : 4502
======================================

========== print chromosome ==========
genes : 0 1 0 0 1 0 1 1 0 0 0 0 0 0 0 1 1 1 1 1 1 1 1 0 1 1 0 1 0 1 1 0 0 0 0 0 1 1 0 0 1 1 0 1 0 0 0 1 1 1 1 0 1 0 1 1 1 1 1 0 1 1 0 1 1 1 1 0 1 1 0 1 0 1 1 0 0 1 0 1 1 0 0 0 1 0 1 0 1 1 1 1 1 1 1 1 1 0 1 1 1 1 1 1 0 0 0 0 0 0 1 1 1 1 1 1 1 1 0 1 0 1 1 0 0 0 1 0 1 0 0 1 0 1 0 0 1 1 0 0 0 1 1 0 0 0 0 1 1 0 1 1 0 1 0 0 1 1 0 0 1 1 0 0 0 0 1 1 1 1 1 1 0 0 0 1 1 1 0 1 0 0 1 0 1 0 1 0 1 0 0 0 1 1 1 1 1 1 0 0 1 1 0 1 0 0 0 0 0 0 0 0 0 0 0 1 0 0 0 1 1 1 0 1 1 1 1 0 1 1 0 0 1 1 0 0 0 1 0 1 1 0 1 1 0 1 1 0 0 1 1 1 1 1 1 1 0 0 1 0 1 1 0 1 0 0 0 1 1 0 1 1 1 0 1 0 0 1 1 1 1 1 0 0 1 1 0 1 1 0 0 1 0 0 0 0 0 0 0 1 0 0 1 0 0 0 1 0 1 1 1 0 1 0 1 0 1 1 1 0 1 0 1 1 1 0 0 1 0 0 1 0 1 1 0 0 1 1 1 0 1 0 0 1 1 1 1 0 1 1 0 0 0 1 0 1 0 1 0 0 1 1 0 0 1 1 0 0 0 1 1 0 1 0 1 0 1 0 1 1 0 1 1 0 0 0 1 0 1 1 0 0 0 0 1 1 1 1 0 1 0 0 1 0 0 0 1 1 0 0 0 0 0 0 0 1 0 0 0 1 1 0 1 1 0 0 1 0 1 1 0 1 0 0 1 0 0 0 0 0 1 0 0 1 0 0 0 0 0 1 1 0 1 0 0 0 1 1 0 1 0 0 0 1 1 1 1 1 1 1 0 0 1 1 0 0 0 1 1 0 1 0 0 0 1 0 0 0 1 0 1 0 0 1 0 1 0 0 0 1 
quality : 4502
======================================

========== print chromosome ==========
genes : 0 1 0 0 1 0 1 1 0 0 0 0 0 0 0 1 1 1 1 1 1 1 1 0 1 1 0 1 0 1 1 0 0 0 0 0 1 1 0 0 1 1 0 1 0 0 0 1 1 1 1 0 1 0 1 1 1 1 1 0 1 1 0 1 1 0 1 0 1 1 0 1 0 1 1 0 0 1 0 1 1 0 0 0 1 0 1 0 1 1 1 1 1 1 1 1 1 0 1 1 1 1 1 1 0 0 0 0 0 0 1 1 1 1 1 1 1 1 0 1 0 1 1 0 0 0 1 0 1 0 1 1 0 1 0 0 0 1 0 0 0 1 1 0 0 0 0 1 1 0 1 1 0 1 0 0 1 1 0 0 1 1 0 0 0 0 1 1 1 1 1 1 0 0 0 1 1 1 0 1 0 0 1 0 1 0 1 0 1 0 0 0 1 1 1 1 1 1 0 0 1 1 0 1 0 0 0 0 0 0 0 0 0 0 0 1 0 0 0 1 1 1 0 1 1 1 1 0 1 1 0 0 1 1 1 0 0 1 0 1 1 0 1 1 0 1 1 0 0 1 1 1 1 1 1 1 0 0 1 0 0 1 0 1 0 0 0 1 1 0 1 1 1 0 1 0 0 1 1 1 0 1 0 0 1 1 0 1 1 0 0 1 0 0 0 0 0 0 0 1 0 0 1 0 0 0 1 0 1 1 1 0 1 0 1 0 1 1 1 0 1 0 1 1 1 1 0 1 0 0 1 0 1 1 0 0 1 1 1 0 1 0 0 0 1 1 1 0 1 1 0 0 0 1 0 1 0 1 0 0 1 1 1 0 1 1 0 0 0 1 1 0 0 0 1 0 1 0 1 1 0 1 1 0 0 0 1 0 1 1 0 0 0 0 1 1 1 1 0 1 0 0 1 0 0 0 0 1 0 0 1 0 0 0 0 1 0 0 0 1 1 0 1 1 0 0 1 0 1 1 0 1 0 0 1 0 0 0 0 0 1 0 0 1 0 0 0 0 0 1 1 0 1 0 0 0 1 1 1 1 0 0 0 1 0 1 0 1 1 1 0 0 1 1 0 0 0 1 1 0 1 0 0 0 1 0 0 0 1 0 1 0 0 1 0 1 0 0 0 1 
quality : 4502
======================================

========== print chromosome ==========
genes : 0 1 0 0 1 0 1 1 0 0 0 0 0 0 0 1 1 1 1 1 1 1 1 0 1 1 0 1 0 1 1 0 0 0 0 0 1 1 0 0 1 1 0 1 0 0 0 1 1 1 1 0 1 0 1 1 1 1 1 0 1 1 0 1 1 1 1 0 1 1 0 1 0 1 1 0 0 1 0 1 1 0 0 0 1 0 1 0 1 1 1 1 1 1 1 1 1 0 1 1 1 1 1 1 0 0 0 0 0 0 1 1 1 1 1 1 1 1 0 1 0 1 1 0 0 0 1 0 1 0 0 1 0 1 0 0 0 1 0 0 0 1 1 0 0 0 0 1 1 0 1 1 0 1 0 0 1 1 0 0 1 1 0 0 0 0 1 1 1 1 1 1 0 0 0 1 1 0 0 1 0 0 1 0 1 0 1 0 1 0 0 0 1 1 1 1 1 1 0 0 1 1 0 1 0 0 0 0 0 0 0 0 0 0 0 1 0 0 0 1 1 1 0 1 1 1 1 0 1 1 0 0 1 1 1 0 0 1 0 0 1 0 1 1 0 1 1 0 0 1 1 1 1 1 1 1 0 0 1 1 1 1 0 1 0 0 0 1 1 0 1 1 1 0 1 0 0 1 1 1 0 1 0 0 1 1 0 1 1 0 0 1 0 0 0 0 0 0 0 1 0 0 1 0 0 0 1 0 1 1 0 0 1 0 1 0 1 1 1 0 1 0 1 1 1 1 0 1 0 0 1 0 1 1 0 0 1 0 1 0 1 0 0 0 1 1 1 0 1 1 0 0 0 1 0 1 0 1 0 0 1 1 0 0 1 1 0 0 0 1 1 0 1 0 1 0 1 0 1 1 0 1 1 0 0 0 1 0 1 1 0 0 0 0 1 1 1 1 0 1 0 0 1 0 0 0 1 1 0 0 0 0 0 0 0 1 0 0 0 1 0 0 1 1 0 0 1 0 1 1 0 1 0 0 1 0 0 0 0 0 1 0 0 1 0 0 0 0 0 1 1 0 1 0 0 0 1 1 0 1 0 0 0 1 0 1 0 1 1 1 0 0 1 1 0 0 0 1 1 0 1 0 0 0 1 0 0 0 1 0 1 0 0 1 0 1 0 0 0 1 
quality : 4502
======================================

========== print chromosome ==========
genes : 0 1 0 0 1 0 1 1 0 0 0 0 0 0 0 1 1 1 1 1 1 1 1 0 1 1 0 1 0 1 1 0 0 0 0 0 1 1 0 0 1 1 0 1 0 0 0 1 1 1 1 0 1 0 1 1 1 1 1 0 1 1 0 1 1 1 1 0 1 1 0 1 0 1 1 0 0 1 0 1 1 0 0 0 1 0 1 0 1 1 1 1 1 1 1 1 1 0 1 1 1 1 1 1 0 0 0 0 0 0 1 1 1 1 1 1 0 1 0 1 0 1 1 0 0 0 1 0 1 0 0 1 0 1 0 0 0 1 0 0 0 1 1 0 0 0 0 1 1 0 1 1 0 1 0 0 1 1 0 0 1 1 0 0 0 0 1 1 1 1 1 1 0 0 0 1 1 1 0 1 0 0 1 0 1 0 1 0 1 0 0 0 1 1 1 1 1 1 0 0 1 1 0 1 0 0 0 0 0 0 0 0 0 0 0 1 0 0 0 1 1 1 0 1 1 1 0 0 1 1 0 0 1 1 1 0 0 1 0 1 1 0 1 1 0 1 1 0 0 1 1 1 1 1 1 1 0 0 1 0 1 1 0 1 0 0 0 1 1 0 1 1 1 0 1 0 0 1 1 1 0 1 0 0 1 1 0 1 1 0 0 1 0 0 0 0 0 0 0 1 0 0 1 0 0 0 1 0 1 1 1 1 1 0 1 0 1 1 1 0 1 0 1 1 1 1 0 1 0 0 1 0 1 1 0 0 1 1 1 0 1 0 0 0 1 1 1 0 1 1 0 0 0 1 0 1 0 1 0 0 1 1 0 0 1 1 0 0 0 1 1 0 0 0 1 0 1 0 1 1 0 1 1 0 0 0 1 0 1 0 0 0 0 0 1 1 1 1 0 1 0 0 1 0 0 0 1 1 0 0 0 0 0 0 0 1 0 0 0 1 1 0 1 1 0 0 1 0 1 1 0 1 0 0 1 0 0 0 0 0 1 0 0 1 0 0 0 0 0 1 1 0 1 0 0 0 1 1 0 1 0 0 0 1 0 1 0 1 1 1 0 0 1 1 0 0 0 0 1 0 1 0 0 0 1 0 0 0 1 0 1 0 0 1 0 1 0 0 0 1 
quality : 4502
======================================

========== print chromosome ==========
genes : 0 1 0 0 1 0 1 1 0 0 0 0 0 0 0 1 1 1 1 1 1 1 1 0 1 1 0 1 0 1 1 0 0 0 0 0 1 1 0 0 1 1 0 1 0 0 0 1 1 1 1 0 1 0 1 1 1 1 1 0 1 1 0 1 1 1 1 0 1 1 0 1 0 1 1 0 0 1 0 1 1 0 0 0 1 0 1 0 1 1 1 1 1 1 1 1 1 0 1 1 1 1 1 1 0 0 0 0 0 0 1 1 1 1 1 1 1 1 0 1 0 1 1 0 0 0 1 0 1 0 0 1 0 1 0 0 0 1 0 0 0 1 1 0 0 0 0 1 1 0 1 1 0 1 0 0 1 1 0 0 1 1 0 0 0 0 1 1 1 1 1 1 0 0 0 1 1 1 0 1 0 0 1 0 1 0 1 0 1 0 0 0 1 1 1 1 1 1 0 0 1 1 0 1 0 0 0 0 0 0 0 0 0 0 0 1 0 0 0 1 1 1 0 1 1 1 1 0 1 1 0 0 1 1 1 0 0 1 0 1 1 0 1 1 0 1 1 0 0 1 1 1 1 1 1 1 0 0 1 0 1 1 0 1 0 0 0 1 1 0 1 1 1 0 1 0 0 1 1 1 0 1 0 0 1 1 0 1 1 0 0 1 0 0 0 0 0 0 0 1 0 0 0 0 0 0 1 0 1 1 1 0 1 0 1 0 1 1 1 0 1 0 1 1 1 1 0 1 0 0 1 0 1 1 0 0 1 1 1 0 1 0 0 0 1 1 1 0 1 1 0 0 0 1 0 1 0 1 0 0 1 1 0 0 1 1 0 0 0 1 1 0 0 0 1 0 1 0 1 1 0 0 1 0 0 0 1 0 1 1 0 0 0 0 1 1 1 1 0 1 0 0 1 0 0 0 1 1 0 0 0 0 0 0 0 1 0 0 0 1 1 0 1 1 0 0 1 0 1 1 0 1 0 0 1 0 0 0 0 0 1 0 0 1 0 0 0 0 0 1 1 0 1 0 0 0 1 1 0 1 0 0 0 1 0 1 0 1 1 1 0 0 1 1 0 0 0 1 1 0 1 0 0 0 1 0 0 0 1 0 1 0 0 1 0 1 0 0 0 1 
quality : 4502
======================================

========== print chromosome ==========
genes : 0 1 0 0 1 0 1 1 0 0 1 1 0 0 0 1 1 1 1 1 1 1 1 0 1 1 0 1 1 1 1 0 0 0 0 0 1 1 0 0 1 1 0 1 0 0 0 1 1 1 1 0 0 0 1 1 1 1 1 0 1 1 0 1 1 1 1 0 1 1 0 1 0 1 1 0 0 1 0 1 1 0 0 0 1 0 1 0 1 1 1 1 1 1 1 1 1 0 1 1 1 1 1 1 0 0 0 0 0 0 1 1 1 1 1 1 1 1 0 1 0 1 1 0 0 0 1 0 1 0 1 1 0 1 0 0 0 1 0 0 0 1 1 0 0 0 0 1 1 0 1 1 0 1 0 0 1 1 0 0 1 1 0 0 0 0 1 1 1 1 1 1 0 0 0 1 1 1 0 1 0 0 1 0 1 0 1 0 1 0 0 0 1 1 1 1 1 1 0 0 1 1 0 1 0 0 0 0 0 0 0 0 0 0 0 1 0 0 0 1 1 1 0 1 1 1 1 0 1 1 0 0 1 1 1 0 0 1 0 1 1 0 1 1 0 1 1 0 0 1 1 1 1 1 1 1 0 0 1 0 1 1 0 1 0 0 0 1 1 0 1 0 1 0 1 0 0 1 1 1 0 1 0 0 1 1 0 1 0 0 0 1 0 0 0 0 0 0 0 1 0 0 1 0 0 0 1 0 1 1 1 0 1 0 1 0 1 1 1 0 1 0 1 1 1 1 0 1 0 0 1 0 1 1 0 1 1 1 1 0 1 0 0 0 1 1 0 0 1 1 0 0 0 1 0 1 0 1 0 0 1 1 1 0 1 1 0 0 0 1 1 0 0 0 1 0 1 0 1 1 0 1 1 0 0 0 1 0 1 1 0 0 0 0 1 1 1 1 0 1 0 0 1 0 0 0 1 1 0 0 0 0 0 0 0 1 0 0 0 1 1 0 1 1 0 0 1 0 1 1 0 1 0 0 1 0 0 0 0 0 1 0 0 1 0 0 0 0 0 1 1 0 1 0 0 0 1 1 0 1 0 0 0 1 0 1 0 1 1 1 0 0 1 1 0 0 0 1 1 1 1 0 0 0 1 0 0 0 1 0 1 0 0 1 0 1 0 0 0 1 
quality : 4502
======================================

========== print chromosome ==========
genes : 0 1 0 0 1 0 1 1 0 1 0 0 0 0 0 1 1 1 1 1 1 1 1 0 1 1 0 1 0 1 1 0 0 0 0 0 1 0 0 0 1 1 0 1 0 0 0 1 1 1 1 0 1 0 1 1 1 1 0 0 1 1 0 1 1 1 1 0 1 1 0 1 0 1 1 0 0 1 0 1 1 0 0 0 1 0 1 0 1 1 1 1 1 1 1 1 1 0 1 1 1 1 1 1 0 1 0 0 0 0 1 1 1 1 1 1 1 1 0 1 0 1 1 0 0 0 1 0 1 0 0 1 0 1 0 0 0 1 0 0 0 1 1 0 0 1 0 1 1 0 1 1 0 1 0 0 1 1 0 0 1 1 0 0 0 0 1 1 1 1 1 1 0 0 0 1 1 1 0 1 0 0 1 0 1 0 1 0 1 0 0 0 1 1 1 1 1 1 0 0 1 1 0 1 0 0 0 0 0 0 0 0 0 0 0 1 0 0 0 1 1 1 0 1 1 1 1 0 1 1 0 0 1 1 1 0 0 1 0 1 1 0 1 1 0 0 1 0 0 1 1 1 1 1 1 1 0 0 1 0 1 1 0 1 0 0 0 1 1 0 1 1 1 0 0 0 0 1 1 1 0 1 0 0 1 1 0 1 1 0 0 1 0 0 0 0 0 0 0 1 1 0 1 0 0 0 1 0 1 1 1 0 1 0 1 0 1 1 1 0 1 0 1 1 1 1 0 1 0 0 1 0 1 1 0 0 1 1 1 0 1 0 0 0 1 1 1 0 1 1 0 0 0 1 0 1 0 1 0 0 1 1 0 0 1 1 0 0 0 1 1 0 0 0 1 0 1 0 1 1 0 1 1 0 0 0 1 0 1 1 0 0 0 0 1 1 1 1 0 1 0 0 0 1 0 0 1 1 0 0 0 0 0 0 0 1 0 0 0 1 1 0 1 1 0 0 1 0 1 1 0 1 0 0 1 1 0 0 0 0 1 0 0 1 0 0 0 0 0 1 1 0 1 0 0 0 0 1 0 1 0 0 0 1 0 1 0 1 1 1 0 0 1 1 0 0 0 1 1 0 1 0 0 0 1 0 0 0 1 0 1 0 0 1 0 0 0 0 0 1 
quality : 4502
======================================

========== print chromosome ==========
genes : 0 1 0 0 1 0 1 1 0 0 0 0 0 0 0 1 1 1 1 1 1 1 1 0 1 1 0 1 0 1 1 0 0 0 0 0 1 1 0 0 1 1 0 1 0 0 0 1 1 1 1 0 1 0 1 0 1 1 1 0 1 1 0 1 1 1 1 0 1 1 0 1 0 1 1 0 0 1 0 1 1 0 0 0 1 0 1 0 1 1 1 1 1 1 1 1 1 0 1 1 0 1 1 1 0 0 0 0 0 0 1 1 1 1 1 1 1 1 0 1 0 1 1 0 0 0 1 0 1 0 0 1 0 1 1 0 0 1 0 0 0 1 1 0 0 0 0 1 1 0 1 1 0 1 0 0 1 1 0 0 1 1 0 0 0 0 1 1 1 1 1 1 0 0 0 1 1 1 0 1 0 0 1 0 1 0 1 1 1 0 0 0 1 1 1 1 1 1 0 0 1 1 0 1 0 0 0 0 0 0 0 0 0 1 0 1 0 0 0 1 1 1 1 1 1 1 1 0 1 1 0 0 1 1 1 1 0 1 0 1 0 0 1 1 0 1 1 0 0 1 1 1 1 1 1 1 0 0 1 0 1 1 0 1 0 0 0 1 1 0 1 1 1 0 1 0 0 1 1 1 0 1 0 0 1 1 0 1 1 0 0 1 0 0 0 0 0 0 0 1 0 0 1 0 0 0 1 0 1 1 1 0 1 0 1 0 1 1 1 0 1 0 1 1 1 1 0 1 0 0 1 0 1 1 0 0 1 1 1 0 1 0 0 0 1 1 1 0 1 1 0 0 0 1 0 1 0 1 0 0 1 1 0 0 1 1 0 0 0 1 1 0 0 0 1 0 1 0 1 1 0 1 1 0 0 0 1 0 1 1 0 0 0 0 1 1 1 1 0 1 0 0 1 0 0 0 1 1 0 0 0 0 0 0 0 1 0 0 0 1 1 0 1 1 0 0 1 0 1 1 0 1 0 0 1 0 0 0 0 0 1 0 0 1 0 0 0 0 0 1 1 1 1 0 0 0 1 1 0 1 0 0 0 1 0 1 0 1 1 1 0 0 1 1 0 0 0 1 1 0 1 0 0 0 1 0 0 0 1 0 1 0 0 1 0 1 0 0 0 1 
quality : 4502
======================================

========== print chromosome ==========
genes : 0 1 0 0 1 0 1 1 0 0 0 0 0 0 0 1 1 1 1 1 1 1 1 0 1 1 0 1 0 1 1 0 0 0 0 0 1 1 0 0 1 1 0 1 0 0 0 1 1 1 1 0 1 0 1 1 1 1 1 0 1 1 0 1 1 1 1 0 1 1 0 1 0 1 1 0 0 1 0 1 1 0 0 0 1 0 1 0 1 1 1 1 1 1 1 1 1 0 1 1 1 1 1 1 0 0 0 0 0 0 1 1 1 1 1 1 1 1 0 1 0 1 1 0 0 0 1 0 1 0 0 1 0 1 0 0 0 1 0 0 0 1 1 0 0 0 0 1 1 0 1 1 0 1 0 0 1 1 0 0 1 1 0 0 0 0 1 1 1 1 1 1 0 0 0 1 1 1 0 1 0 0 1 0 1 0 1 0 1 0 0 0 1 1 1 1 1 1 0 0 1 1 0 1 0 0 0 0 0 0 0 0 0 0 0 1 0 0 0 1 1 1 0 1 1 1 1 0 1 1 0 0 1 1 1 0 0 1 0 1 1 0 1 1 0 1 1 0 0 1 1 0 1 1 1 1 0 0 1 0 0 1 0 1 0 0 0 1 1 0 1 1 1 0 1 0 0 0 1 1 0 1 0 0 1 1 0 1 1 0 0 1 0 0 0 0 0 0 0 1 0 0 1 0 0 0 1 0 1 1 1 0 1 0 1 0 1 1 1 0 1 0 1 1 1 1 0 1 0 0 1 0 1 1 0 0 1 1 1 0 1 0 0 0 1 1 1 0 1 1 0 0 0 1 0 1 0 1 0 0 1 1 0 0 1 1 0 0 0 1 1 0 0 0 1 0 1 0 1 1 0 1 1 0 0 0 1 0 1 1 0 0 0 0 1 1 1 1 0 1 0 0 1 0 0 0 1 1 0 0 0 0 0 0 0 1 0 0 0 1 0 0 1 1 0 0 1 0 1 1 0 1 0 0 1 0 0 0 0 0 1 0 0 1 0 0 0 0 0 1 1 0 1 0 0 0 1 1 0 1 0 0 0 1 0 1 0 1 1 1 0 0 1 1 0 0 0 1 1 0 1 0 0 0 1 0 0 0 1 0 1 0 0 1 0 1 0 0 0 1 
quality : 4502
======================================

========== print chromosome ==========
genes : 1 1 0 0 1 0 1 1 0 0 0 0 0 0 0 1 1 1 1 1 1 1 1 0 1 1 0 1 0 1 1 0 0 0 0 0 1 1 0 0 1 1 0 1 0 0 0 1 1 1 1 0 1 0 1 1 1 1 1 0 1 1 0 1 1 1 1 0 1 1 0 1 0 1 1 0 0 1 0 1 1 0 0 0 1 1 1 0 1 1 1 1 1 1 1 1 1 0 1 1 1 1 1 1 0 0 0 0 0 0 1 1 1 1 1 1 0 1 0 1 0 1 1 0 0 0 1 0 1 0 0 1 0 1 0 0 0 1 0 0 0 1 1 0 0 0 0 1 1 0 1 1 0 1 0 0 1 1 0 0 1 1 0 0 0 0 1 1 1 1 1 1 0 0 0 1 1 1 0 1 0 0 1 0 1 0 1 0 1 0 0 0 1 1 1 1 1 1 0 0 1 1 0 1 0 0 0 0 0 0 0 0 0 0 0 1 0 0 0 1 1 1 0 1 1 1 0 0 1 1 0 0 1 1 1 0 0 1 0 1 1 0 1 1 0 1 1 0 0 1 1 1 1 1 1 1 0 0 1 0 1 1 0 1 0 0 0 1 1 0 1 1 1 0 1 0 0 1 1 1 0 1 0 0 1 1 0 1 1 0 0 1 0 1 0 0 0 0 0 1 0 0 1 0 0 0 1 0 1 1 1 0 1 0 1 0 1 1 1 0 1 0 1 1 0 1 0 1 0 0 1 0 1 1 0 0 1 1 1 0 1 0 0 0 1 1 1 0 1 1 0 0 0 1 0 1 0 1 0 0 1 1 0 0 1 1 0 0 0 1 1 0 0 0 1 0 1 0 1 1 0 1 1 0 0 0 1 0 1 1 0 0 0 0 1 1 1 1 0 1 0 0 1 0 0 0 1 1 0 0 0 0 0 0 0 1 0 0 0 1 1 0 1 1 0 0 1 0 1 1 0 1 0 0 1 0 0 0 0 0 1 0 0 1 0 0 0 0 0 1 1 0 1 0 1 0 0 1 0 1 0 0 0 1 0 1 0 1 1 1 0 0 1 1 0 0 0 1 1 0 1 0 0 0 1 0 0 0 1 0 1 0 0 1 0 1 0 0 0 1 
quality : 4503
======================================

========== print final result ==========
Generations evolved: 508035
Best quality: 4503
Mean quality: 4491.750000
Standard deviation: 23.030586
======================================

1 2 5 7 8 16 17 18 19 20 21 22 23 25 26 28 30 31 37 38 41 42 44 48 49 50 51 53 55 56 57 58 59 61 62 64 65 66 67 69 70 72 74 75 78 80 81 85 86 87 89 90 91 92 93 94 95 96 97 99 100 101 102 103 104 111 112 113 114 115 116 118 120 122 123 127 129 132 134 138 142 143 148 149 151 152 154 157 158 161 162 167 168 169 170 171 172 176 177 178 180 183 185 187 189 193 194 195 196 197 198 201 202 204 216 220 221 222 224 225 226 229 230 233 234 235 238 240 241 243 244 246 247 250 251 252 253 254 255 256 259 261 262 264 268 269 271 272 273 275 278 279 280 282 285 286 288 289 292 294 300 303 307 309 310 311 313 315 317 318 319 321 323 324 326 328 331 333 334 337 338 339 341 345 346 347 349 350 354 356 358 361 362 365 366 370 371 375 377 379 380 382 383 387 389 390 395 396 397 398 400 403 407 408 416 420 421 423 424 427 429 430 432 435 441 444 450 451 453 455 458 460 464 466 468 469 470 473 474 478 479 481 485 489 491 494 496 500 