========== print final result ==========
Generations evolved: 535270
Best quality: 3164
Mean quality: 3158.100098
Standard deviation: 8.705110
======================================

Number of population: 20

========== print chromosome ==========
genes : 1 1 0 0 0 0 1 0 1 1 0 0 1 0 1 1 0 0 0 0 0 0 1 1 1 1 0 0 1 1 0 0 0 1 1 0 1 0 1 1 1 1 1 1 1 0 1 1 0 1 0 1 1 1 0 0 0 0 0 0 1 0 0 0 1 0 1 1 1 0 1 0 1 1 0 0 1 1 0 1 1 0 0 1 1 1 0 0 1 1 1 0 1 0 1 1 0 1 1 1 0 0 1 0 0 1 0 0 1 1 0 1 1 1 1 1 0 1 1 1 0 1 1 0 1 1 1 0 0 1 0 1 1 0 1 0 0 0 1 1 1 1 1 1 0 1 1 1 0 0 0 0 0 1 1 0 0 0 1 0 1 1 0 1 1 0 0 0 0 1 1 1 0 0 0 0 1 1 1 1 0 0 0 0 0 0 0 0 1 1 0 1 1 1 1 1 0 0 0 0 0 1 1 0 0 0 1 0 0 0 0 0 1 1 0 0 1 1 1 0 1 1 1 0 0 0 0 0 1 0 1 1 1 0 0 1 0 0 0 1 0 1 1 0 0 0 0 1 0 1 1 1 0 1 0 0 0 1 1 0 1 0 0 0 1 1 0 0 1 1 0 1 1 1 0 0 0 1 1 1 1 1 1 0 1 1 0 0 0 1 0 0 1 0 1 0 1 0 1 0 0 1 1 1 1 0 1 0 0 1 0 0 1 0 1 1 0 1 1 1 1 0 0 0 1 0 0 0 0 1 1 1 0 1 0 0 1 1 1 1 0 1 1 1 0 1 1 0 1 1 0 1 0 1 0 1 0 1 0 1 0 1 0 1 1 0 0 1 0 1 1 1 0 0 1 0 1 0 1 1 1 0 0 0 1 1 1 0 1 1 0 0 0 0 0 0 0 0 0 0 1 1 1 0 1 0 1 1 0 1 1 0 0 1 1 0 0 1 1 0 0 0 1 0 0 1 0 0 0 1 0 0 0 0 1 0 0 0 1 0 1 1 0 0 0 1 0 1 0 1 0 0 1 1 1 1 0 1 0 1 1 1 0 0 0 1 1 1 0 1 1 1 1 0 0 0 0 0 1 1 0 0 1 0 1 0 1 0 0 1 0 1 0 0 1 0 1 1 1 1 
quality : 3140
======================================

========== print chromosome ==========
genes : 1 1 0 0 0 0 1 1 1 1 0 0 1 0 1 1 0 0 0 0 0 0 1 1 1 0 0 0 1 1 0 0 0 1 1 0 1 1 1 1 1 1 1 1 1 0 1 1 0 1 0 1 1 1 0 0 0 0 0 0 1 0 0 0 1 0 1 1 1 0 1 0 1 0 0 0 1 1 0 1 1 0 0 1 1 1 0 0 1 1 1 1 1 0 1 0 0 1 1 1 0 0 1 0 0 1 0 0 1 1 0 1 1 1 1 1 0 1 1 1 0 1 1 1 1 1 1 0 0 1 0 1 1 0 1 0 0 0 1 1 1 1 1 1 0 1 1 1 0 0 1 0 0 1 1 0 0 0 1 0 1 1 0 1 1 0 0 0 0 1 1 1 0 0 0 0 1 1 1 1 0 0 0 0 0 0 0 0 1 1 0 1 1 1 1 1 0 0 0 0 0 1 1 0 0 0 1 0 0 0 0 0 1 1 0 0 1 0 1 0 1 1 1 0 0 0 1 0 1 0 1 1 1 0 0 1 0 1 0 1 0 1 1 0 1 0 0 1 0 1 1 1 0 1 0 0 1 1 1 0 1 0 0 0 1 1 0 0 1 1 0 1 1 1 0 0 0 1 1 1 1 1 1 0 1 1 0 0 0 1 0 0 1 0 1 0 1 0 1 0 0 1 1 1 1 0 1 0 0 1 0 0 1 0 1 1 0 1 1 1 1 0 0 0 1 0 0 0 0 1 1 1 0 1 1 0 1 1 1 1 0 1 1 1 0 1 1 0 1 1 0 1 0 0 0 0 0 1 0 1 0 1 1 1 1 0 0 1 0 1 1 1 0 0 1 0 1 0 1 1 1 1 0 0 1 1 1 0 1 1 0 0 0 0 0 0 0 0 0 0 1 1 1 0 1 0 1 1 0 1 1 0 0 1 1 0 0 1 1 0 0 0 1 0 0 1 0 1 0 1 0 0 0 0 0 0 0 0 1 0 1 1 0 0 0 1 0 0 0 1 1 0 1 1 1 1 0 1 0 1 1 1 0 0 0 1 1 1 0 1 1 0 1 0 0 0 0 0 1 1 0 0 1 0 1 0 1 0 0 1 0 1 0 0 1 0 1 1 1 1 
quality : 3144
======================================

========== print chromosome ==========
genes : 1 1 0 0 1 0 1 0 1 1 0 0 1 0 1 1 0 0 0 0 0 0 1 1 1 0 0 0 1 1 0 0 0 1 1 0 1 1 1 1 1 1 1 1 1 0 1 1 0 1 0 1 1 1 0 0 0 0 0 0 1 0 0 0 1 0 1 1 1 0 1 0 1 1 0 0 1 1 0 1 1 0 0 1 1 1 0 0 1 1 1 0 1 0 1 0 0 1 1 1 1 0 1 0 0 1 0 0 1 1 0 1 1 1 1 1 0 1 1 0 0 1 1 1 1 1 1 0 0 1 0 1 1 0 1 0 0 0 1 1 1 1 1 1 0 1 1 1 0 1 0 0 0 1 1 0 0 0 1 0 1 1 0 1 1 0 0 0 0 1 1 1 0 0 0 0 1 1 1 1 0 0 0 0 0 0 0 0 1 1 0 1 1 1 1 1 0 0 0 0 0 1 1 0 0 0 1 0 0 0 0 0 1 1 0 0 1 0 1 0 1 1 1 0 0 0 1 0 1 0 1 1 1 0 0 1 0 1 0 1 0 1 1 0 1 0 0 1 0 1 1 1 0 1 0 0 1 1 1 0 1 0 0 0 1 1 0 0 0 0 1 1 1 1 0 0 0 1 1 1 1 1 1 0 1 1 0 0 0 1 0 0 1 0 1 0 1 0 1 0 0 1 1 1 1 1 1 0 0 1 0 0 1 0 1 1 0 1 1 1 1 0 0 0 1 0 0 0 0 1 1 1 0 1 1 0 1 1 1 1 0 1 1 1 1 1 1 0 1 1 0 1 0 1 0 1 0 1 0 1 0 1 0 1 1 0 0 1 0 1 1 1 0 0 1 0 1 0 1 1 1 0 0 0 1 1 1 0 1 1 0 0 0 0 0 0 0 0 0 0 1 1 1 0 1 0 1 1 0 1 1 0 0 1 1 0 0 1 1 0 0 0 1 0 0 1 0 0 0 1 0 0 0 0 1 0 0 0 1 0 1 1 0 0 0 1 0 0 0 1 0 0 1 1 1 1 0 1 0 1 1 1 0 0 0 0 1 1 0 0 1 0 1 0 0 0 0 0 1 1 0 0 1 0 1 0 1 0 0 1 0 1 0 0 1 0 1 1 1 1 
quality : 3142
======================================

========== print chromosome ==========
genes : 1 1 0 0 1 0 1 0 1 1 0 0 1 0 1 1 0 0 0 0 0 0 1 1 0 0 0 0 1 1 0 0 0 1 1 0 1 1 1 1 1 1 1 1 1 0 1 1 0 1 0 1 1 1 0 0 0 0 0 0 1 0 0 1 1 0 1 1 1 0 1 0 1 1 0 0 1 1 0 1 1 0 0 1 1 1 0 0 1 1 1 0 1 0 1 0 0 1 1 1 0 0 1 0 0 1 0 0 1 1 0 1 1 1 1 0 0 1 1 1 0 1 1 1 1 1 1 0 0 0 0 1 1 0 1 0 0 0 1 1 1 1 1 1 0 1 1 1 0 0 0 0 0 1 1 0 0 0 1 0 1 1 0 1 1 0 0 0 0 1 1 1 0 0 0 0 1 1 1 1 0 0 0 0 0 0 0 0 1 1 0 1 1 1 1 1 0 0 0 0 0 1 1 0 0 0 1 0 0 0 0 0 1 1 0 0 1 0 0 0 1 1 1 0 0 0 1 0 1 0 1 1 1 0 0 1 0 1 0 1 0 1 1 0 0 0 0 1 0 1 1 1 0 1 0 0 1 1 1 0 1 0 0 0 1 1 0 0 1 1 0 1 1 1 0 0 0 1 1 1 1 1 1 0 1 1 0 0 0 1 0 1 1 0 1 0 1 0 1 0 0 1 1 1 1 0 1 0 0 1 0 0 1 0 1 1 0 1 1 1 1 0 0 0 1 0 0 0 0 1 1 1 0 1 1 0 1 1 1 1 0 1 1 1 0 1 1 0 1 1 0 1 0 1 0 1 0 1 0 1 0 1 0 1 1 0 0 1 0 1 1 1 0 0 1 0 1 0 1 1 1 0 0 0 1 1 1 0 1 1 0 0 0 0 0 0 0 0 0 0 1 1 1 0 1 0 1 1 0 0 1 0 0 1 1 0 0 1 1 0 0 0 1 0 0 1 0 0 0 1 0 0 0 0 1 0 0 0 1 0 1 1 0 0 0 1 0 0 0 1 0 0 1 1 1 1 0 1 0 1 1 1 0 0 0 1 1 1 0 1 1 1 1 0 0 0 0 0 1 1 0 0 1 0 1 0 1 0 0 1 0 1 0 0 1 0 1 1 1 1 
quality : 3139
======================================

========== print chromosome ==========
genes : 1 1 0 0 1 0 1 0 1 1 0 0 1 0 1 1 0 0 0 0 0 0 1 1 1 0 0 0 1 1 0 0 0 1 1 0 1 1 0 1 1 1 1 1 1 0 1 1 0 1 0 1 1 1 0 0 0 0 0 0 1 0 0 0 1 0 1 1 1 0 1 0 1 1 0 0 1 1 0 1 1 0 0 1 1 1 0 0 1 1 1 0 1 0 1 0 1 1 1 1 0 0 1 0 0 1 0 0 1 1 0 1 1 1 1 1 0 1 1 1 0 1 1 1 1 1 1 0 0 1 0 1 1 0 1 0 0 0 1 1 1 1 1 1 0 1 1 1 0 0 0 0 0 1 1 0 0 0 1 0 1 1 0 1 1 0 0 0 0 1 1 1 0 0 0 0 1 1 1 1 0 0 0 0 0 0 0 0 1 1 0 1 1 1 1 1 0 0 0 0 0 1 1 0 0 0 1 0 0 0 0 0 1 1 0 0 1 0 1 0 1 1 1 0 0 0 1 0 1 0 1 1 1 0 0 1 0 1 0 1 0 0 1 0 1 0 0 1 1 1 1 1 0 1 0 0 1 1 1 0 1 0 0 0 1 1 0 0 1 1 0 1 1 1 0 0 0 1 1 1 1 1 1 0 1 1 0 0 0 1 0 0 1 0 1 0 1 0 1 0 0 1 1 1 1 0 1 0 0 1 0 0 1 0 1 1 0 1 1 1 1 0 0 0 1 0 0 1 1 1 1 1 0 1 1 0 1 1 1 1 0 1 1 1 0 1 1 0 1 1 0 1 0 1 0 1 0 1 0 1 0 1 1 1 1 0 0 1 0 1 1 1 0 0 1 0 1 0 1 1 1 0 0 0 1 1 1 0 1 1 0 0 0 0 0 0 0 0 0 0 1 1 1 0 1 0 1 1 0 1 1 0 0 1 1 0 0 1 1 0 0 0 1 0 0 1 0 0 0 1 0 0 0 0 1 0 0 0 1 0 1 1 0 0 0 1 0 0 0 1 0 0 1 1 1 1 0 1 0 1 1 1 0 0 0 1 1 1 0 1 1 0 1 0 0 0 0 0 1 1 0 0 1 0 1 0 1 0 0 1 0 1 0 0 1 0 1 1 1 1 
quality : 3162
======================================

========== print chromosome ==========
genes : 1 1 0 0 1 0 1 0 1 1 0 0 1 0 1 1 0 0 0 0 0 1 1 1 1 0 0 0 1 1 0 0 0 1 1 0 1 1 1 1 1 1 1 1 1 0 1 1 0 1 0 1 1 0 0 0 0 0 0 0 1 0 0 0 1 0 1 1 1 0 1 0 1 1 0 0 1 1 0 1 1 0 0 1 1 1 0 0 1 1 1 0 1 0 1 0 0 1 1 1 0 0 1 0 0 1 0 0 1 1 0 1 1 1 1 1 0 1 1 1 0 1 1 1 1 1 1 0 0 1 0 1 1 0 1 0 0 0 1 1 1 1 1 1 0 1 1 1 0 0 0 0 0 1 1 0 0 0 1 0 1 1 0 1 1 0 0 0 0 1 1 1 0 0 0 0 1 1 1 1 0 0 0 1 0 0 0 0 1 1 0 1 1 1 1 1 0 0 0 0 0 1 1 0 0 0 1 0 0 1 0 0 1 1 0 0 1 0 1 0 1 1 1 0 0 0 1 0 1 0 1 1 1 0 0 1 0 1 0 1 0 1 1 0 1 0 0 1 0 1 1 1 0 1 0 0 1 1 1 0 1 0 0 0 1 1 0 0 1 1 0 1 1 1 0 0 0 1 1 1 1 1 1 0 1 1 0 0 1 1 0 0 1 0 1 0 1 0 1 0 0 1 1 1 1 0 1 0 0 1 0 0 1 0 1 1 0 1 1 0 0 0 0 1 1 0 0 0 0 1 1 1 0 1 1 0 1 1 1 1 0 1 1 1 0 1 1 1 1 1 0 1 0 1 0 1 0 1 0 1 0 1 1 1 1 0 0 1 0 1 1 1 0 0 1 0 1 0 1 1 1 0 0 0 1 1 1 0 1 1 0 0 0 0 0 0 0 0 0 0 1 1 1 0 1 0 1 1 0 1 1 0 0 1 1 0 0 1 1 0 0 0 1 0 0 1 0 0 0 1 0 0 0 0 1 0 0 1 1 0 1 1 0 0 0 1 0 0 0 1 0 0 1 1 1 1 0 1 0 1 1 1 0 0 0 1 1 1 0 1 1 0 0 0 0 0 0 0 1 1 0 0 1 0 1 0 1 0 0 1 0 1 0 0 1 0 1 1 1 1 
quality : 3162
======================================

========== print chromosome ==========
genes : 1 1 0 0 1 0 1 0 1 1 0 0 1 0 1 1 0 0 0 0 0 0 1 1 1 0 0 0 1 1 0 0 0 1 1 0 1 1 1 1 1 1 1 1 1 0 1 1 0 1 0 1 1 1 0 0 0 0 0 0 1 0 0 0 1 0 1 1 1 0 1 0 1 1 0 0 1 1 0 0 1 0 0 1 1 1 0 0 1 1 1 0 1 0 1 0 0 1 1 1 0 0 1 0 0 1 0 0 1 1 0 1 1 1 1 1 0 1 1 1 0 1 1 1 1 1 1 0 0 1 0 1 1 0 1 1 0 0 1 1 1 1 1 1 0 1 1 1 0 0 1 0 0 1 1 0 0 0 1 0 1 1 0 1 1 0 0 0 0 1 1 1 0 0 0 0 1 1 1 1 0 0 0 0 0 0 0 0 1 1 0 1 1 1 1 1 0 0 0 0 0 1 1 0 0 0 1 0 0 0 0 0 1 1 0 0 1 0 1 0 1 1 1 0 0 0 1 0 1 0 1 1 1 0 0 1 0 1 0 1 0 1 1 0 1 0 0 1 0 1 1 1 0 1 0 0 1 1 1 0 1 0 0 0 1 1 0 0 1 1 0 1 1 1 0 0 0 1 1 1 1 1 1 0 1 1 1 0 0 1 0 0 1 0 0 0 1 0 1 0 0 1 1 1 1 0 1 0 0 1 0 0 1 0 1 1 0 1 1 1 1 0 0 0 1 0 0 0 0 1 1 1 0 1 1 0 1 1 1 1 0 1 1 1 0 1 1 0 1 1 0 1 0 1 0 1 0 1 0 1 0 1 1 1 1 0 0 1 0 1 1 1 0 0 1 0 1 0 1 1 1 0 0 0 1 1 1 1 1 1 0 0 0 0 0 0 0 0 0 0 1 1 1 0 1 0 1 1 0 1 1 0 0 1 1 0 0 0 1 0 0 0 1 0 1 1 0 0 0 1 0 0 0 0 1 0 0 0 1 0 1 1 0 0 0 1 0 0 0 1 0 0 1 1 1 1 0 1 0 1 1 1 0 0 0 1 1 1 0 1 1 0 1 0 0 0 0 0 1 1 0 0 1 0 1 0 1 0 0 0 0 1 0 0 1 0 1 1 1 1 
quality : 3162
======================================

========== print chromosome ==========
genes : 1 1 0 0 1 0 1 0 1 1 0 0 1 0 1 1 0 0 0 0 0 0 1 1 1 0 0 0 1 1 0 0 0 1 1 0 1 1 1 1 1 1 1 1 1 0 1 1 0 1 0 1 1 1 0 0 0 0 0 0 1 0 0 0 1 0 0 1 1 0 1 0 1 1 0 0 1 1 0 1 1 0 0 1 1 1 0 0 1 1 1 0 1 0 1 0 0 1 1 1 0 0 1 0 0 1 0 0 1 1 0 1 1 1 1 1 0 1 1 1 0 1 1 1 1 1 1 0 0 1 1 1 1 0 1 0 0 0 1 1 1 1 1 1 0 1 1 1 0 0 0 0 0 1 1 0 0 0 1 0 1 1 0 1 1 0 0 0 0 1 1 1 0 0 0 0 1 1 1 1 0 0 0 0 0 0 0 0 1 1 0 1 1 1 1 1 0 0 0 0 0 1 1 0 0 0 1 0 0 0 0 0 1 1 0 0 1 0 1 0 1 1 1 0 0 0 1 0 1 0 1 1 1 0 0 1 0 1 0 1 0 1 1 0 1 0 0 1 0 1 1 1 0 1 0 0 1 1 1 0 1 0 0 0 1 1 0 0 1 1 0 1 1 1 0 0 0 1 1 1 1 1 1 0 1 1 0 0 0 1 0 0 1 0 1 0 1 0 1 0 0 1 1 1 1 0 1 0 0 1 0 0 1 0 1 1 0 1 1 1 1 0 0 0 1 0 0 0 0 1 1 1 0 1 1 0 1 1 1 1 0 1 1 1 0 1 1 0 1 1 0 1 0 1 0 1 0 1 0 1 0 1 0 1 1 0 0 1 0 1 1 1 0 0 1 0 1 0 1 1 1 0 0 0 1 1 1 0 1 1 0 0 0 0 0 0 0 0 0 0 1 1 1 0 1 0 1 1 0 1 1 0 0 1 1 0 0 1 1 0 0 0 1 0 0 1 0 0 0 1 0 0 0 0 1 0 0 0 1 0 1 0 0 0 0 1 0 0 0 1 0 0 0 1 1 1 0 1 0 1 1 1 0 0 0 1 1 1 0 1 1 0 1 0 0 0 0 0 1 1 0 0 1 0 1 0 1 0 0 1 0 1 0 0 1 0 1 1 1 1 
quality : 3162
======================================

========== print chromosome ==========
genes : 1 1 0 0 1 0 1 0 1 1 0 0 1 0 1 1 0 0 0 0 0 0 1 1 1 0 0 0 1 1 0 0 0 1 1 0 1 1 1 1 1 1 1 1 1 0 1 1 0 1 0 1 1 1 0 0 0 0 0 0 1 0 0 0 1 0 1 1 1 0 1 0 1 1 0 0 1 1 0 1 1 0 0 1 1 1 0 0 1 1 1 0 1 0 1 1 0 1 1 1 0 0 1 0 0 1 0 0 1 1 0 1 1 1 1 1 0 1 1 1 0 1 1 0 1 1 1 0 0 1 0 1 1 0 1 0 0 0 1 1 1 1 1 1 0 1 1 1 0 0 0 0 0 1 1 0 0 0 1 0 1 1 0 1 1 0 0 0 0 1 1 1 0 0 0 0 1 1 1 1 0 0 0 0 0 0 0 0 1 1 0 1 1 1 1 1 0 0 0 0 0 1 1 0 0 0 1 0 0 0 0 0 1 1 0 0 1 0 1 0 1 1 1 0 0 0 1 0 1 0 1 1 1 0 0 1 0 1 0 1 0 1 1 0 0 0 0 1 0 1 1 1 0 1 0 0 1 1 1 0 1 0 0 0 1 1 0 0 1 1 0 1 1 1 0 0 0 1 1 1 1 1 1 0 1 1 0 0 0 1 0 0 1 0 1 0 1 0 1 0 0 1 1 1 1 0 1 0 0 1 0 0 1 0 1 1 0 1 1 1 1 0 0 0 1 0 0 0 0 1 1 1 0 1 1 0 1 1 1 1 0 1 1 1 0 1 1 0 1 1 0 1 0 1 0 1 0 1 0 1 0 1 0 1 1 0 0 1 0 1 1 1 0 0 1 0 1 0 1 1 1 0 0 0 1 1 1 0 1 1 0 0 0 0 0 0 0 0 0 0 1 1 1 0 1 0 1 1 0 1 1 0 0 1 1 0 0 1 1 0 0 0 1 0 0 1 0 0 0 1 0 0 0 0 1 0 0 0 1 0 1 1 0 0 0 1 0 0 0 1 0 0 1 1 1 1 0 1 0 1 1 1 0 0 0 1 1 1 0 1 1 1 1 0 0 0 0 0 1 1 0 0 1 0 1 0 1 0 0 1 0 1 0 0 1 0 1 1 1 1 
quality : 3162
======================================

========== print chromosome ==========
genes : 1 1 0 0 1 0 1 0 1 1 1 0 1 0 1 1 0 0 0 0 0 1 1 1 1 0 0 0 1 1 0 0 0 1 1 0 1 1 1 1 1 1 1 1 1 0 1 1 0 1 0 1 1 1 0 0 0 0 0 0 1 0 0 0 1 0 1 1 1 0 1 0 1 1 0 0 1 1 0 1 1 0 0 1 1 1 0 0 1 1 1 0 1 0 1 0 0 1 1 1 0 0 1 0 0 1 0 0 1 1 0 1 0 1 1 1 0 1 1 1 0 1 1 1 1 1 1 0 0 1 0 1 1 0 1 0 0 0 1 1 1 1 1 1 0 1 1 1 0 0 0 0 0 1 1 0 0 0 1 0 1 1 0 1 1 0 0 0 0 1 1 1 0 0 0 0 1 1 1 1 0 0 0 0 0 0 0 0 1 1 0 1 1 1 1 1 0 0 0 0 0 1 1 0 0 0 1 0 0 0 0 0 1 1 0 0 1 0 1 0 1 1 1 0 0 0 1 0 1 0 0 1 1 0 0 1 0 1 0 1 0 1 1 0 1 0 0 1 0 1 1 1 0 1 0 0 1 1 1 0 1 0 0 0 1 1 0 0 1 1 0 1 1 1 0 0 0 1 1 1 1 1 1 0 1 1 0 0 0 1 0 0 1 0 1 0 1 0 0 0 0 1 1 1 1 0 1 0 0 1 0 0 1 0 1 1 0 1 1 1 1 0 0 0 1 0 0 0 0 1 1 1 0 1 1 0 1 1 1 1 0 1 1 1 0 1 1 0 1 1 0 1 0 1 0 1 0 1 0 1 0 1 0 1 1 0 0 1 0 1 1 1 0 0 1 0 1 0 1 1 1 0 0 0 1 1 1 0 1 1 0 1 0 0 0 0 0 0 0 0 1 1 1 0 1 0 1 1 0 1 1 0 0 1 1 0 0 1 1 0 0 0 1 0 0 1 0 0 0 1 0 0 0 0 1 0 0 0 1 0 1 1 0 0 0 1 0 0 0 1 0 0 1 1 1 1 0 1 0 1 1 1 0 0 0 1 1 1 0 1 1 0 1 0 0 0 0 0 1 1 0 0 1 0 1 0 1 0 0 1 0 1 0 0 1 0 1 1 1 1 
quality : 3162
======================================

========== print chromosome ==========
genes : 1 1 0 0 1 0 1 0 1 1 0 0 1 0 1 1 0 0 0 0 0 0 1 1 1 0 0 0 1 1 0 0 0 1 1 0 1 1 1 1 1 1 1 1 1 0 1 1 0 1 0 1 1 1 0 0 0 0 0 0 1 0 0 0 1 0 1 1 1 0 1 0 1 1 0 0 1 1 0 1 1 0 0 1 1 1 0 0 1 1 1 0 1 0 1 0 0 1 1 1 0 0 1 0 0 1 0 0 1 1 0 1 1 1 1 1 0 1 1 1 0 1 1 1 1 1 1 0 0 1 0 1 1 0 1 0 0 0 1 1 1 1 1 1 0 1 1 1 0 0 0 0 0 1 1 0 0 0 1 0 1 1 0 1 1 0 0 0 0 1 1 1 0 0 0 0 1 1 1 1 0 0 0 0 0 0 0 0 1 1 0 1 1 1 1 1 0 0 0 0 0 1 1 0 0 0 1 0 0 0 0 0 1 1 0 0 1 0 1 0 1 1 1 0 0 0 1 0 1 0 1 1 1 0 0 1 0 1 0 1 0 1 1 0 1 0 0 1 0 1 1 1 0 1 0 0 1 1 1 0 1 0 0 0 1 1 0 0 0 1 0 1 1 1 0 0 0 1 1 1 1 1 1 0 1 1 0 0 0 1 0 0 1 0 1 0 1 0 1 0 0 1 1 1 1 1 1 0 0 1 0 0 1 0 1 1 0 1 1 1 1 0 0 0 1 0 0 0 0 1 1 1 0 1 1 0 1 1 1 1 0 1 1 1 0 1 1 0 1 1 0 1 0 1 0 1 0 1 0 1 0 1 0 1 1 0 0 1 0 1 1 1 0 0 1 0 1 0 1 1 1 0 0 0 1 1 1 0 1 1 0 0 0 0 0 0 0 0 0 0 1 1 1 0 1 0 1 1 0 1 1 0 0 1 1 0 0 1 1 0 0 0 1 0 0 1 0 0 0 1 0 0 0 0 1 0 0 0 1 0 1 1 0 0 0 1 0 0 0 1 0 0 1 1 1 1 0 1 0 1 1 1 0 0 0 1 1 1 0 1 1 0 1 0 0 0 0 0 1 1 0 0 1 0 1 0 1 0 0 1 0 1 0 0 1 0 1 1 1 1 
quality : 3162
======================================

========== print chromosome ==========
genes : 1 1 0 0 0 0 1 0 1 1 0 0 1 0 1 1 0 0 0 0 0 1 1 1 1 0 0 0 1 1 0 0 0 1 1 0 1 1 1 1 1 0 1 1 1 0 1 1 0 1 0 1 1 0 0 0 0 0 0 0 1 0 0 0 1 0 0 1 1 0 1 0 1 1 0 0 1 1 0 1 1 0 0 1 1 0 0 0 1 1 1 0 1 0 1 0 0 1 1 1 0 0 1 0 0 1 0 0 1 1 0 1 1 1 1 0 1 1 1 1 0 1 1 1 1 1 1 0 0 1 0 1 1 0 1 0 0 0 1 1 1 1 1 1 0 1 1 1 0 1 0 0 0 1 1 0 0 0 1 0 1 1 0 1 1 0 0 0 0 1 1 1 0 0 0 0 1 1 1 1 0 0 0 0 0 0 0 0 1 1 0 1 1 1 1 1 0 0 0 0 0 1 1 0 0 0 1 0 0 0 0 0 1 1 0 0 1 0 1 0 1 1 1 0 0 0 1 0 1 0 1 1 1 0 0 1 0 1 0 1 0 1 1 0 1 0 0 1 0 1 1 1 0 1 0 0 1 1 1 0 1 0 0 0 1 1 0 0 1 1 0 1 1 1 0 0 0 1 1 1 1 1 1 0 1 1 0 0 0 1 0 0 1 0 1 0 1 0 1 0 0 1 1 1 1 0 1 0 0 1 0 0 1 0 1 1 0 1 1 1 1 0 0 1 1 0 0 0 0 1 1 1 0 1 1 0 1 1 1 1 0 1 1 1 0 1 1 0 1 1 0 1 0 1 0 1 0 1 0 1 0 1 0 1 1 0 0 1 0 1 1 1 0 0 1 0 1 0 1 1 1 0 0 0 1 1 1 0 1 1 0 0 0 0 0 0 0 0 0 0 1 1 0 0 1 0 1 1 0 1 1 0 0 1 1 0 0 1 1 0 0 0 1 0 0 1 0 0 0 1 0 0 0 0 1 0 0 0 1 0 1 1 0 0 0 1 0 0 0 1 0 0 1 0 1 1 0 1 0 1 1 1 0 0 0 1 1 1 0 1 1 0 1 0 0 0 0 0 1 1 0 0 1 0 1 0 1 0 0 1 0 1 0 0 1 0 1 1 1 1 
quality : 3162
======================================

========== print chromosome ==========
genes : 1 1 0 0 1 0 1 0 1 1 0 0 1 1 1 1 0 0 1 0 0 0 1 1 1 0 0 0 1 1 0 0 0 1 1 0 1 1 1 1 1 1 1 1 1 0 1 1 0 1 0 1 1 1 0 0 0 0 0 0 1 0 0 0 1 0 1 1 1 0 1 0 1 1 0 0 1 1 0 1 1 0 0 1 1 1 0 0 1 1 1 0 1 0 1 0 0 1 1 1 0 0 1 0 0 1 0 0 1 1 0 1 1 1 1 0 0 1 1 1 0 1 1 1 1 1 1 0 0 1 0 1 1 0 1 0 0 0 1 1 1 1 1 1 0 1 1 1 0 0 0 0 0 1 1 0 0 0 1 0 1 1 0 1 1 0 0 0 0 1 1 1 0 0 0 0 1 1 1 1 0 0 0 0 0 0 0 0 1 1 0 1 1 1 1 1 0 0 0 0 0 1 1 0 0 0 1 0 0 0 0 0 1 1 0 0 1 0 1 0 1 1 1 0 0 1 1 0 1 0 1 1 1 0 0 1 0 1 0 1 0 1 1 0 1 0 0 1 0 1 1 1 0 1 0 0 1 1 1 0 1 0 0 0 1 1 0 0 1 1 0 1 1 1 0 0 0 1 1 1 1 1 1 0 1 1 0 0 0 1 0 0 1 0 1 0 1 0 1 0 0 1 1 1 1 0 1 0 0 1 0 0 1 0 1 1 0 1 1 1 1 0 0 0 1 0 0 0 0 1 1 1 0 1 1 0 1 1 1 1 0 1 1 1 0 1 1 0 1 1 0 1 0 0 0 1 0 1 0 1 0 1 1 1 1 0 0 1 0 1 1 0 0 0 1 0 0 0 1 1 1 0 0 0 1 1 1 0 1 1 0 0 0 0 0 0 0 0 0 0 1 1 0 0 1 0 1 1 0 1 1 0 0 1 1 0 0 1 1 0 0 0 1 0 0 1 0 0 0 1 0 0 0 0 0 0 0 0 1 0 1 1 0 0 0 1 0 0 0 1 1 0 1 1 1 1 0 1 0 1 1 1 0 0 0 1 1 1 0 1 1 0 1 0 0 0 0 0 1 1 0 0 1 0 1 0 1 0 0 1 0 1 0 0 1 0 1 1 1 1 
quality : 3162
======================================

========== print chromosome ==========
genes : 1 1 0 0 0 0 1 0 1 1 0 0 1 0 1 1 0 0 0 0 0 0 1 1 1 0 0 1 1 1 0 0 0 1 1 0 1 1 1 1 1 1 1 1 1 0 1 1 0 1 0 1 1 1 0 0 0 0 0 0 1 0 0 0 1 0 1 1 1 0 1 0 1 1 0 0 1 1 0 1 1 0 0 1 1 1 0 0 1 1 1 0 1 0 1 0 0 1 1 1 0 0 1 0 0 1 0 0 1 1 0 1 1 1 1 0 0 1 1 1 0 1 1 1 1 1 1 0 0 1 0 1 1 0 1 0 0 0 1 1 1 1 1 1 0 1 1 1 0 0 0 0 0 1 1 0 0 0 1 0 1 1 0 1 1 0 0 0 0 1 1 1 0 0 0 0 1 1 1 1 0 0 0 0 0 0 0 0 1 1 0 1 1 1 1 1 0 0 0 0 0 1 1 0 0 0 1 0 0 0 0 0 1 1 0 0 1 0 1 0 1 1 1 0 0 0 1 0 0 0 1 1 1 0 0 1 0 1 0 1 0 1 1 0 1 0 0 1 0 1 1 1 0 1 0 0 1 1 1 0 1 0 0 0 1 1 0 0 1 1 0 1 1 1 0 0 0 1 1 1 1 1 1 0 1 1 0 0 0 1 0 0 1 0 1 0 1 0 1 0 0 1 1 1 1 0 1 0 0 1 0 0 1 0 1 1 0 1 1 1 1 0 0 0 1 0 0 0 0 1 1 1 0 1 1 1 1 1 1 1 0 1 1 1 0 1 1 0 1 1 0 1 0 0 0 1 0 1 0 1 0 1 1 1 1 0 0 1 0 1 1 1 0 0 1 0 1 0 1 1 1 0 0 0 1 1 1 0 1 1 0 0 0 0 0 0 0 0 0 0 1 1 1 0 1 0 1 1 0 1 1 0 0 1 1 1 0 1 1 0 0 0 1 0 0 1 0 0 0 1 0 0 0 0 1 0 0 0 1 0 1 1 0 0 0 1 0 0 0 1 0 0 1 1 1 1 0 1 0 1 1 1 0 0 0 1 1 1 0 1 1 0 1 0 0 0 0 0 1 1 0 0 1 0 1 0 1 0 0 1 0 1 0 0 1 0 1 1 1 1 
quality : 3162
======================================

========== print chromosome ==========
genes : 1 1 0 0 1 0 1 0 1 1 0 0 1 0 1 1 0 0 0 0 0 0 1 1 1 0 0 0 1 1 0 0 0 1 1 0 1 1 1 1 1 1 1 1 1 0 1 1 0 1 0 1 1 1 0 0 0 0 0 0 1 0 0 1 1 0 1 1 1 0 1 0 1 1 0 0 1 1 0 1 1 0 0 1 1 1 0 0 1 1 1 0 1 0 1 0 0 1 1 1 0 0 1 0 0 1 0 0 1 1 0 1 1 1 1 0 0 1 1 1 0 1 1 1 1 1 1 0 0 0 0 1 1 0 1 0 0 0 1 1 1 1 1 1 0 1 1 1 0 0 0 0 0 1 1 0 0 0 1 0 1 1 0 1 1 0 0 0 0 1 1 1 0 1 0 0 1 1 1 1 0 0 0 0 0 0 0 0 1 1 0 1 1 1 1 1 0 0 0 0 0 1 1 0 0 0 1 0 0 0 0 0 1 1 0 0 1 0 1 0 1 1 1 0 0 0 1 0 1 0 1 1 1 0 0 1 0 1 0 1 0 1 1 0 1 0 0 1 0 1 1 1 0 1 0 0 1 1 1 0 1 0 0 0 1 1 0 0 1 1 0 1 1 1 0 0 0 1 1 1 1 1 1 0 1 1 0 0 0 1 0 0 1 0 1 0 1 0 1 0 0 1 1 1 1 0 1 0 0 1 0 0 1 0 1 1 0 1 1 1 1 0 0 0 1 1 0 0 0 1 1 1 0 1 1 0 1 1 1 1 0 1 1 1 0 1 1 0 1 1 0 1 0 0 0 1 0 1 0 1 0 1 1 1 1 0 0 1 0 1 1 0 0 0 1 0 1 0 1 1 1 0 0 0 1 1 1 0 1 1 0 0 0 0 0 0 0 0 0 0 1 1 1 0 1 0 1 1 0 1 1 0 0 1 1 0 0 1 1 0 0 0 0 0 0 1 0 0 0 1 0 0 0 0 0 0 0 0 1 0 1 1 0 0 0 1 0 0 0 1 1 0 1 1 1 1 0 1 0 1 1 1 0 0 0 1 1 1 0 1 1 0 1 0 0 0 0 0 1 1 0 0 1 0 1 0 0 0 0 1 0 1 1 0 1 0 1 1 1 1 
quality : 3162
======================================

========== print chromosome ==========
genes : 1 1 0 0 1 0 1 0 1 1 0 0 1 0 1 1 0 0 0 0 0 0 1 1 1 0 0 0 1 1 0 0 0 1 1 0 1 1 1 1 1 1 1 1 1 0 1 1 0 1 0 1 1 1 0 0 0 0 0 0 1 0 0 0 1 0 1 1 1 0 1 0 1 1 0 0 1 1 0 1 1 0 0 1 1 1 0 0 1 1 1 0 1 0 1 0 0 1 1 1 0 0 1 0 0 1 0 0 1 1 0 1 1 1 1 0 0 1 1 1 0 1 1 1 1 1 1 0 0 1 0 1 1 0 1 0 0 0 1 1 1 1 1 1 0 1 1 1 0 0 0 0 0 1 1 0 0 0 1 0 1 1 0 1 1 0 0 0 0 1 1 1 0 0 0 0 1 1 1 1 0 0 0 0 0 0 0 0 1 1 0 1 1 1 1 1 0 0 0 0 0 1 1 0 0 0 1 0 0 0 0 0 1 1 0 0 1 0 1 0 1 1 1 0 0 0 1 0 1 0 1 1 1 0 0 1 0 1 0 1 0 1 1 0 1 0 0 1 0 1 1 1 0 1 0 0 1 1 1 0 1 0 0 0 1 1 0 0 1 1 0 1 1 1 0 0 0 1 1 1 1 1 1 0 1 1 0 0 0 1 0 0 1 0 1 0 1 0 1 0 0 1 1 1 1 0 1 0 0 1 0 0 1 0 1 1 0 1 1 1 1 0 0 0 1 0 0 0 0 1 1 1 0 1 1 0 1 1 1 1 0 1 1 1 0 1 1 0 1 1 0 1 0 0 0 0 0 1 0 1 0 1 1 1 1 0 0 1 0 1 1 1 0 0 1 0 1 0 1 1 1 1 0 0 1 1 1 0 1 1 0 0 0 0 0 0 0 0 0 0 1 1 1 0 1 0 1 1 0 1 1 0 0 1 1 0 0 1 1 0 0 0 1 0 0 1 0 1 0 1 0 0 0 0 0 0 0 0 1 0 1 1 0 0 0 1 0 0 0 1 1 0 1 1 1 1 0 1 0 1 1 1 0 0 0 1 1 1 0 1 1 0 1 0 0 0 0 0 1 1 0 0 1 0 1 0 1 0 0 1 0 1 0 0 1 0 1 1 1 1 
quality : 3162
======================================

========== print chromosome ==========
genes : 1 1 0 0 1 0 1 0 1 1 0 0 1 1 1 1 0 0 0 0 0 1 1 1 1 0 0 0 1 1 0 0 0 1 1 0 1 1 1 1 1 1 1 1 1 0 1 1 0 1 0 1 1 0 0 0 0 0 0 0 1 0 0 0 1 0 1 1 1 0 1 0 1 1 0 0 1 1 0 1 1 0 0 1 1 1 0 0 1 1 1 0 0 0 1 0 0 1 1 1 0 0 1 0 0 1 0 0 1 1 0 1 1 1 1 1 0 1 1 1 0 1 1 1 1 1 1 0 0 1 0 1 1 0 1 0 0 0 1 1 1 1 1 1 0 1 1 1 0 0 0 0 0 1 1 0 0 0 1 0 1 1 0 1 1 0 0 0 0 1 1 1 0 0 0 0 1 1 1 1 0 0 0 0 0 0 0 0 1 1 0 1 1 1 1 1 0 0 0 0 0 1 1 0 0 0 1 0 0 0 0 0 1 1 0 0 1 0 1 0 1 1 1 0 0 0 1 0 1 0 1 1 1 0 0 1 0 1 0 1 0 1 1 0 0 0 0 1 0 1 1 1 0 1 0 0 1 1 1 0 1 0 0 0 1 1 0 0 1 1 0 1 1 1 0 0 0 1 1 1 1 1 1 0 1 1 0 0 0 1 0 0 1 0 1 0 1 0 1 0 0 1 1 1 1 0 1 0 0 1 0 0 1 0 1 1 0 1 1 1 1 0 0 0 1 1 0 0 0 1 1 1 0 1 1 0 1 1 1 1 0 1 1 1 0 1 1 0 0 1 0 1 0 1 0 1 0 1 0 1 0 1 0 1 0 0 0 1 0 1 1 1 0 0 1 0 1 0 1 1 1 0 0 0 1 1 1 0 1 1 0 0 0 0 0 0 0 0 0 0 1 1 1 0 1 0 1 1 1 1 1 0 0 1 1 0 0 1 1 0 0 0 1 0 0 1 0 0 0 1 0 0 0 0 1 0 0 0 1 0 1 1 0 0 0 1 0 0 0 1 0 0 1 1 1 1 0 1 0 1 1 0 0 0 0 1 1 1 0 1 1 0 1 0 0 0 0 0 1 1 0 0 1 0 1 0 1 0 0 1 0 1 0 0 1 0 1 1 1 1 
quality : 3163
======================================

========== print chromosome ==========
genes : 1 1 0 0 1 0 1 0 1 1 0 0 1 0 1 1 0 0 0 0 0 0 1 0 1 0 0 0 1 1 0 0 0 1 1 0 1 1 1 1 1 1 1 1 1 0 1 1 0 1 0 0 1 1 0 0 0 0 0 0 1 0 0 0 1 0 1 1 1 0 1 0 1 1 0 0 1 1 0 1 1 0 0 1 1 1 0 0 1 1 1 0 1 0 1 0 0 1 1 1 0 0 1 0 0 1 0 0 1 1 0 1 1 1 1 1 0 1 1 1 0 1 1 1 1 1 1 0 0 1 0 1 1 0 1 0 0 0 1 1 1 1 1 1 0 1 1 1 0 0 0 0 0 1 1 0 0 0 1 0 1 1 0 1 1 0 0 0 0 1 1 1 0 0 0 0 1 1 1 1 0 0 0 0 0 0 0 0 1 1 0 1 1 1 1 1 0 0 0 0 0 1 1 0 0 0 1 0 0 0 0 0 1 1 0 1 1 0 1 0 1 1 1 0 0 0 1 0 1 0 1 1 1 0 0 1 0 1 0 1 0 1 1 0 0 0 0 1 0 1 1 1 0 1 0 0 1 1 1 0 1 0 0 0 1 1 0 0 1 1 0 1 1 1 0 0 0 1 1 1 1 0 1 0 1 1 0 0 0 1 0 0 1 0 1 0 1 0 1 0 0 1 1 1 1 0 1 0 0 1 0 0 1 0 1 1 0 1 1 1 1 0 0 0 1 0 0 0 0 1 1 1 0 1 1 0 1 1 1 1 0 0 1 1 0 1 1 0 1 1 0 1 0 1 0 1 0 1 0 1 0 1 0 1 1 0 0 1 0 1 1 0 0 0 1 0 1 0 1 1 1 0 0 0 1 1 1 0 1 1 0 0 0 0 0 0 0 0 0 0 1 1 1 0 1 0 1 1 0 1 1 0 0 1 1 0 0 1 1 0 0 0 1 0 0 1 0 0 0 1 0 0 0 0 1 0 0 0 1 0 1 1 0 0 0 1 0 0 0 1 1 0 1 1 1 1 0 1 0 1 1 1 0 0 0 1 1 1 0 1 1 0 1 0 0 0 0 0 1 1 0 0 1 1 1 0 1 0 0 1 0 1 0 0 1 0 1 1 1 1 
quality : 3163
======================================

========== print chromosome ==========
genes : 1 0 0 0 0 0 1 0 1 1 0 0 1 0 1 1 0 0 0 0 0 0 1 1 1 0 0 0 1 1 0 0 0 1 1 0 1 1 1 1 1 1 1 1 1 0 1 1 0 1 0 1 1 1 0 0 0 0 0 0 1 0 0 0 1 0 1 1 1 0 1 0 1 1 0 0 1 1 0 1 1 0 0 1 1 1 0 0 1 0 1 0 1 0 1 0 0 1 1 1 0 0 1 0 0 1 0 0 1 1 0 1 1 1 1 0 0 1 1 1 0 1 1 1 1 1 1 0 0 1 0 1 1 0 1 0 0 0 1 1 1 1 1 1 0 1 1 1 0 0 0 0 0 1 1 0 0 0 1 0 1 1 0 1 1 0 0 0 0 1 1 1 0 0 0 0 1 1 1 1 0 0 0 0 0 0 0 0 1 1 0 1 1 1 1 1 0 0 1 0 0 1 1 0 0 0 1 0 0 0 0 0 1 1 0 0 1 0 1 0 1 1 1 0 0 0 1 0 1 0 1 1 1 0 0 1 0 1 0 1 0 1 1 0 1 0 0 1 0 1 1 1 0 1 0 0 1 1 1 0 1 0 0 0 1 1 0 0 1 1 0 1 1 1 0 0 0 1 1 1 1 1 1 0 1 1 0 0 0 1 0 0 1 0 1 0 1 0 1 0 0 1 1 1 1 0 1 0 0 1 0 0 1 0 1 1 0 1 1 1 1 0 0 0 1 0 0 0 0 1 1 1 0 1 1 0 1 1 1 1 0 1 1 1 0 1 1 0 1 1 1 1 1 0 0 1 0 1 0 1 0 1 0 1 1 0 0 1 0 1 1 1 0 0 1 0 1 0 1 1 1 0 0 0 1 1 1 0 1 1 0 0 0 0 0 0 0 0 0 0 1 1 1 0 1 0 1 1 0 1 1 0 0 1 1 0 0 1 1 0 0 0 1 0 0 1 0 0 0 1 0 0 0 0 1 0 0 0 1 0 1 1 0 0 0 1 0 0 0 1 0 0 1 1 1 1 0 1 0 1 1 1 0 1 0 1 1 1 0 1 1 0 1 0 0 0 0 0 1 1 0 0 1 0 1 0 1 0 0 1 0 1 0 0 1 0 1 1 1 1 
quality : 3163
======================================

========== print chromosome ==========
genes : 1 1 0 0 0 0 1 1 1 1 0 0 1 0 1 1 0 0 0 0 0 0 1 1 1 0 0 0 1 1 0 0 0 1 1 0 1 1 1 1 1 1 1 1 1 0 1 1 0 1 0 1 1 1 0 0 0 0 0 0 1 0 0 0 1 0 1 1 1 0 1 0 1 1 0 0 1 1 0 1 1 0 0 1 1 1 0 0 1 1 1 0 1 0 1 0 0 1 1 1 0 0 1 0 0 1 0 0 1 1 0 1 1 1 1 1 0 1 1 1 0 1 1 1 1 1 1 0 0 1 0 1 1 0 1 0 0 0 1 1 1 1 1 1 0 1 1 1 0 0 0 0 0 1 1 0 0 0 1 1 1 1 0 1 1 0 0 0 0 1 1 1 1 0 0 0 1 1 1 1 0 0 0 0 0 0 0 0 1 1 0 1 1 1 1 1 0 0 0 0 0 1 1 0 0 0 1 0 0 0 0 0 1 1 0 0 1 0 1 0 1 1 1 0 0 0 0 0 1 0 1 1 1 0 0 1 0 0 0 1 0 1 1 0 1 0 0 1 0 1 1 1 0 1 0 0 1 1 1 0 1 0 0 0 1 1 0 0 1 1 1 1 1 1 0 0 0 1 1 1 1 1 1 0 1 1 0 0 0 1 0 0 1 0 1 0 1 0 1 0 0 1 1 1 1 0 1 0 0 1 0 0 1 0 1 1 0 1 1 1 1 0 0 0 1 0 0 0 0 1 1 1 0 1 1 0 1 1 1 1 0 1 1 1 0 1 1 0 1 1 0 1 0 1 0 1 0 1 0 1 0 1 0 1 1 0 0 1 0 1 1 1 0 0 1 0 1 0 1 1 1 0 0 0 1 1 1 0 1 1 0 0 0 0 0 0 0 1 0 0 1 1 1 0 1 0 1 1 0 1 1 0 0 1 1 0 0 1 1 0 0 0 1 0 0 1 0 0 0 1 0 0 0 0 1 0 0 0 1 0 1 1 0 0 0 1 0 0 0 1 0 0 1 1 0 1 0 1 0 1 1 1 0 0 0 1 1 1 0 1 1 0 1 0 0 0 0 0 1 1 0 0 1 0 1 0 1 0 0 1 0 1 0 0 1 0 1 1 1 1 
quality : 3164
======================================

========== print final result ==========
Generations evolved: 535270
Best quality: 3164
Mean quality: 3158.100098
Standard deviation: 8.705110
======================================

1 2 7 8 9 10 13 15 16 23 24 25 29 30 34 35 37 38 39 40 41 42 43 44 45 47 48 50 52 53 54 61 65 67 68 69 71 73 74 77 78 80 81 84 85 86 89 90 91 93 95 98 99 100 103 106 109 110 112 113 114 115 116 118 119 120 122 123 124 125 126 127 130 132 133 135 139 140 141 142 143 144 146 147 148 154 155 159 160 161 162 164 165 170 171 172 173 177 178 179 180 189 190 192 193 194 195 196 202 203 207 213 214 217 219 221 222 223 229 231 232 233 236 240 242 243 245 248 250 251 252 254 257 258 259 261 265 266 269 270 271 272 273 274 278 279 280 281 282 283 285 286 290 293 295 297 299 302 303 304 305 307 310 313 315 316 318 319 320 321 325 330 331 332 334 335 337 338 339 340 342 343 344 346 347 349 350 352 354 356 358 360 362 364 365 368 370 371 372 375 377 379 380 381 385 386 387 389 390 398 401 402 403 405 407 408 410 411 414 415 418 419 423 426 430 435 439 441 442 446 450 453 454 456 458 460 461 462 466 467 468 470 471 473 479 480 483 485 487 490 492 495 497 498 499 500 