========== print final result ==========
Generations evolved: 371921
Best quality: 4511
Mean quality: 4498.899902
Standard deviation: 22.936750
======================================

Number of population: 20

========== print chromosome ==========
genes : 0 1 1 1 0 1 1 1 1 0 0 1 1 1 0 1 0 0 1 0 1 1 1 1 1 1 1 0 1 0 0 1 1 1 0 0 1 1 1 0 1 0 0 0 1 1 0 1 1 1 1 1 1 1 0 1 0 1 0 0 0 0 0 0 0 1 0 1 0 1 1 0 0 1 0 0 1 1 0 0 1 0 1 1 1 1 1 0 0 1 1 1 0 0 1 0 0 1 1 0 0 1 0 0 1 1 1 1 0 1 1 1 0 0 1 0 1 0 0 1 1 0 1 1 1 0 1 1 0 1 1 0 1 0 0 1 0 0 1 1 0 0 1 0 1 1 1 0 0 0 0 1 1 0 0 1 1 1 1 1 0 0 0 0 0 0 0 0 1 0 0 1 1 1 1 1 0 1 0 1 1 0 1 0 1 1 0 1 0 0 1 1 1 0 0 0 0 0 0 0 1 1 0 1 0 1 0 1 1 1 1 0 0 0 1 0 1 1 0 1 1 1 0 0 1 1 1 1 1 1 0 1 0 1 1 0 0 1 0 1 0 1 0 0 1 0 1 1 1 1 0 1 0 0 0 1 1 0 1 1 1 0 0 1 0 1 1 1 1 1 0 0 0 1 1 0 0 1 0 0 1 0 0 1 1 1 1 1 0 0 0 0 1 0 1 1 1 0 1 1 1 0 0 0 0 1 0 0 1 0 0 0 1 0 0 1 1 1 0 1 1 1 0 0 1 0 1 0 1 0 0 1 0 0 0 1 0 1 1 1 1 0 0 0 0 0 1 0 0 0 0 1 0 0 0 0 0 1 1 0 1 0 0 0 1 1 1 0 0 1 1 0 0 1 1 1 1 0 1 0 0 1 0 1 0 0 0 1 1 1 1 0 0 0 0 0 1 1 0 1 1 1 0 1 1 1 1 1 1 1 0 1 0 0 1 1 1 0 1 1 1 0 0 1 1 1 0 0 0 0 1 0 1 0 1 0 0 0 0 0 0 1 0 0 1 1 1 0 0 0 1 1 1 0 0 1 1 1 0 0 0 1 1 1 1 1 0 1 1 0 0 0 1 0 0 1 0 1 1 0 1 1 0 0 0 0 0 0 1 1 0 0 1 0 0 1 1 1 0 0 
quality : 4458
======================================

========== print chromosome ==========
genes : 0 1 1 1 0 1 1 1 1 0 0 1 1 1 0 1 0 0 1 0 1 1 1 1 1 1 1 0 1 0 0 1 1 0 0 0 1 1 1 0 1 0 0 0 1 1 0 1 1 1 1 1 1 1 0 1 0 1 0 0 0 0 0 0 0 1 0 1 0 1 1 0 0 1 0 0 1 1 0 0 1 0 1 1 1 1 1 0 0 1 1 1 0 0 1 0 0 1 1 0 0 1 0 0 0 1 1 1 0 1 1 1 0 0 1 0 0 0 0 1 1 0 1 1 1 0 1 1 0 1 1 0 1 0 0 1 0 0 1 1 0 0 1 0 1 1 1 0 0 0 0 1 1 0 0 1 1 1 1 1 0 0 0 0 0 0 0 0 1 0 0 1 0 1 1 1 0 1 0 1 1 0 1 0 1 1 0 1 0 0 1 1 1 0 0 0 0 0 0 0 1 1 0 1 0 1 0 1 1 1 1 0 0 0 1 0 1 1 0 1 1 1 0 0 1 0 1 1 1 1 0 1 0 1 0 0 0 1 0 1 0 1 0 0 1 0 1 1 1 1 0 1 0 0 0 1 1 0 1 1 1 0 0 1 0 1 1 1 1 1 0 0 0 1 1 0 0 1 0 0 1 0 0 1 1 1 1 1 0 0 0 0 1 0 1 1 1 0 1 1 1 0 0 0 1 1 0 0 1 0 0 0 1 0 0 1 1 1 0 1 0 1 0 0 1 0 1 0 1 0 0 1 0 0 0 1 0 1 1 1 1 0 0 0 0 0 1 0 0 0 0 1 0 0 0 0 0 1 0 0 1 0 0 0 1 1 1 0 0 1 0 0 0 1 1 1 1 0 1 0 0 1 0 1 1 0 0 1 1 1 0 1 0 0 0 0 1 0 0 1 1 1 0 1 1 1 1 1 1 1 0 1 0 0 1 1 1 0 1 1 1 0 0 1 1 1 0 0 0 0 1 0 1 0 1 0 0 0 0 0 0 1 0 0 1 1 1 0 0 0 1 1 0 0 0 0 1 1 0 0 0 1 1 1 1 1 0 1 1 0 0 0 1 0 0 0 0 1 1 0 1 1 0 0 0 0 0 0 1 1 0 0 1 0 0 1 1 1 0 0 
quality : 4440
======================================

========== print chromosome ==========
genes : 0 1 1 1 0 1 1 1 1 0 0 1 1 1 0 0 0 0 1 0 1 1 1 1 1 1 1 0 0 0 0 1 1 0 0 0 1 1 1 0 1 0 0 0 1 1 0 1 1 1 1 1 1 1 0 1 0 1 0 0 0 0 0 0 0 1 0 1 0 1 1 0 0 1 0 0 1 1 0 0 1 0 1 1 1 1 1 0 0 1 1 1 0 0 1 0 0 1 1 0 0 1 0 0 0 1 1 1 0 1 1 1 0 0 1 0 1 0 0 1 1 1 1 1 1 0 1 1 0 1 1 0 1 0 0 1 0 0 1 1 0 0 1 0 1 1 1 0 0 0 0 0 1 0 0 0 1 0 1 1 0 0 0 0 0 0 0 0 1 0 0 1 0 1 1 1 0 1 0 0 1 0 1 0 1 1 0 1 1 0 1 1 1 0 0 0 0 0 0 0 1 1 0 1 0 1 0 1 1 0 1 0 0 0 1 0 1 1 0 1 1 1 0 0 1 1 1 1 0 1 0 1 0 1 0 0 0 1 0 1 0 1 0 0 1 0 0 1 1 1 0 1 0 0 0 1 1 0 1 1 1 0 0 1 0 1 1 1 1 1 0 0 0 1 1 0 1 1 0 0 1 0 0 1 0 1 1 0 1 0 0 0 1 0 1 1 1 0 1 1 1 0 0 0 0 1 0 0 1 0 0 0 1 0 0 1 1 1 0 1 1 1 0 0 1 0 0 0 1 0 0 1 0 0 0 1 0 1 0 1 1 0 0 0 1 0 1 0 0 0 0 1 0 0 0 0 0 1 1 0 1 0 0 0 1 1 1 0 0 1 1 0 0 1 1 1 1 0 0 0 0 1 0 1 0 0 0 1 1 1 0 1 1 0 0 0 1 1 0 1 1 1 0 1 0 1 1 1 1 1 0 1 0 0 1 1 1 0 1 1 1 0 1 1 1 1 0 0 1 0 1 0 1 0 1 0 0 0 0 0 0 1 0 0 1 1 1 0 0 0 1 1 1 0 0 0 1 1 0 0 0 1 1 1 1 1 0 1 1 0 0 0 1 0 0 1 0 1 1 0 1 1 0 0 0 0 0 0 1 1 0 0 1 0 0 1 1 1 0 0 
quality : 4456
======================================

========== print chromosome ==========
genes : 0 1 1 1 0 1 1 0 1 0 0 1 1 1 0 0 0 0 1 0 1 1 1 1 1 1 1 0 0 0 0 1 1 0 0 0 1 1 1 0 1 0 0 0 1 1 0 1 1 1 1 1 0 1 0 1 0 1 0 0 0 0 0 0 0 1 0 1 0 1 1 0 0 1 0 0 1 1 0 0 1 0 1 1 1 1 1 0 0 1 1 1 0 0 1 0 0 1 1 0 0 1 0 0 0 1 1 1 0 1 1 1 0 0 1 0 1 0 0 1 1 1 1 1 1 0 1 1 0 1 1 1 1 0 0 1 0 0 1 1 0 0 1 0 1 1 1 0 0 0 0 0 1 0 0 0 1 1 1 1 0 0 0 0 0 0 0 0 1 0 0 1 0 1 1 1 0 1 0 1 1 0 1 0 1 1 0 1 0 0 1 1 1 0 0 0 0 0 0 0 1 1 0 1 0 1 0 1 0 0 1 0 0 0 1 0 1 1 0 1 1 1 0 0 1 1 1 1 0 1 0 1 0 1 0 0 0 1 0 1 0 1 0 0 1 0 1 1 1 1 0 1 0 0 0 1 1 0 1 1 1 0 0 1 0 1 1 1 1 1 0 0 0 1 1 0 0 1 0 0 1 0 0 1 1 1 1 1 0 0 0 0 1 0 1 1 1 0 1 1 1 0 0 0 0 1 0 1 1 0 0 0 1 0 0 1 1 0 1 1 0 1 0 0 1 0 1 0 1 0 0 1 0 0 0 1 0 1 1 1 1 0 0 0 0 0 1 0 0 0 0 1 0 0 0 0 0 1 1 0 1 1 0 0 1 1 1 0 0 1 1 0 0 1 1 1 1 0 1 0 0 0 0 1 0 0 0 1 1 1 0 1 0 0 0 0 1 0 0 1 1 1 0 1 1 1 1 1 1 1 0 1 0 0 1 1 1 0 1 1 1 0 0 1 1 1 0 0 0 0 1 0 1 0 1 0 0 0 0 0 0 1 0 0 1 1 1 0 0 0 1 1 0 0 0 0 1 1 0 0 0 1 1 1 1 1 0 1 1 0 0 0 1 0 0 1 0 1 1 0 1 1 0 0 0 0 0 0 1 1 0 0 1 0 0 1 1 1 0 0 
quality : 4466
======================================

========== print chromosome ==========
genes : 0 1 1 1 0 1 1 1 1 0 0 1 1 1 0 0 0 0 1 0 1 1 1 1 1 1 1 0 0 0 0 1 1 0 0 0 1 1 1 0 1 0 0 0 1 1 0 1 1 1 1 1 1 1 0 1 0 1 0 0 0 0 0 0 0 1 0 1 0 1 1 0 0 1 0 0 1 1 0 0 1 0 1 1 1 1 1 0 0 1 1 1 0 0 1 0 0 1 1 0 0 1 0 0 0 1 1 1 0 1 1 1 0 0 1 0 1 0 0 1 1 1 1 1 1 0 1 1 0 1 1 1 1 0 0 1 0 0 1 1 0 0 1 0 1 1 1 0 0 0 0 0 1 0 0 0 1 1 1 1 0 0 0 0 0 0 0 0 1 0 0 1 0 1 1 1 0 1 0 1 1 0 1 0 1 1 0 1 0 0 1 1 1 0 0 0 0 0 0 0 1 1 0 1 0 1 0 1 0 0 1 0 0 0 1 0 1 1 0 1 1 1 0 0 1 1 1 1 0 1 0 1 0 1 0 0 0 1 0 1 0 1 0 0 1 0 1 1 1 1 0 1 0 0 0 1 1 0 1 1 1 0 0 1 0 1 1 1 1 1 0 0 0 1 1 0 0 1 0 0 1 0 0 1 1 1 1 1 0 0 0 0 1 0 1 1 1 0 1 1 1 0 0 0 0 1 0 0 1 0 0 0 1 0 0 1 1 1 0 1 0 1 0 0 1 0 1 0 1 0 0 1 0 0 0 1 0 1 1 1 1 0 0 0 0 0 1 0 0 0 0 1 0 0 0 0 0 1 1 0 1 0 0 0 1 1 1 0 0 1 1 0 0 1 1 1 1 0 1 0 0 1 0 1 0 0 0 1 1 1 0 1 0 0 0 0 1 0 0 1 1 1 0 1 1 1 1 1 1 1 0 1 0 0 1 1 1 0 1 1 1 0 0 1 1 1 0 0 0 0 1 0 1 0 1 0 0 0 0 0 0 1 0 0 1 1 1 0 0 0 1 1 0 0 0 0 1 1 0 0 0 1 1 1 1 1 0 1 1 0 0 0 1 0 0 1 0 1 1 0 1 1 0 0 0 0 0 0 1 1 0 0 1 0 0 1 1 1 0 0 
quality : 4509
======================================

========== print chromosome ==========
genes : 0 1 1 1 0 1 1 1 1 0 0 1 1 1 0 0 0 0 1 0 1 1 1 1 1 1 1 0 0 0 0 1 1 0 0 0 1 1 0 0 1 0 0 0 1 1 0 1 1 1 1 1 1 1 0 1 0 1 0 0 0 0 0 0 0 1 0 1 0 1 1 0 0 1 0 0 1 1 0 0 1 0 1 1 1 1 1 0 0 1 1 1 0 0 1 0 0 1 1 0 0 1 0 0 0 1 1 1 0 1 1 1 0 0 1 0 1 0 0 1 1 1 1 1 1 0 1 1 0 1 1 0 1 0 0 1 0 0 1 1 0 1 1 0 1 1 1 0 0 0 0 0 1 0 0 0 1 1 1 1 0 0 0 0 0 0 0 0 1 0 0 1 0 1 1 1 0 1 0 1 1 0 1 0 1 1 0 1 0 0 1 1 1 0 0 0 1 0 0 0 1 1 0 1 0 1 0 1 1 0 1 0 0 0 1 0 1 1 0 1 1 1 0 0 1 1 1 1 0 1 0 1 0 1 0 0 0 1 0 1 0 1 0 0 1 0 1 1 1 1 0 1 0 0 0 1 1 0 1 1 1 0 0 1 0 1 1 1 1 1 0 0 0 1 1 0 0 1 0 0 1 0 0 1 1 1 1 1 0 0 0 0 1 0 1 1 1 0 1 1 1 0 0 0 0 1 0 0 1 0 0 0 1 0 0 1 1 1 0 1 1 1 0 0 1 0 1 0 1 0 0 1 0 0 0 1 0 1 1 1 1 0 0 0 0 0 1 0 0 0 0 1 0 0 0 0 0 1 1 0 1 0 0 0 1 1 1 0 0 1 1 0 0 1 1 1 1 0 1 0 0 1 0 1 0 0 0 1 1 1 0 1 0 0 0 0 1 1 0 1 1 1 0 0 1 1 1 1 1 1 0 1 0 0 1 1 1 0 1 1 1 0 0 1 1 1 0 0 1 0 1 0 1 0 1 0 0 0 0 0 0 1 0 0 1 1 1 0 0 0 1 1 1 0 0 0 1 1 0 0 0 1 1 1 1 1 0 1 1 0 0 0 1 0 1 1 0 1 1 0 1 1 0 1 0 0 0 0 1 1 0 0 1 0 0 1 1 1 0 0 
quality : 4509
======================================

========== print chromosome ==========
genes : 0 1 1 1 0 1 1 1 1 0 0 1 1 1 0 0 0 0 1 0 1 1 1 1 1 1 1 0 0 0 0 1 1 0 0 0 1 1 1 0 1 1 0 0 1 1 0 1 1 1 1 1 1 1 0 1 0 1 0 0 0 0 0 0 0 1 0 1 0 1 1 0 0 1 0 0 1 1 0 0 1 0 1 1 1 1 1 0 0 1 1 1 0 0 1 0 0 1 1 0 0 1 0 0 0 1 1 1 0 1 1 0 0 0 1 0 1 0 0 1 1 1 1 1 1 0 1 1 0 1 1 0 1 0 0 1 0 0 1 1 0 0 1 0 1 1 1 0 0 0 0 0 1 0 0 0 1 1 1 1 0 0 0 0 0 0 0 0 1 0 0 1 0 1 1 1 0 1 0 1 1 0 1 0 1 1 0 1 0 0 1 1 1 0 0 0 0 0 0 0 1 1 0 1 0 1 0 1 1 0 1 0 0 0 1 0 1 1 0 1 1 1 0 0 1 1 1 1 0 1 0 1 0 1 1 0 0 1 0 1 0 1 0 0 1 0 1 1 1 1 0 1 0 0 0 1 1 0 1 1 1 0 0 1 0 1 1 1 1 1 0 0 0 1 1 0 0 1 0 0 1 0 0 1 1 1 1 1 0 0 0 0 1 0 1 1 1 0 1 1 1 0 0 0 0 1 0 0 1 0 0 0 1 0 0 1 1 1 0 1 1 1 0 0 1 0 1 0 1 0 0 1 0 0 0 1 0 1 1 1 1 0 0 0 0 0 1 0 0 0 0 1 0 1 0 0 0 1 1 0 1 0 0 0 1 1 1 0 0 1 1 0 0 0 1 1 1 0 1 0 0 1 0 1 0 0 0 1 1 1 0 1 0 0 0 0 1 1 0 1 1 1 0 1 1 1 1 1 1 1 0 1 0 0 1 1 1 0 1 1 1 0 0 1 1 1 0 0 0 0 1 0 1 0 1 0 0 0 0 0 0 1 0 0 1 1 1 0 0 0 1 1 1 0 0 0 1 1 0 0 0 1 1 1 1 1 0 1 1 0 0 0 1 0 0 1 0 1 1 0 1 1 0 0 0 0 0 0 1 1 0 0 1 0 0 1 0 1 0 0 
quality : 4509
======================================

========== print chromosome ==========
genes : 0 1 1 1 0 1 1 1 1 0 0 1 1 1 0 0 0 0 1 0 1 1 1 1 1 1 1 0 0 0 0 1 1 0 0 0 1 1 1 0 1 0 0 0 0 1 0 1 1 1 1 1 1 1 0 1 0 1 0 0 0 0 0 0 0 1 0 1 0 1 1 0 0 1 0 0 1 1 1 0 1 0 1 1 1 1 1 0 0 1 1 1 0 0 1 0 0 1 1 0 0 1 0 0 0 1 1 1 0 0 1 1 0 0 1 0 1 0 0 1 1 1 1 1 1 0 1 1 0 1 1 0 1 0 0 1 0 0 1 1 0 0 1 0 1 1 1 0 0 0 0 0 1 0 0 0 1 1 1 1 0 0 0 0 0 0 0 0 1 0 0 1 0 1 1 1 0 1 0 1 1 0 1 0 1 1 0 1 0 0 1 1 1 0 0 0 0 0 0 0 1 1 0 1 0 1 0 1 1 0 1 0 0 0 1 0 1 1 1 1 1 1 0 0 1 1 1 1 0 1 0 1 0 1 0 0 0 1 0 1 0 1 0 0 1 0 1 1 1 1 0 1 0 0 0 1 1 0 1 1 1 0 0 1 0 1 1 1 1 1 0 0 0 1 1 0 0 1 0 0 1 0 0 1 1 1 1 1 0 0 1 0 1 0 1 1 1 0 1 1 1 0 0 0 0 1 0 0 1 0 0 0 1 0 0 1 1 1 0 1 1 1 0 0 1 0 1 0 1 0 0 1 0 0 0 1 0 1 1 1 1 0 0 0 0 0 1 0 0 0 0 1 0 0 0 0 0 1 1 0 1 0 0 0 1 1 1 0 0 1 1 0 0 1 1 1 1 0 1 0 0 1 0 1 0 0 0 1 1 1 0 1 0 0 0 0 1 1 0 1 1 1 0 1 1 1 1 1 1 1 0 1 0 0 1 1 1 0 1 1 1 0 0 1 1 1 0 0 0 0 1 0 1 0 1 0 0 0 0 0 0 1 0 0 1 1 1 0 0 0 1 1 1 0 0 1 1 1 0 0 0 1 1 1 1 1 0 1 1 0 0 0 1 0 0 1 0 1 1 0 1 1 0 0 0 0 0 0 1 1 0 0 1 0 0 1 0 1 0 0 
quality : 4510
======================================

========== print chromosome ==========
genes : 0 1 1 1 0 1 1 1 1 0 0 1 1 1 0 0 0 0 1 0 1 1 1 0 1 1 1 0 0 0 0 1 1 0 0 0 1 1 1 0 1 0 0 0 1 1 0 1 1 1 1 1 1 1 0 1 0 1 0 0 0 0 0 0 0 1 0 1 0 1 0 1 0 0 0 0 1 1 0 0 1 0 1 1 1 1 1 0 0 1 1 1 0 0 1 0 0 1 1 0 0 1 0 0 0 1 1 1 0 0 1 1 0 0 1 0 1 0 0 1 1 1 1 1 1 0 1 1 0 1 1 0 1 0 0 1 0 0 1 1 0 0 1 0 1 1 1 0 0 0 0 0 1 0 0 1 1 0 1 1 0 0 0 0 0 0 0 0 1 0 0 1 0 1 1 1 0 1 0 1 1 0 1 0 1 1 0 1 0 0 1 1 1 0 0 0 0 0 0 0 1 1 0 1 0 1 0 1 1 0 1 0 0 0 1 0 1 1 0 1 1 1 0 0 1 1 1 1 0 1 0 1 0 1 0 0 0 1 0 1 0 1 0 0 1 0 1 1 1 1 0 1 0 0 0 1 1 0 1 1 1 0 0 1 0 1 1 1 1 1 0 0 0 1 1 0 0 1 1 0 1 0 0 1 1 1 1 1 0 0 0 0 1 0 1 1 1 0 1 0 1 0 0 0 0 1 0 0 1 0 0 0 1 0 0 1 1 1 0 1 1 1 0 0 1 0 1 0 1 0 0 1 0 0 0 1 1 1 1 1 1 0 0 0 0 0 1 0 0 0 0 1 0 0 0 0 0 1 1 0 1 0 0 0 1 1 1 0 0 1 1 0 0 1 1 1 1 0 1 0 0 1 0 1 0 0 0 1 1 1 0 1 0 0 0 0 1 1 0 1 1 1 0 1 1 1 1 1 1 1 0 1 0 0 1 1 1 0 1 1 1 0 0 1 1 1 0 0 0 0 1 0 1 0 1 0 0 0 0 0 0 1 0 0 1 1 1 0 0 0 1 1 0 0 0 0 1 1 0 0 1 1 1 1 1 1 0 1 1 0 0 1 1 0 0 1 0 1 1 0 1 1 0 0 0 0 0 0 1 1 0 0 1 0 0 1 1 1 0 0 
quality : 4510
======================================

========== print chromosome ==========
genes : 0 1 1 1 0 1 1 1 1 0 0 1 1 1 0 0 0 0 1 0 1 1 1 1 1 1 1 0 0 0 0 1 1 0 0 0 1 1 1 0 1 0 0 0 1 1 0 1 1 1 1 1 1 1 0 1 0 1 0 0 0 0 0 0 0 1 0 1 0 1 1 0 0 1 0 0 1 1 0 0 1 0 1 1 1 1 1 0 0 1 1 1 0 0 1 0 0 1 1 0 0 1 0 0 0 1 1 1 0 1 1 1 0 0 1 0 1 0 0 1 1 1 1 1 1 0 1 1 0 1 1 0 1 0 0 1 0 0 1 1 0 0 1 0 1 1 1 0 0 0 0 0 1 0 0 0 1 0 1 1 0 0 0 0 0 0 0 0 1 0 0 1 0 1 1 1 0 1 0 0 1 0 1 0 1 1 0 1 1 0 1 1 1 0 0 0 0 0 0 0 1 1 0 1 0 1 0 1 1 0 1 0 0 0 1 0 1 1 0 1 1 1 0 0 1 1 1 1 0 1 0 1 0 1 0 0 0 1 0 1 0 1 0 0 1 0 0 1 1 1 0 1 0 0 0 1 1 0 1 1 1 0 0 1 0 1 1 1 1 1 0 0 0 1 1 0 0 1 0 0 1 0 0 1 1 1 1 0 0 0 0 0 1 0 1 1 1 0 1 1 1 0 0 0 0 1 0 0 1 0 0 0 1 0 0 1 1 1 0 1 1 1 0 0 1 0 1 0 1 0 0 1 0 0 0 1 0 1 0 1 1 0 0 0 0 0 1 0 0 0 0 1 0 0 0 0 0 1 1 0 1 0 0 0 1 1 1 0 0 1 1 0 0 1 1 1 1 0 0 0 0 1 0 1 0 0 0 1 1 1 0 1 0 0 0 0 1 1 0 1 1 1 0 1 0 1 1 1 1 1 0 1 0 0 1 1 1 0 1 1 1 0 1 1 1 1 0 0 1 0 1 0 1 0 1 0 0 0 0 0 0 1 0 0 1 1 1 0 0 0 1 1 1 0 0 0 1 1 0 0 0 1 1 1 1 1 0 1 1 0 0 0 1 0 0 1 0 1 1 0 1 1 0 0 0 0 0 0 1 1 0 0 1 0 0 1 1 1 0 0 
quality : 4510
======================================

========== print chromosome ==========
genes : 0 1 1 1 0 1 1 1 1 0 0 1 1 1 0 0 0 0 1 0 1 1 1 1 1 1 1 0 1 0 0 1 1 0 0 0 1 1 1 0 1 0 0 0 1 1 0 1 1 1 1 1 1 1 0 1 0 1 0 0 0 0 0 0 0 1 0 1 0 1 1 0 0 1 0 0 1 1 0 0 1 0 1 1 1 1 1 1 0 1 1 1 0 0 1 0 0 1 1 0 0 1 0 0 0 1 1 1 0 0 1 1 0 0 1 0 1 0 0 1 1 1 1 1 1 0 1 1 0 1 1 0 1 0 0 1 0 0 0 1 0 0 1 0 1 1 1 0 0 0 0 0 1 0 0 1 1 1 1 1 0 0 0 0 0 0 0 0 1 0 0 1 0 1 1 1 0 1 0 1 1 0 1 0 1 1 0 1 0 0 1 1 1 0 0 0 0 0 0 0 1 1 0 1 0 1 0 1 1 0 1 0 0 0 1 0 1 1 0 1 1 1 0 0 1 1 1 1 0 1 0 1 0 1 0 0 0 1 0 1 0 1 0 0 1 0 1 1 1 1 0 1 0 0 0 1 1 0 1 1 1 0 0 1 0 1 1 1 1 1 0 0 0 1 1 0 0 1 0 0 1 0 0 1 1 1 1 1 0 0 0 0 1 0 1 1 1 0 1 1 1 0 0 0 0 1 0 0 1 0 0 0 1 0 0 1 1 1 0 1 1 1 0 0 1 0 1 0 1 0 0 1 0 0 0 1 0 1 1 1 1 0 0 0 0 0 1 0 0 0 0 1 0 0 0 0 0 1 1 0 1 0 1 0 1 1 1 0 0 1 1 0 0 1 1 1 1 0 1 0 0 1 0 1 0 0 0 1 1 1 0 1 0 0 0 0 1 1 0 1 1 1 0 1 1 1 1 1 1 1 0 1 0 0 1 1 1 0 1 1 1 0 1 1 1 1 0 0 0 0 1 0 1 0 1 0 0 0 0 0 0 1 0 0 1 1 1 0 0 0 1 1 1 0 0 0 1 1 0 0 0 1 1 1 1 1 0 1 1 0 0 0 1 0 0 1 0 1 1 0 1 1 0 0 0 0 0 0 1 1 0 0 1 0 0 1 1 1 0 0 
quality : 4510
======================================

========== print chromosome ==========
genes : 0 1 1 1 0 1 1 1 1 0 0 1 1 1 0 0 0 0 1 0 1 1 1 0 1 1 1 0 0 0 0 1 1 0 0 0 1 1 1 0 1 0 0 0 1 1 0 1 1 1 1 1 1 1 0 1 0 1 0 0 0 0 0 0 0 1 0 1 0 1 1 1 0 1 0 0 1 1 0 0 1 0 1 1 1 1 1 0 0 1 1 1 0 0 1 0 0 1 1 0 0 1 0 0 0 1 1 1 0 0 1 1 0 0 1 0 1 0 0 1 1 1 1 1 1 0 1 1 0 1 1 0 1 0 0 1 0 0 1 1 0 0 1 0 1 1 1 0 0 0 0 0 1 0 0 1 1 1 1 1 0 0 0 0 0 0 0 0 1 0 0 1 0 1 1 1 0 1 0 1 1 0 1 0 1 1 0 1 0 0 1 1 1 0 0 0 0 0 0 0 1 1 0 1 0 1 0 1 1 0 1 0 0 0 1 0 1 1 0 1 1 1 0 0 1 1 1 1 0 1 0 1 0 1 0 0 0 1 0 1 0 1 0 0 1 0 1 1 1 1 0 1 0 0 0 1 1 1 1 1 1 0 0 1 0 1 1 1 1 1 0 0 0 1 1 0 0 1 0 0 1 0 0 1 1 1 1 1 0 0 0 0 1 0 1 1 1 0 1 1 1 0 0 0 0 1 0 0 1 0 0 1 1 0 0 1 1 1 0 1 1 1 0 0 1 0 1 0 1 0 0 1 0 0 0 1 0 1 1 1 1 0 0 0 0 0 1 0 0 0 0 1 0 0 0 0 0 1 1 0 1 0 0 0 1 1 1 0 0 1 1 0 0 1 1 1 1 0 1 0 0 1 0 1 0 0 0 1 1 1 0 1 1 0 0 0 1 1 0 1 1 1 0 1 1 1 1 1 1 1 0 1 0 0 1 1 1 0 1 0 1 0 1 1 1 1 0 0 0 0 1 0 1 0 1 0 0 0 0 0 0 1 0 0 1 1 1 0 0 0 1 1 1 0 0 0 1 1 0 0 0 1 1 1 1 1 0 1 1 0 0 0 1 0 0 1 0 1 1 0 1 1 0 0 0 0 0 0 1 1 0 0 1 0 0 1 1 1 0 0 
quality : 4510
======================================

========== print chromosome ==========
genes : 0 1 1 1 0 1 1 1 1 0 0 1 1 1 0 0 0 0 1 0 1 1 1 1 1 1 1 0 0 0 0 1 1 0 0 0 1 1 1 0 1 0 0 0 1 1 0 1 1 1 1 1 0 1 0 1 0 1 0 0 0 0 0 0 0 1 0 1 0 1 1 0 0 1 0 0 1 1 0 0 1 0 1 1 1 1 1 0 0 1 1 1 0 0 1 0 0 1 1 0 0 1 0 0 0 1 1 1 0 1 1 1 0 0 1 0 1 0 0 1 1 1 1 1 1 0 1 1 0 1 1 0 1 0 0 0 0 0 1 1 0 0 1 0 1 1 1 0 1 0 0 0 1 0 0 1 1 1 1 1 0 0 0 0 0 0 0 0 1 0 0 1 0 1 1 1 0 1 0 1 1 0 1 0 1 1 0 1 0 0 1 1 1 0 0 0 0 0 0 0 1 1 0 1 0 1 0 1 1 0 1 0 0 0 1 0 1 1 0 1 1 1 0 0 1 1 1 1 0 1 0 1 0 1 0 0 0 1 0 1 0 1 0 0 1 0 1 1 1 1 0 1 0 0 0 1 1 0 1 1 1 0 0 1 0 1 1 1 1 1 0 0 0 1 1 0 0 1 0 0 1 0 0 1 1 1 1 1 0 0 0 0 1 0 1 1 1 0 1 1 1 0 0 0 0 1 1 0 1 0 0 0 1 0 0 1 1 1 0 1 1 1 0 0 1 0 1 0 1 0 0 1 0 0 0 1 0 1 1 1 0 0 0 0 0 0 1 0 0 0 0 1 0 0 0 0 0 1 1 0 1 0 0 0 1 1 1 0 0 1 1 0 0 1 1 1 1 0 1 0 0 1 0 1 0 0 0 1 1 1 0 1 0 0 0 0 1 1 0 1 1 1 0 1 1 1 0 1 1 1 0 1 0 0 1 1 1 0 1 1 1 0 1 1 1 1 0 0 0 0 1 0 1 0 1 0 0 0 0 0 0 1 0 0 1 1 1 0 0 0 1 1 1 0 0 0 1 1 0 0 0 1 1 1 1 1 0 1 1 0 0 0 1 0 0 1 0 1 1 0 1 1 0 0 0 0 0 0 1 1 0 0 1 0 0 1 1 1 0 0 
quality : 4510
======================================

========== print chromosome ==========
genes : 0 1 1 1 0 1 1 1 1 0 0 0 1 1 0 0 0 0 1 0 1 1 1 1 1 1 1 0 0 0 0 1 1 0 0 0 1 1 1 0 1 0 0 0 1 1 0 1 1 1 1 1 1 1 0 1 0 1 0 0 0 0 0 0 0 1 0 1 0 1 1 0 0 1 0 0 1 1 0 0 1 0 1 1 1 1 1 0 0 1 1 1 0 0 1 0 0 1 1 0 0 1 0 0 0 1 1 1 0 1 1 1 0 0 1 0 1 0 0 1 1 1 1 1 1 0 1 1 0 1 1 1 1 0 0 1 0 0 1 1 0 0 1 0 1 1 1 0 0 0 0 0 1 0 0 1 1 1 1 1 0 0 0 0 0 0 0 0 1 0 0 1 0 1 1 1 0 1 0 1 1 0 1 0 1 1 0 1 0 0 1 1 1 0 1 0 0 0 0 0 1 1 0 1 0 1 0 1 1 0 1 0 0 0 1 0 1 1 0 1 1 1 0 0 1 1 1 1 0 1 0 1 0 1 0 0 0 1 0 1 0 1 0 0 1 0 1 1 1 1 0 1 0 0 0 1 0 0 1 1 1 0 0 1 0 1 1 1 1 1 0 0 0 1 1 0 0 1 0 0 1 0 0 1 1 1 1 1 0 0 0 0 1 0 1 1 1 0 1 1 1 0 0 0 0 1 0 0 1 0 0 0 1 0 0 1 1 1 0 1 1 1 0 0 1 0 1 0 1 0 0 1 0 0 0 1 0 1 1 1 1 0 0 0 0 0 1 0 0 0 0 1 0 0 0 0 0 1 1 0 1 0 0 0 1 1 1 0 0 1 1 0 0 1 1 1 1 0 1 0 0 1 0 1 0 0 0 1 1 0 0 1 0 0 0 0 1 1 0 1 1 1 0 1 1 1 1 1 1 1 0 1 0 0 1 1 1 1 1 1 1 0 1 1 1 1 0 0 0 0 1 0 1 0 1 0 0 0 0 0 0 1 0 0 1 1 1 0 0 0 1 1 1 0 0 0 1 1 0 0 0 1 1 1 1 1 0 1 1 0 0 0 1 0 0 1 0 1 1 0 1 1 0 0 0 0 0 0 1 1 0 0 1 0 0 1 1 1 0 0 
quality : 4510
======================================

========== print chromosome ==========
genes : 0 1 1 1 0 1 1 1 1 0 0 1 1 1 0 0 0 0 1 0 1 1 1 1 1 1 1 0 0 0 0 1 1 0 0 0 1 1 1 0 1 0 0 0 1 1 0 1 1 1 1 1 1 1 0 1 0 1 0 0 0 0 0 0 0 1 0 1 0 1 1 0 0 1 0 0 1 1 0 0 1 0 1 1 1 1 1 0 1 1 1 0 0 0 1 0 0 1 1 0 0 1 0 0 0 1 1 1 1 1 1 1 0 0 1 0 1 0 0 1 1 1 1 1 1 0 1 1 0 1 1 0 1 0 0 1 0 0 1 1 0 0 1 0 1 1 1 0 0 0 0 0 1 0 0 1 1 1 1 1 0 0 0 0 0 0 0 0 1 0 0 1 0 1 1 1 0 1 0 1 1 0 1 0 1 1 0 1 0 0 1 1 1 0 0 0 0 0 0 0 1 1 0 1 0 1 0 1 1 0 1 0 0 0 1 0 1 1 0 1 1 1 0 0 1 1 1 1 0 1 0 1 0 1 0 0 0 1 0 1 0 1 0 0 1 0 1 1 1 1 1 1 0 0 0 1 1 0 1 1 1 0 0 1 0 1 1 1 1 1 0 0 0 1 1 0 0 1 0 0 1 0 0 1 1 1 1 1 0 0 0 0 1 0 1 1 1 0 1 1 1 0 0 0 0 1 0 0 1 0 0 0 1 0 0 1 1 1 0 1 1 1 0 0 1 0 1 0 1 0 0 1 0 0 0 1 0 1 1 1 1 0 0 0 0 0 1 0 0 0 0 1 0 0 0 0 0 1 1 0 1 0 0 0 1 1 1 0 0 1 1 0 0 1 1 1 1 0 1 0 0 1 0 1 0 0 0 1 1 1 0 1 0 0 0 0 1 1 0 1 1 1 0 1 1 1 1 1 1 1 0 1 0 0 1 1 1 0 1 1 1 0 1 1 1 1 0 0 0 0 1 0 1 0 1 0 0 0 0 0 0 1 0 0 1 1 1 0 0 0 1 1 1 0 0 0 1 1 0 0 0 1 1 1 1 1 0 1 1 0 0 0 1 0 0 1 0 1 1 0 1 1 0 0 0 0 0 0 1 1 0 0 1 0 0 1 1 1 0 0 
quality : 4510
======================================

========== print chromosome ==========
genes : 0 1 1 1 0 1 1 1 1 0 0 1 1 1 0 0 0 0 1 0 1 1 1 1 1 1 1 0 0 0 0 1 1 0 0 0 1 1 1 0 1 0 0 0 1 1 0 1 1 1 1 1 1 1 0 1 0 1 0 0 0 0 0 0 0 1 0 1 0 1 1 0 0 1 0 0 1 1 0 0 1 0 1 1 1 1 1 0 0 1 1 1 0 0 1 0 0 1 1 0 0 1 0 0 0 1 1 1 0 1 1 1 0 0 1 0 1 0 0 1 1 1 1 1 1 0 1 1 0 1 1 0 1 0 0 1 0 0 1 1 0 0 1 0 1 1 1 0 0 0 0 0 1 0 0 0 1 1 1 1 0 0 0 0 0 0 0 0 1 0 0 1 0 1 1 1 0 1 0 1 1 0 1 0 1 1 0 1 0 0 1 1 1 0 0 0 0 0 0 0 1 1 0 1 0 1 0 1 1 0 1 0 0 0 1 0 1 1 0 1 1 1 0 0 1 1 1 1 0 1 0 1 0 1 0 0 0 1 0 1 0 1 0 0 1 0 1 1 1 1 0 1 0 0 0 1 1 0 1 1 1 0 0 1 0 1 1 1 1 1 0 0 0 1 1 0 0 1 0 0 1 0 0 1 1 1 1 1 0 0 0 0 1 0 1 1 1 0 1 1 1 0 0 0 0 1 0 0 0 0 0 0 1 0 0 1 1 1 0 1 1 1 0 0 1 0 1 0 1 0 0 1 0 0 0 1 0 1 1 1 1 0 0 0 0 0 1 1 0 0 0 1 0 0 0 0 0 1 1 0 1 0 0 0 1 1 1 0 0 1 1 0 0 1 1 1 1 0 1 0 0 1 0 1 0 0 0 1 1 1 0 1 0 0 0 0 1 1 0 1 1 1 0 1 1 1 1 1 1 1 0 1 0 0 1 1 1 0 1 1 1 0 1 1 1 1 0 0 0 0 1 0 1 0 1 0 0 0 0 0 0 1 0 0 1 1 1 0 0 0 1 1 1 0 0 0 1 1 0 0 0 1 1 1 1 1 0 1 1 0 0 0 1 0 0 1 0 1 1 0 1 1 0 0 0 0 0 0 1 1 0 0 1 0 0 1 1 1 1 0 
quality : 4510
======================================

========== print chromosome ==========
genes : 0 1 1 1 0 1 1 1 1 0 0 1 1 1 0 1 0 0 1 0 1 1 1 1 1 1 1 0 1 0 0 1 1 0 0 0 1 1 1 0 1 0 0 0 1 1 0 1 1 1 1 1 1 1 0 1 0 1 0 0 0 0 0 0 0 1 0 1 0 1 1 0 0 1 0 0 1 1 0 0 1 0 1 1 1 1 1 0 0 1 1 1 0 0 1 0 0 1 1 0 0 1 0 0 0 1 1 1 0 1 1 1 0 0 1 0 1 0 0 1 1 0 1 1 1 0 1 1 0 1 1 0 1 0 0 1 0 0 1 1 0 0 1 0 1 1 1 0 0 0 0 1 1 0 0 1 1 1 1 1 0 0 0 0 0 0 0 0 1 0 0 1 0 1 1 1 0 1 0 1 1 0 1 0 1 1 0 1 0 0 1 1 1 0 0 0 0 0 0 0 1 1 0 1 0 1 0 1 1 1 1 0 0 0 1 0 1 1 0 1 1 1 0 0 1 1 1 1 1 1 0 1 0 1 0 0 0 1 0 1 0 1 0 0 1 0 1 1 1 1 0 1 0 0 0 1 1 0 1 1 1 0 0 1 0 1 1 1 1 1 0 0 0 1 1 0 0 1 0 0 1 0 0 1 1 1 1 1 0 0 0 0 1 0 1 1 1 0 1 1 1 0 0 0 0 1 0 0 1 0 0 0 1 0 0 1 1 1 0 1 1 1 0 0 1 0 1 0 1 0 0 1 0 0 0 1 0 1 1 1 1 0 0 0 0 0 1 0 0 0 0 1 0 0 0 0 0 1 1 0 1 0 0 0 1 1 1 0 0 1 1 0 0 1 1 1 1 0 1 0 0 1 0 1 0 0 0 1 1 1 0 0 0 0 0 0 1 1 0 1 1 1 0 1 1 1 1 1 1 1 0 1 0 0 1 1 1 0 1 1 1 0 1 1 1 1 0 0 0 0 1 0 1 0 1 0 0 1 0 0 0 1 0 0 1 1 1 0 0 0 1 1 1 0 0 0 1 1 0 0 0 1 1 1 1 1 0 1 1 0 0 0 1 0 0 1 0 1 1 0 1 1 0 0 0 0 0 0 1 1 0 0 1 0 0 1 1 1 0 0 
quality : 4510
======================================

========== print chromosome ==========
genes : 0 1 1 1 0 1 1 1 1 0 0 1 1 1 0 0 0 0 1 0 1 1 1 1 1 1 1 0 0 0 0 1 1 0 0 0 1 1 1 0 1 0 0 0 1 1 0 1 1 1 1 1 1 1 0 1 0 1 0 0 0 0 0 0 0 1 0 1 0 1 1 0 0 1 0 0 1 1 0 0 1 0 1 1 1 1 1 0 0 1 1 1 0 0 1 0 0 1 1 0 0 1 1 0 0 1 1 1 0 1 1 1 0 0 1 0 1 0 0 1 1 1 1 1 1 0 1 1 0 1 1 0 1 0 0 1 0 0 1 1 0 0 1 0 1 1 1 0 0 0 0 0 1 0 0 1 1 1 1 1 0 0 0 0 0 0 0 0 1 0 0 1 0 1 1 1 0 1 0 1 1 0 1 0 1 1 0 1 0 0 1 1 1 0 0 0 0 0 0 0 1 1 0 1 0 1 0 1 1 0 1 0 0 0 0 0 1 1 0 1 1 1 0 0 1 1 1 1 0 1 0 1 0 1 0 0 0 1 0 1 0 1 0 0 1 0 1 1 1 1 0 1 0 0 0 1 1 0 1 1 1 0 0 1 0 0 1 1 1 1 0 0 0 1 1 0 0 1 0 0 1 0 0 1 1 1 1 1 0 0 0 0 1 0 1 1 1 0 1 1 1 0 0 0 0 1 0 0 1 0 0 0 1 0 0 1 1 1 0 1 1 1 0 0 1 0 1 0 1 0 0 1 0 0 0 1 0 1 1 1 1 0 0 0 0 0 1 0 0 0 0 1 0 0 0 0 0 1 1 0 1 0 0 0 1 1 1 0 0 1 1 0 0 1 1 1 1 0 1 0 0 1 0 1 0 0 0 1 1 1 0 1 0 0 0 0 1 1 0 1 1 1 0 1 1 1 1 1 0 1 0 1 0 0 1 1 1 0 1 1 1 0 1 1 1 1 0 0 0 0 1 0 1 0 1 0 0 0 0 0 0 1 0 0 1 1 1 0 1 0 1 1 1 0 0 0 1 1 0 0 0 1 1 1 1 1 0 1 1 0 0 0 1 0 0 1 0 1 1 0 1 1 0 0 0 0 0 0 1 1 0 0 1 0 0 1 1 1 0 0 
quality : 4510
======================================

========== print chromosome ==========
genes : 0 1 1 1 0 1 1 1 1 0 0 1 1 1 0 0 0 0 1 0 1 1 1 1 1 1 0 0 0 0 0 1 1 0 0 0 1 1 1 0 1 0 0 0 1 1 0 1 1 1 1 1 1 1 0 1 0 1 0 0 0 0 0 0 0 1 0 1 0 1 1 0 0 1 0 0 1 1 0 0 1 0 1 1 1 1 1 0 0 1 1 1 0 0 1 0 0 1 1 0 0 1 0 0 0 1 1 1 0 1 1 1 0 0 1 0 1 0 0 1 1 1 1 1 1 0 1 1 0 1 1 0 1 0 0 1 0 0 1 1 0 0 1 0 1 1 1 0 0 0 0 0 1 0 0 1 1 1 1 1 0 0 0 0 0 0 0 0 1 0 0 1 0 1 1 1 0 1 0 1 1 1 1 0 1 1 0 1 0 0 1 1 1 0 0 0 0 0 0 0 1 1 0 1 0 1 0 1 1 0 1 0 0 0 1 0 1 1 0 1 1 1 0 0 1 1 1 1 0 1 0 1 0 1 0 0 0 1 1 1 0 1 0 0 1 0 1 1 1 1 0 1 0 0 0 1 1 0 1 0 1 0 0 1 0 1 1 1 1 1 0 0 0 1 1 0 0 1 0 0 1 1 0 1 1 1 1 1 0 0 0 0 1 0 1 1 1 0 1 1 1 0 0 0 0 1 0 0 1 0 0 0 1 0 0 1 1 1 0 1 1 1 1 0 1 0 1 0 1 0 0 1 0 0 0 1 0 1 1 1 1 0 0 0 0 0 1 0 0 0 0 1 0 0 1 0 0 1 1 0 1 0 0 0 1 1 1 0 0 1 1 0 0 1 1 1 1 0 1 0 0 1 0 1 0 0 0 1 1 1 0 0 0 1 0 0 1 0 0 1 1 1 0 1 1 1 1 1 1 1 0 1 0 1 1 1 1 0 1 1 1 0 0 1 1 1 0 0 0 0 1 0 1 0 1 0 0 0 0 0 0 1 0 0 1 1 1 0 0 0 1 1 1 0 0 0 1 1 0 0 0 1 1 1 1 1 0 1 1 0 0 0 1 0 0 1 0 1 1 0 1 1 0 0 0 0 0 0 1 1 0 0 1 0 1 1 1 1 0 0 
quality : 4510
======================================

========== print chromosome ==========
genes : 0 1 1 1 0 1 1 1 1 0 0 1 1 1 0 0 0 0 1 0 1 1 1 1 1 1 1 0 0 0 0 1 1 0 0 0 1 1 1 0 1 0 0 0 1 1 0 1 1 1 1 1 1 1 0 1 0 1 0 0 0 0 0 0 0 1 0 1 0 1 1 0 0 1 0 0 1 1 0 0 1 0 1 1 1 1 1 0 0 1 1 1 0 0 1 0 0 1 1 0 0 1 0 0 0 1 1 1 0 1 1 1 0 0 1 0 1 0 0 1 1 1 0 1 1 0 1 1 0 1 1 0 1 0 0 1 0 0 1 1 0 0 1 0 1 1 1 0 0 0 0 0 1 0 0 0 1 1 1 1 1 0 0 0 0 0 0 0 1 0 0 1 0 1 1 1 0 1 0 1 1 0 1 0 1 1 0 1 0 0 0 1 1 0 0 0 1 0 0 0 1 1 0 1 0 1 1 1 1 0 1 0 0 0 1 0 1 1 0 1 1 1 0 1 1 1 1 1 0 1 0 1 0 1 0 0 0 1 0 1 0 1 0 0 1 0 1 1 1 1 0 1 0 0 0 1 1 0 1 1 1 0 0 1 0 1 1 1 1 1 0 0 0 1 1 0 1 1 0 0 1 0 0 1 1 1 1 1 0 0 0 0 1 0 1 1 1 0 1 1 1 0 0 0 0 1 0 0 1 0 0 0 1 0 0 1 1 1 0 1 1 1 0 0 1 0 1 0 1 0 0 1 0 0 0 1 0 1 1 1 1 0 1 0 0 0 1 0 0 0 0 1 0 0 0 1 0 1 1 0 1 1 0 0 1 1 1 0 0 1 1 0 0 1 1 1 1 0 1 0 0 1 0 1 0 0 0 1 1 1 0 1 0 0 0 0 1 1 0 1 1 1 0 1 1 1 1 1 1 1 0 1 0 0 1 1 1 0 1 1 1 0 0 1 1 1 0 0 1 0 1 0 1 0 1 0 0 0 0 0 0 1 0 0 1 1 1 0 0 0 1 1 1 0 0 0 1 1 0 0 0 1 1 1 1 1 0 1 1 0 0 0 1 0 0 1 0 1 1 0 1 1 0 0 0 0 0 0 1 0 0 0 1 0 0 1 1 1 0 0 
quality : 4511
======================================

========== print final result ==========
Generations evolved: 371921
Best quality: 4511
Mean quality: 4498.899902
Standard deviation: 22.936750
======================================

2 3 4 6 7 8 9 12 13 14 19 21 22 23 24 25 26 27 32 33 37 38 39 41 45 46 48 49 50 51 52 53 54 56 58 66 68 70 71 74 77 78 81 83 84 85 86 87 90 91 92 95 98 99 102 106 107 108 110 111 112 115 117 120 121 122 124 125 127 128 130 131 133 136 139 140 143 145 146 147 153 157 158 159 160 161 169 172 174 175 176 178 180 181 183 185 186 188 192 193 197 201 202 204 206 207 208 209 211 215 217 218 220 221 222 224 225 226 227 228 230 232 234 238 240 242 245 247 248 249 250 252 256 257 259 260 261 264 266 267 268 269 270 274 275 277 278 281 284 285 286 287 288 293 295 296 297 299 300 301 306 309 313 316 317 318 320 321 322 325 327 329 332 336 338 339 340 341 343 347 352 356 358 359 361 362 365 366 367 370 371 374 375 376 377 379 382 384 388 389 390 392 397 398 400 401 402 404 405 406 407 408 409 410 412 415 416 417 419 420 421 424 425 426 429 431 433 435 442 445 446 447 451 452 453 457 458 462 463 464 465 466 468 469 473 476 478 479 481 482 489 493 496 497 498 