========== print final result ==========
Generations evolved: 8387014
Best quality: 345
Mean quality: 344.600006
Standard deviation: 1.788855
======================================

Number of population: 20

========== print chromosome ==========
genes : 1 1 1 0 1 0 0 1 1 0 0 1 1 1 0 0 1 0 0 1 0 1 0 1 0 1 0 0 1 1 1 0 0 0 0 1 0 0 1 1 0 0 0 1 0 1 1 1 0 1 1 1 1 1 0 1 1 1 1 1 0 1 1 0 0 1 1 0 1 0 0 0 0 1 1 0 1 1 0 0 0 0 0 0 1 0 0 1 0 1 1 1 0 0 1 0 0 0 1 1 
quality : 337
======================================

========== print chromosome ==========
genes : 1 1 1 0 1 0 0 1 1 0 1 1 1 1 0 0 1 0 0 1 0 1 0 1 0 1 0 0 1 1 1 0 0 0 0 1 0 0 1 1 0 0 0 1 0 1 1 1 0 0 1 1 1 1 0 1 1 1 1 1 0 1 1 0 0 1 1 0 1 0 0 0 0 1 1 0 1 1 0 0 0 0 0 0 1 0 0 1 0 1 1 1 0 0 1 0 0 0 1 0 
quality : 345
======================================

========== print chromosome ==========
genes : 1 1 1 0 1 0 0 0 1 0 1 1 1 1 0 0 1 0 0 1 0 1 0 1 0 1 0 0 1 1 1 0 0 0 0 1 0 0 1 1 0 0 0 1 0 1 1 1 0 0 1 1 1 1 0 1 1 1 1 1 0 1 1 0 0 1 1 0 1 0 0 0 0 1 1 0 1 1 0 0 0 0 0 0 1 0 0 1 0 1 1 1 0 0 1 0 0 0 1 1 
quality : 345
======================================

========== print chromosome ==========
genes : 1 1 1 0 1 0 0 1 1 0 1 1 1 1 0 0 1 0 0 1 0 1 0 1 0 1 0 0 1 0 1 0 0 0 0 1 0 0 1 1 0 0 0 1 0 1 1 1 0 0 1 1 1 1 0 1 1 1 1 1 0 1 1 0 1 1 1 0 1 0 0 0 0 1 1 0 1 1 0 0 0 0 0 0 1 0 0 1 0 1 1 1 0 0 1 0 0 0 1 1 
quality : 345
======================================

========== print chromosome ==========
genes : 1 1 1 0 1 0 0 1 1 0 1 1 1 1 0 0 1 0 0 1 0 1 0 1 0 1 0 0 1 1 1 0 0 0 0 1 0 0 1 1 0 0 0 1 0 1 1 1 0 0 1 1 1 1 0 1 1 1 1 1 0 1 1 0 0 1 1 0 1 0 0 0 0 1 1 0 1 1 0 0 0 0 0 1 1 0 0 1 0 1 1 1 0 0 1 0 0 0 1 1 
quality : 345
======================================

========== print chromosome ==========
genes : 1 1 1 0 1 0 0 1 1 0 1 1 1 1 0 0 1 1 0 1 0 1 0 1 0 1 0 0 1 0 1 0 0 0 0 1 0 0 1 1 0 0 0 1 0 1 1 1 0 1 1 0 1 1 0 1 1 1 1 0 0 1 1 0 0 1 1 0 1 0 0 0 0 1 1 0 1 1 0 0 0 0 0 0 1 0 0 1 0 1 1 1 0 0 1 0 0 0 1 1 
quality : 345
======================================

========== print chromosome ==========
genes : 1 1 1 0 1 0 0 1 1 0 1 1 1 1 0 0 1 0 0 1 0 1 0 1 0 1 0 0 1 1 1 0 0 0 0 1 0 0 1 1 0 0 0 1 0 1 1 1 0 0 1 1 1 1 0 1 1 1 1 1 0 1 1 0 0 1 1 0 1 0 0 0 0 1 1 0 1 1 0 0 0 0 0 0 1 0 0 1 0 1 1 1 0 0 1 0 0 0 1 1 
quality : 345
======================================

========== print chromosome ==========
genes : 1 1 1 0 1 0 0 1 1 0 1 1 1 1 0 0 1 0 0 1 0 1 0 1 0 1 0 0 1 0 1 0 0 0 0 1 0 0 1 1 0 0 0 1 0 1 1 1 0 0 1 1 1 1 0 1 1 1 1 1 0 1 1 0 0 1 1 0 1 0 0 0 0 1 1 0 1 1 0 0 0 0 0 0 1 0 0 1 0 1 1 1 0 0 1 0 0 0 1 1 
quality : 345
======================================

========== print chromosome ==========
genes : 1 1 1 0 1 0 0 1 1 0 1 1 1 1 0 0 1 0 0 1 0 1 0 1 0 1 0 0 1 0 1 0 0 0 0 1 0 0 1 1 0 0 0 1 0 1 1 1 0 0 1 1 1 1 0 1 0 1 1 1 0 1 1 0 0 1 1 0 1 0 0 0 0 1 1 0 1 1 0 0 0 0 0 0 1 0 0 1 0 1 1 1 0 0 1 0 0 0 1 1 
quality : 345
======================================

========== print chromosome ==========
genes : 1 1 1 0 1 0 0 1 1 0 1 1 1 1 0 0 1 0 0 1 0 1 0 1 0 1 0 0 1 1 1 0 0 0 0 1 0 0 1 1 0 0 0 1 0 1 1 1 0 0 1 1 1 1 0 1 1 1 1 1 0 1 1 0 0 1 1 0 1 0 0 0 0 1 1 0 1 1 0 0 0 0 0 0 1 0 0 1 0 1 1 1 0 0 1 0 0 0 1 1 
quality : 345
======================================

========== print chromosome ==========
genes : 1 1 1 0 1 0 0 1 1 0 1 1 1 1 0 0 1 1 0 1 0 1 0 1 0 1 0 0 1 0 1 0 0 0 0 1 0 1 1 1 0 0 0 1 0 1 1 1 0 0 1 1 1 1 0 1 1 1 1 1 0 1 1 0 0 1 1 0 1 0 0 0 0 1 1 0 1 1 0 0 0 0 0 0 1 0 0 1 0 1 1 1 0 0 1 0 0 0 1 1 
quality : 345
======================================

========== print chromosome ==========
genes : 1 1 1 0 1 0 0 1 1 0 1 1 1 1 0 0 1 0 0 1 0 1 0 1 0 1 0 0 1 0 1 0 0 0 0 1 0 0 1 1 0 0 0 1 0 1 1 1 0 0 1 1 1 1 0 1 1 1 1 1 0 1 1 0 0 1 1 0 1 0 0 0 0 1 1 0 1 1 0 0 0 0 0 0 0 0 0 1 0 1 1 1 0 0 1 0 0 0 1 1 
quality : 345
======================================

========== print chromosome ==========
genes : 1 1 1 0 1 0 0 1 1 0 1 1 1 1 0 0 1 0 0 1 0 1 0 1 0 1 0 0 1 0 1 0 0 0 0 1 0 0 1 1 0 0 0 1 0 1 1 1 0 0 1 1 1 1 0 1 1 1 1 1 0 1 1 0 0 1 1 0 1 0 0 0 0 0 1 0 1 1 0 0 0 0 0 0 1 0 0 1 0 1 1 1 0 0 1 0 0 1 1 1 
quality : 345
======================================

========== print chromosome ==========
genes : 1 1 1 0 1 0 0 1 1 0 0 1 1 1 0 0 1 0 0 1 0 1 0 1 0 1 0 0 1 0 1 0 0 0 0 1 0 0 1 1 0 0 0 1 0 1 1 1 0 0 1 1 1 1 0 1 1 1 1 1 0 1 1 0 0 1 1 0 1 0 0 0 0 1 1 0 1 1 0 0 0 0 0 0 1 0 0 1 0 1 1 1 0 0 1 0 0 0 1 1 
quality : 345
======================================

========== print chromosome ==========
genes : 1 1 1 0 1 0 0 1 1 0 1 1 1 1 0 0 1 0 0 1 0 1 0 1 0 1 0 0 1 0 1 0 0 0 0 1 0 0 1 1 0 0 0 1 0 1 1 1 0 0 1 1 1 1 0 1 1 1 1 1 0 1 1 0 0 1 1 0 1 0 0 0 0 1 1 0 1 1 0 0 0 0 0 1 1 0 0 1 0 1 1 1 1 0 1 0 0 0 1 1 
quality : 345
======================================

========== print chromosome ==========
genes : 1 1 1 0 1 0 0 1 1 0 1 1 1 1 0 0 1 0 0 1 0 1 0 1 0 1 0 0 1 0 1 0 0 0 0 0 0 1 1 1 0 0 0 1 0 0 1 1 0 0 1 1 1 1 0 1 1 1 1 1 0 1 1 0 0 1 1 0 1 0 0 0 0 1 1 0 1 1 0 0 0 0 0 0 1 0 0 1 0 1 1 1 0 0 1 0 0 0 1 1 
quality : 345
======================================

========== print chromosome ==========
genes : 1 1 1 0 1 0 0 1 1 0 1 1 1 1 0 0 1 0 0 1 0 1 0 1 0 1 0 0 1 0 1 0 0 0 0 0 0 0 1 1 0 0 0 1 0 1 1 1 0 0 1 1 1 1 0 1 1 1 1 1 0 1 1 0 1 1 1 0 1 0 0 0 0 1 1 0 1 1 0 0 0 0 0 0 1 0 0 1 0 1 1 1 0 0 1 0 0 0 1 1 
quality : 345
======================================

========== print chromosome ==========
genes : 1 1 1 0 1 0 0 1 1 0 1 1 1 1 0 0 1 0 0 1 0 1 0 1 0 1 0 0 1 0 1 0 0 0 0 1 0 0 1 1 0 0 0 1 0 1 1 1 0 0 1 1 1 1 0 1 1 1 1 1 0 1 1 0 0 1 1 0 1 0 0 0 0 1 1 0 1 1 0 0 0 0 0 0 1 0 0 1 0 1 1 1 0 0 1 0 0 0 1 1 
quality : 345
======================================

========== print chromosome ==========
genes : 1 1 1 0 1 0 0 1 1 0 1 1 1 1 0 0 1 0 0 1 0 1 0 1 0 1 0 0 1 0 1 0 1 0 0 1 0 0 1 1 0 0 0 1 0 1 1 1 0 0 1 1 0 1 0 1 1 1 1 1 0 1 1 0 0 1 1 0 1 0 0 0 0 1 1 0 1 1 0 0 0 0 0 0 1 0 0 1 0 1 1 1 0 0 1 0 0 0 1 1 
quality : 345
======================================

========== print chromosome ==========
genes : 1 1 1 0 1 0 0 1 1 0 1 1 1 1 0 0 1 0 0 1 0 1 0 1 0 1 0 0 1 0 1 0 0 0 0 1 0 0 0 1 0 0 0 1 0 1 1 1 0 0 1 1 1 1 0 1 1 1 1 1 0 1 1 0 0 1 1 0 1 0 0 0 0 1 1 0 1 1 0 0 0 0 0 0 1 0 0 1 0 1 1 1 0 0 1 0 0 0 1 1 
quality : 345
======================================

========== print final result ==========
Generations evolved: 8387014
Best quality: 345
Mean quality: 344.600006
Standard deviation: 1.788855
======================================

1 2 3 5 8 9 11 12 13 14 17 20 22 24 26 29 31 36 40 44 46 47 48 51 52 53 54 56 57 58 59 60 62 63 66 67 69 74 75 77 78 85 88 90 91 92 95 99 100 