========== print final result ==========
Generations evolved: 28807971
Best quality: 95
Mean quality: 94.949997
Standard deviation: 0.223607
======================================

Number of population: 20

========== print chromosome ==========
genes : 1 0 0 1 0 1 0 1 0 1 1 1 0 0 1 1 1 0 0 1 1 1 1 0 0 1 1 0 1 0 1 1 0 1 0 1 1 1 0 0 0 0 1 0 1 1 0 1 0 0 
quality : 95
======================================

========== print chromosome ==========
genes : 1 0 0 1 0 1 0 1 0 1 1 1 0 0 1 1 1 0 0 1 1 1 1 0 0 1 1 0 1 0 1 0 0 1 0 1 1 1 0 0 0 0 1 0 1 1 0 1 0 0 
quality : 95
======================================

========== print chromosome ==========
genes : 0 0 0 1 0 1 0 1 0 1 1 1 0 0 1 1 1 0 0 1 1 1 1 0 0 1 1 0 1 0 1 1 0 1 1 0 1 1 0 0 0 0 1 0 0 1 0 1 0 0 
quality : 94
======================================

========== print chromosome ==========
genes : 1 0 0 1 0 1 0 1 0 0 1 1 0 0 1 1 1 0 0 1 1 1 1 0 0 1 1 0 1 0 1 1 0 1 0 1 1 1 0 0 0 0 1 0 1 1 0 1 0 0 
quality : 95
======================================

========== print chromosome ==========
genes : 1 0 0 1 0 1 0 1 0 0 1 1 0 0 1 1 1 0 0 1 1 1 1 0 0 1 1 0 1 0 1 0 0 1 0 1 1 1 0 0 0 0 1 0 1 1 0 1 0 0 
quality : 95
======================================

========== print chromosome ==========
genes : 1 0 0 1 0 1 0 1 0 1 1 1 0 0 1 1 1 0 0 1 1 1 1 0 0 1 1 0 1 0 1 0 0 1 0 1 1 1 0 1 0 0 1 0 1 1 0 1 0 0 
quality : 95
======================================

========== print chromosome ==========
genes : 1 0 0 1 0 1 0 1 0 1 1 1 0 0 1 1 1 0 0 1 1 1 1 0 0 1 1 0 1 0 1 0 0 1 0 1 1 1 0 0 0 0 1 0 1 1 0 1 0 0 
quality : 95
======================================

========== print chromosome ==========
genes : 1 0 0 1 0 1 0 1 0 1 1 1 1 0 1 1 1 0 0 1 1 1 1 0 0 1 1 0 1 0 1 0 0 1 0 1 1 1 0 0 0 0 1 0 1 1 0 1 0 0 
quality : 95
======================================

========== print chromosome ==========
genes : 1 0 0 1 0 1 0 1 1 1 1 1 0 0 1 1 1 0 0 1 1 1 1 0 0 1 1 0 1 0 1 0 0 1 0 1 1 1 0 0 0 0 1 0 1 1 0 1 0 0 
quality : 95
======================================

========== print chromosome ==========
genes : 1 0 0 1 0 1 0 1 0 0 1 1 0 0 1 1 1 0 0 1 1 1 1 0 0 1 1 0 1 0 1 0 0 1 0 1 1 1 0 0 0 0 1 0 1 1 0 1 0 0 
quality : 95
======================================

========== print chromosome ==========
genes : 1 0 0 1 0 1 0 1 0 1 1 1 0 0 1 1 1 0 0 1 1 1 1 0 0 1 1 0 1 0 1 0 0 1 0 1 1 1 0 0 0 0 1 0 1 1 0 1 0 0 
quality : 95
======================================

========== print chromosome ==========
genes : 1 0 0 1 0 1 0 1 0 1 1 1 0 0 1 1 1 0 0 1 1 1 1 0 0 1 1 0 1 0 1 0 0 1 0 1 1 1 0 0 0 0 1 0 1 1 0 1 0 0 
quality : 95
======================================

========== print chromosome ==========
genes : 1 0 0 1 0 1 0 1 0 1 1 1 0 0 1 1 1 0 0 1 1 1 1 0 0 1 1 0 1 0 1 0 0 1 0 1 1 1 0 0 0 0 1 0 1 1 0 1 0 0 
quality : 95
======================================

========== print chromosome ==========
genes : 1 0 0 1 0 1 0 1 0 1 1 1 0 0 1 1 1 0 0 1 1 1 1 0 0 1 1 0 1 0 1 0 0 1 0 1 1 1 0 0 0 0 1 1 1 1 0 1 0 0 
quality : 95
======================================

========== print chromosome ==========
genes : 1 0 0 1 0 1 0 1 0 1 1 1 0 0 1 1 1 0 0 1 1 1 1 0 0 1 1 0 1 0 1 0 0 1 1 1 1 1 0 0 0 0 1 0 1 1 0 1 0 0 
quality : 95
======================================

========== print chromosome ==========
genes : 1 0 0 1 0 1 0 1 0 1 1 1 0 0 1 1 1 0 0 1 1 1 1 0 0 1 1 0 1 0 1 1 0 1 0 1 1 1 0 0 0 0 1 0 0 1 0 1 0 0 
quality : 95
======================================

========== print chromosome ==========
genes : 1 0 0 1 0 1 0 1 0 1 1 1 0 0 1 1 1 0 0 1 1 1 1 0 0 1 1 0 1 0 1 0 0 1 0 1 1 1 0 0 0 0 1 0 1 1 0 1 0 0 
quality : 95
======================================

========== print chromosome ==========
genes : 1 0 0 1 0 1 0 1 0 1 1 1 0 0 1 1 1 0 0 1 1 1 1 0 0 1 1 0 1 0 1 0 0 1 0 1 1 1 0 0 0 0 1 0 1 1 0 1 0 0 
quality : 95
======================================

========== print chromosome ==========
genes : 1 0 0 1 0 1 0 1 0 1 1 1 0 0 1 1 1 0 0 1 1 1 1 0 0 1 1 0 1 0 1 0 0 1 0 1 1 1 0 0 0 0 1 0 1 1 0 1 0 0 
quality : 95
======================================

========== print chromosome ==========
genes : 1 0 0 1 0 1 0 1 0 1 1 1 0 0 1 1 1 0 0 1 1 1 1 0 0 1 1 0 1 0 1 0 0 1 0 1 1 1 0 0 0 0 1 0 1 1 0 1 0 0 
quality : 95
======================================

========== print final result ==========
Generations evolved: 28807971
Best quality: 95
Mean quality: 94.949997
Standard deviation: 0.223607
======================================

1 4 6 8 10 11 12 15 16 17 20 21 22 23 26 27 29 31 34 36 37 38 43 45 46 48 