========== print final result ==========
Generations evolved: 8335816
Best quality: 352
Mean quality: 350.600006
Standard deviation: 3.604090
======================================

Number of population: 20

========== print chromosome ==========
genes : 1 1 1 0 0 1 0 1 0 1 1 1 0 1 0 0 1 0 1 0 0 0 0 0 1 1 1 0 0 0 1 0 1 1 0 0 0 0 1 1 0 0 0 0 0 0 0 1 1 0 1 0 0 1 1 1 0 1 1 1 0 0 1 0 1 0 0 0 1 0 1 0 1 1 0 1 1 0 1 0 1 1 0 1 1 0 1 1 0 0 1 1 1 0 1 0 0 1 0 0 
quality : 339
======================================

========== print chromosome ==========
genes : 1 1 1 1 0 1 0 1 0 1 1 1 0 0 0 0 1 0 1 0 0 0 0 0 1 1 1 0 0 0 1 0 1 1 0 0 0 0 1 1 0 1 0 0 0 0 0 1 1 0 1 0 0 1 1 1 0 1 1 1 0 0 1 0 1 0 0 0 1 0 1 0 1 1 0 1 1 0 1 0 1 1 0 1 1 0 1 1 0 0 1 1 1 0 1 0 0 1 0 0 
quality : 343
======================================

========== print chromosome ==========
genes : 1 1 1 0 0 1 0 1 0 1 1 1 0 0 0 0 1 0 1 0 0 0 0 0 1 1 1 0 0 0 1 0 1 1 0 0 0 0 1 1 0 1 0 0 0 0 0 1 1 0 1 0 0 1 1 1 0 1 1 1 0 0 1 0 1 0 0 0 1 0 1 0 1 1 0 1 1 1 1 0 1 1 0 1 1 0 1 1 0 0 1 1 1 0 1 0 0 1 0 0 
quality : 352
======================================

========== print chromosome ==========
genes : 0 1 1 1 0 1 0 1 0 1 1 1 0 0 0 0 1 0 1 1 0 0 0 0 1 1 1 0 0 0 1 0 1 1 0 0 0 0 1 1 0 1 0 0 0 0 0 1 1 0 1 0 0 1 1 1 0 1 1 1 0 0 1 0 1 0 0 0 1 0 0 0 1 1 0 1 1 1 1 0 1 1 0 1 1 0 1 1 0 0 1 1 1 0 1 0 0 1 0 0 
quality : 346
======================================

========== print chromosome ==========
genes : 1 1 1 0 0 1 0 1 0 1 1 1 0 0 0 0 1 0 1 0 0 0 0 0 1 1 1 0 0 0 1 0 1 1 0 0 0 0 1 1 0 1 0 0 0 0 0 1 1 0 1 0 1 1 1 1 0 1 1 1 0 0 1 0 1 0 0 0 1 0 1 0 1 1 0 1 1 1 1 0 1 1 0 1 1 0 1 1 0 0 1 1 1 0 1 0 0 1 0 0 
quality : 352
======================================

========== print chromosome ==========
genes : 1 1 1 0 0 1 0 1 0 1 1 1 0 0 0 0 1 0 1 0 0 0 0 0 1 1 1 0 0 0 1 0 1 1 0 0 0 0 1 1 0 1 0 0 0 0 0 1 1 0 1 0 0 1 1 1 0 1 1 1 0 0 1 0 1 0 0 0 1 0 1 0 1 1 0 1 1 1 1 0 1 1 0 1 1 0 1 1 0 0 1 1 1 0 1 0 0 1 0 0 
quality : 352
======================================

========== print chromosome ==========
genes : 1 1 1 0 0 1 0 1 0 1 1 1 1 0 0 0 1 0 1 0 0 0 0 0 1 1 1 0 0 0 1 0 1 1 0 0 0 1 1 1 0 1 0 0 0 0 0 1 1 0 1 0 0 1 1 1 0 1 1 1 0 0 1 0 1 0 0 0 1 0 1 0 1 1 0 1 1 1 1 0 1 1 0 1 1 0 1 1 0 0 0 1 1 0 1 0 0 1 0 0 
quality : 352
======================================

========== print chromosome ==========
genes : 1 1 1 0 0 1 0 1 0 1 1 1 0 0 0 0 1 0 1 0 0 0 0 0 1 1 1 0 0 0 1 0 1 1 0 0 0 0 1 1 0 1 0 0 0 0 0 1 1 0 1 0 0 1 1 1 1 1 1 1 0 0 1 0 1 0 0 0 1 0 1 0 1 1 0 1 1 1 1 0 1 1 0 1 1 0 1 1 0 0 1 1 1 0 1 1 0 1 0 0 
quality : 352
======================================

========== print chromosome ==========
genes : 1 1 1 0 0 1 0 1 0 1 1 1 0 0 0 0 1 0 1 0 0 0 0 0 1 1 1 0 0 0 1 0 1 1 0 0 0 0 1 1 0 1 0 0 0 0 0 1 1 0 1 0 0 1 1 1 0 1 1 1 0 0 1 0 1 0 0 0 1 0 1 0 1 1 0 1 1 1 1 0 1 1 0 1 1 1 1 1 0 0 1 1 1 0 1 0 0 1 0 0 
quality : 352
======================================

========== print chromosome ==========
genes : 1 1 1 0 0 1 0 1 0 1 1 1 0 0 0 0 1 0 1 0 0 0 0 0 1 1 1 0 0 0 1 0 1 1 0 0 0 0 1 1 0 1 0 0 0 0 0 1 1 0 1 0 0 1 1 1 0 1 1 1 0 0 1 0 1 0 0 0 1 0 1 0 1 1 0 1 1 1 1 0 1 1 0 1 1 0 1 1 0 0 1 1 1 0 1 0 1 1 0 0 
quality : 352
======================================

========== print chromosome ==========
genes : 1 1 1 0 0 1 0 1 0 1 1 1 0 0 0 0 1 0 1 0 0 0 0 0 1 1 1 0 0 0 1 0 1 1 0 0 0 0 1 1 0 1 0 0 0 0 0 1 1 0 1 0 0 1 1 1 0 1 1 1 1 0 1 0 1 0 0 0 1 1 1 0 1 1 0 1 1 1 1 0 1 1 0 1 1 0 1 1 0 0 1 1 1 0 1 0 0 1 0 0 
quality : 352
======================================

========== print chromosome ==========
genes : 1 1 1 0 0 1 0 1 0 1 1 1 0 0 0 0 1 0 1 0 0 0 0 0 1 1 1 0 0 0 1 0 1 1 0 0 0 0 1 1 0 1 0 0 0 0 0 1 1 0 1 0 0 1 1 1 0 1 1 1 0 0 1 0 1 0 0 0 1 0 1 0 1 1 0 1 1 1 1 0 1 1 0 1 1 0 1 1 0 0 1 1 1 0 1 0 0 1 0 0 
quality : 352
======================================

========== print chromosome ==========
genes : 1 1 1 0 0 1 0 1 0 1 1 1 0 0 0 0 1 0 1 0 0 0 0 0 1 1 1 0 0 0 1 0 1 1 0 0 0 0 1 1 0 1 0 0 0 0 0 1 1 0 1 0 0 1 1 1 0 1 1 1 0 1 1 0 1 0 0 0 1 0 1 0 1 1 0 1 1 1 1 0 1 1 0 1 1 0 1 1 0 0 1 1 1 0 1 0 0 1 0 0 
quality : 352
======================================

========== print chromosome ==========
genes : 1 1 1 0 0 1 0 1 0 1 0 1 0 0 0 0 1 0 1 0 0 0 0 0 1 1 1 0 0 0 1 0 1 1 0 0 0 0 1 1 0 1 0 0 0 0 0 1 1 0 1 0 0 1 1 1 1 1 1 1 0 0 1 0 1 0 0 0 1 0 1 0 1 0 0 1 1 0 1 0 1 1 0 1 1 0 1 1 0 0 1 1 1 0 1 0 0 1 0 0 
quality : 352
======================================

========== print chromosome ==========
genes : 0 1 1 0 0 1 0 1 0 1 1 1 0 0 0 0 1 0 1 0 0 0 0 0 1 1 1 0 0 0 1 0 1 1 0 0 0 0 1 1 0 1 0 0 0 0 0 1 1 0 1 0 0 1 1 1 0 1 1 1 0 0 1 0 1 0 0 0 1 0 1 0 1 1 0 1 1 1 1 0 1 1 0 1 1 0 1 1 0 0 1 1 1 0 1 0 0 1 0 0 
quality : 352
======================================

========== print chromosome ==========
genes : 1 1 1 0 0 1 0 1 0 1 1 1 0 0 0 0 1 0 1 0 0 0 0 0 1 1 1 0 0 0 1 0 1 1 0 0 0 0 1 1 0 1 0 0 0 0 0 1 1 0 1 0 0 1 1 1 0 1 1 1 0 0 1 0 1 0 0 0 1 0 1 0 1 1 0 1 1 1 1 0 1 1 0 1 1 0 1 1 0 0 1 1 1 0 1 0 0 1 0 0 
quality : 352
======================================

========== print chromosome ==========
genes : 0 1 1 0 0 1 0 1 0 1 1 1 0 0 0 0 1 0 1 0 0 0 0 0 1 1 1 0 0 0 1 0 1 1 0 0 0 0 1 1 0 1 0 0 0 0 0 1 1 0 1 0 0 1 1 1 0 1 1 1 0 0 1 0 1 0 0 0 1 0 1 0 1 1 0 1 1 1 1 0 1 1 0 1 1 0 1 1 0 0 1 1 1 0 1 0 0 1 0 0 
quality : 352
======================================

========== print chromosome ==========
genes : 1 1 1 0 0 1 0 1 0 1 1 1 0 0 0 0 1 0 1 0 0 0 0 0 1 1 1 0 0 0 1 0 1 1 0 0 0 0 1 1 0 1 0 0 0 0 0 1 1 0 1 0 0 1 1 1 0 1 1 1 0 0 1 0 1 0 0 0 1 0 1 0 1 1 0 1 1 1 1 0 1 1 0 1 1 0 1 1 0 0 1 1 1 0 1 0 0 1 0 0 
quality : 352
======================================

========== print chromosome ==========
genes : 1 1 1 0 0 1 0 1 0 1 1 1 0 1 0 0 1 0 1 0 0 0 0 0 1 1 1 0 0 0 1 0 1 1 0 0 0 0 1 1 0 1 0 0 0 0 0 1 1 0 1 0 0 1 1 1 0 1 1 1 0 0 1 0 1 0 0 0 1 0 1 0 1 1 0 1 1 0 1 0 1 1 0 1 1 0 1 1 0 0 1 1 1 0 1 0 0 1 0 0 
quality : 352
======================================

========== print chromosome ==========
genes : 1 1 1 0 0 1 0 1 0 1 1 1 0 0 0 0 1 0 1 0 0 0 0 0 1 1 1 0 0 0 1 0 1 1 0 0 0 0 1 1 0 1 0 0 0 0 0 1 1 0 1 0 0 1 1 1 0 1 1 1 0 0 1 0 1 0 0 0 1 0 1 0 1 1 0 1 1 1 1 0 1 1 0 1 1 0 1 1 0 0 1 1 1 0 1 0 0 1 0 0 
quality : 352
======================================

========== print final result ==========
Generations evolved: 8335816
Best quality: 352
Mean quality: 350.600006
Standard deviation: 3.604090
======================================

1 2 3 6 8 10 11 12 17 19 25 26 27 31 33 34 39 40 42 48 49 51 54 55 56 58 59 60 63 65 69 71 73 74 76 77 78 79 81 82 84 85 87 88 91 92 93 95 98 