========== print final result ==========
Generations evolved: 542194
Best quality: 3173
Mean quality: 3164.800049
Standard deviation: 15.432709
======================================

Number of population: 20

========== print chromosome ==========
genes : 0 1 0 0 1 0 0 1 0 1 0 0 1 1 0 0 1 1 1 1 0 0 1 1 0 0 0 1 0 0 1 0 1 1 0 0 1 1 1 1 0 0 0 1 0 1 0 0 0 0 0 0 0 1 1 0 0 0 0 1 1 1 1 1 1 0 1 1 1 0 0 0 1 1 0 0 0 1 0 0 0 1 1 0 0 0 0 0 1 1 0 0 1 1 0 0 1 1 1 1 0 0 1 1 0 1 0 1 0 0 0 1 1 1 0 1 0 1 0 0 1 0 0 1 1 1 0 1 1 0 0 0 0 1 0 1 1 1 1 1 1 0 1 1 0 1 1 0 1 1 1 1 0 0 1 0 0 1 1 1 1 0 1 1 1 0 1 1 0 1 1 1 0 0 1 1 0 1 0 1 1 1 0 1 0 0 0 1 1 1 1 0 1 0 0 0 1 1 0 0 1 0 0 0 1 0 1 1 0 0 0 1 0 0 1 0 0 0 0 1 1 0 1 0 1 0 0 1 1 1 1 1 1 1 0 0 1 1 1 0 1 0 0 0 0 1 0 0 0 1 0 0 1 1 0 0 1 0 0 0 0 1 0 1 0 0 0 1 0 1 1 1 1 1 0 1 0 1 0 1 1 0 0 0 1 0 1 0 1 1 0 0 1 0 0 1 1 1 0 1 0 0 1 1 0 0 0 0 1 0 0 1 0 1 1 0 0 0 0 1 1 1 0 1 0 1 1 1 1 1 1 0 1 0 1 0 0 0 1 1 1 1 1 0 0 0 0 1 0 0 0 1 1 1 0 0 0 1 0 0 1 0 1 1 0 1 1 0 0 1 0 0 1 1 1 0 1 0 0 1 1 1 0 1 1 1 1 1 0 0 0 1 0 0 1 1 0 0 0 1 1 1 0 1 1 1 0 1 0 1 0 1 0 0 1 1 0 1 0 0 1 1 1 1 0 1 0 0 0 0 1 0 1 1 0 0 0 1 0 0 1 1 1 0 1 0 1 0 0 0 1 1 1 0 1 0 1 1 1 0 0 1 0 0 0 1 1 1 0 0 1 0 1 0 0 0 0 0 1 0 0 0 0 1 0 1 1 0 1 1 1 0 1 1 1 1 1 0 1 0 
quality : 3129
======================================

========== print chromosome ==========
genes : 0 1 0 0 1 0 0 1 0 1 0 0 1 1 0 0 1 1 1 1 0 0 1 0 0 1 0 1 0 0 1 0 1 1 1 0 1 1 1 1 0 0 0 1 0 1 0 0 0 0 0 0 0 1 1 0 0 0 0 1 1 1 1 1 1 0 1 1 1 1 0 0 1 1 0 0 0 1 0 0 0 1 1 0 0 0 0 0 1 1 0 0 1 1 0 0 1 0 0 1 0 0 1 1 1 1 0 1 0 1 0 1 1 0 0 1 1 1 0 0 1 0 0 1 1 1 0 1 1 0 0 1 0 1 0 1 1 1 1 0 1 0 1 1 0 1 1 1 1 1 1 1 1 0 1 0 0 1 1 1 1 0 1 1 1 0 1 1 0 1 1 1 0 0 1 1 0 1 1 1 1 0 0 1 0 0 0 1 1 1 1 0 1 0 0 1 1 0 0 0 1 0 0 0 1 0 0 1 0 0 0 1 0 1 1 0 0 0 0 1 1 0 0 0 1 0 0 1 0 1 1 1 1 1 0 0 1 1 1 0 1 0 1 1 0 1 0 0 0 1 0 0 1 1 0 0 1 0 0 0 0 1 0 1 0 0 0 1 0 1 1 1 1 1 0 1 1 1 0 1 1 0 0 0 1 0 1 0 1 1 0 0 1 0 0 1 1 0 0 1 0 0 1 1 0 0 1 0 1 0 0 1 0 1 1 0 0 0 0 1 1 1 0 1 0 1 0 1 1 1 1 0 1 0 1 0 0 1 1 1 1 1 1 0 0 0 0 1 0 0 0 1 1 1 0 0 0 1 0 0 1 0 1 1 0 0 1 0 1 1 0 0 1 1 1 0 1 0 0 1 1 1 0 1 1 1 1 1 0 0 0 1 0 0 0 1 0 0 0 1 1 1 1 1 1 1 0 1 0 1 0 1 0 0 1 1 0 1 0 0 1 1 1 1 0 1 0 0 0 0 1 0 1 1 0 0 0 1 0 0 1 1 1 0 1 0 1 0 0 0 1 1 0 0 1 0 1 0 1 0 0 1 0 0 0 1 1 1 0 0 1 0 1 0 0 0 0 1 0 0 0 0 0 1 0 1 1 0 1 1 1 0 1 1 1 1 1 0 1 0 
quality : 3118
======================================

========== print chromosome ==========
genes : 1 1 0 0 1 0 0 1 1 1 0 0 1 1 0 0 0 1 1 1 0 0 1 1 0 0 0 1 0 0 1 0 1 1 1 0 1 1 1 1 0 0 0 1 0 1 0 0 0 0 0 0 0 1 1 0 0 0 0 1 1 1 1 1 1 0 1 1 1 1 0 0 1 1 0 0 0 1 0 0 0 1 1 0 0 0 0 0 1 1 0 0 1 1 0 0 1 0 1 0 0 0 1 1 1 1 0 1 0 1 0 1 1 0 0 1 0 1 0 0 1 0 0 1 1 1 0 1 1 0 0 1 0 1 0 1 1 1 1 1 1 0 1 0 0 1 1 0 1 1 1 1 1 0 1 0 0 1 1 1 1 0 1 1 0 0 1 1 0 1 1 1 0 1 1 1 0 1 1 1 1 0 0 1 0 0 0 1 1 1 1 0 1 0 0 1 1 1 0 0 1 0 0 0 0 0 0 1 0 0 0 1 0 1 1 0 0 0 0 1 1 0 0 0 1 0 0 1 0 1 1 1 1 1 0 0 1 1 1 0 1 0 0 0 0 1 0 0 0 1 0 0 1 0 0 0 1 0 0 0 0 1 0 1 0 0 0 1 0 1 1 1 1 1 0 1 0 1 0 1 1 0 0 0 1 0 1 0 1 1 0 1 1 0 0 1 1 1 0 1 0 0 1 1 0 0 1 0 1 0 0 1 0 1 1 0 0 0 0 1 1 1 0 1 0 1 0 1 1 1 1 0 1 0 1 0 0 1 1 1 1 1 1 0 0 0 0 1 0 0 0 1 1 1 0 0 0 0 0 0 1 0 1 1 0 1 1 0 0 1 0 0 1 1 1 0 1 0 0 1 1 1 0 1 1 1 1 1 0 0 0 1 0 0 0 1 0 0 0 1 1 1 0 1 1 1 0 1 0 1 0 1 0 0 1 1 0 1 0 0 1 1 1 1 0 1 0 0 0 0 1 0 1 1 0 0 0 1 0 0 1 1 1 0 1 0 1 0 0 0 1 1 1 0 1 0 1 0 1 0 0 1 0 0 0 1 1 1 0 0 1 0 1 0 1 0 0 1 0 0 0 0 0 1 0 1 1 0 1 1 1 0 1 1 1 1 1 0 1 0 
quality : 3149
======================================

========== print chromosome ==========
genes : 0 1 0 0 1 0 0 1 0 1 0 0 1 1 0 0 1 1 1 1 0 0 1 1 0 0 0 1 0 0 1 0 1 1 1 0 1 1 1 1 0 0 0 1 1 1 0 0 0 0 0 0 0 1 1 0 0 0 0 1 1 1 1 1 1 0 1 1 1 1 0 0 1 1 0 0 0 1 0 0 0 1 1 0 0 0 0 0 0 1 0 0 1 1 0 0 1 0 1 1 0 0 1 1 1 1 0 1 0 1 0 1 1 0 0 1 0 1 0 0 1 0 0 1 1 1 0 1 1 0 0 1 0 1 0 1 1 1 1 1 1 0 1 1 0 1 1 0 1 1 1 1 1 0 1 0 0 1 1 1 1 0 1 1 1 0 1 1 0 1 1 1 0 1 1 1 0 1 1 1 1 0 0 1 0 0 0 1 1 1 1 0 1 0 0 1 1 1 0 0 1 0 0 0 1 0 0 1 0 0 0 1 0 1 1 0 0 0 0 1 1 1 0 0 1 0 0 1 0 1 1 1 1 1 0 0 1 1 1 0 1 0 0 0 0 1 0 0 0 1 0 0 1 1 0 0 1 0 0 0 0 1 0 1 0 0 0 1 0 1 1 1 1 1 0 1 0 1 0 1 1 0 0 0 1 0 1 0 1 1 0 0 1 0 0 1 1 1 0 1 0 0 1 1 0 0 1 0 1 0 0 1 0 1 1 0 0 0 0 1 1 1 0 1 0 1 0 1 1 0 1 0 1 0 1 0 0 1 1 1 1 1 1 0 0 0 0 1 0 0 0 1 1 1 0 0 0 1 0 0 1 0 1 1 0 1 1 1 0 1 0 0 1 1 1 0 1 0 0 1 1 1 0 1 1 1 1 1 0 0 0 1 0 0 0 1 0 0 0 1 1 1 0 1 1 1 0 1 0 1 0 1 0 0 1 1 0 1 0 0 1 1 1 1 0 1 0 0 0 0 1 0 1 1 0 0 0 1 0 0 1 1 1 0 1 0 1 0 0 0 1 1 1 0 1 0 1 0 1 0 0 1 0 0 0 1 1 1 0 0 1 0 1 0 0 0 0 0 0 0 0 0 0 1 0 1 1 0 1 1 1 0 1 1 1 1 1 0 1 0 
quality : 3156
======================================

========== print chromosome ==========
genes : 1 1 0 0 1 0 0 1 0 1 0 0 0 1 0 0 1 1 1 1 0 0 1 1 0 0 0 1 0 0 1 0 1 1 1 0 1 1 1 1 0 0 0 1 0 1 0 0 0 0 0 0 0 1 1 0 0 0 0 1 1 1 1 1 1 0 1 1 1 1 0 0 1 1 0 0 0 1 0 0 0 1 1 0 0 0 0 0 1 1 0 0 1 1 0 0 1 0 1 1 0 0 1 1 1 1 0 1 0 1 0 1 1 0 0 1 0 1 0 0 1 0 0 1 1 1 0 1 1 0 0 1 0 1 0 1 1 1 1 1 1 1 1 1 0 1 1 0 1 1 1 1 1 0 1 0 0 1 1 1 1 0 1 1 1 0 1 1 0 1 1 1 0 1 1 1 0 1 1 1 1 0 0 1 0 0 0 1 1 1 0 0 1 0 0 1 1 1 0 0 1 0 0 0 1 0 0 1 0 0 0 1 0 1 1 0 0 0 0 1 1 0 0 0 1 0 0 1 0 1 1 1 1 1 0 0 1 1 1 0 1 0 0 0 0 1 0 0 0 1 0 0 1 1 0 0 1 0 0 0 0 1 0 1 0 0 0 1 0 1 1 1 1 1 0 1 0 1 0 0 1 0 0 0 1 0 1 0 1 1 0 0 1 0 0 1 1 1 0 1 0 0 1 1 0 0 1 0 1 0 0 1 0 1 1 0 0 0 0 1 1 1 0 1 0 1 0 1 1 1 1 0 1 0 1 0 0 1 1 1 1 1 1 0 0 0 0 1 0 0 0 1 1 1 0 0 0 1 0 0 1 0 1 1 0 0 1 0 0 1 0 0 1 1 1 0 1 0 0 1 1 1 0 1 1 1 1 1 0 0 0 1 0 0 0 1 0 0 0 1 0 1 0 1 1 1 0 1 0 1 0 1 0 0 1 1 0 1 0 0 1 1 1 1 0 1 0 0 0 0 1 0 1 1 0 0 0 1 0 0 1 1 1 0 1 0 1 0 0 0 0 1 1 0 1 0 1 0 1 0 0 1 0 0 0 1 1 1 0 0 1 0 1 0 0 0 0 1 0 0 0 0 0 1 0 1 1 0 1 1 1 0 1 1 1 1 1 0 1 0 
quality : 3171
======================================

========== print chromosome ==========
genes : 0 1 0 0 1 0 0 1 0 1 0 0 1 1 0 0 1 1 1 1 0 0 1 1 0 0 0 1 0 0 1 0 1 1 1 0 1 1 1 1 0 0 0 1 0 1 0 0 1 0 0 0 0 1 1 0 0 0 0 1 1 1 1 1 1 0 1 1 1 1 0 0 1 1 0 0 0 1 0 0 0 1 1 0 0 0 0 0 1 1 0 0 1 1 0 0 1 0 1 1 0 0 1 1 1 1 0 1 0 1 0 1 1 0 0 1 0 1 0 0 1 0 0 1 1 1 0 1 1 0 0 1 0 1 0 1 1 1 1 1 1 0 1 1 0 1 1 0 1 1 1 1 1 0 1 0 0 1 1 1 1 0 1 1 1 0 1 1 0 1 1 1 0 1 1 1 0 1 1 1 1 0 0 1 0 0 0 1 1 1 1 0 1 0 0 1 1 1 0 0 1 0 0 0 1 0 0 1 0 0 0 1 0 1 1 0 0 1 0 1 1 0 0 0 1 0 0 1 0 1 1 1 1 1 0 0 1 1 1 0 1 0 0 0 0 1 0 0 0 1 0 0 1 1 0 0 1 0 0 0 0 1 0 1 0 0 0 1 0 1 1 1 1 1 0 1 0 1 0 0 1 0 0 0 1 0 1 0 1 1 0 0 1 0 0 1 1 1 0 1 0 0 1 1 0 0 1 0 1 0 0 1 0 1 0 0 0 0 0 1 1 1 0 1 0 1 0 1 1 1 1 0 1 0 1 0 0 1 1 1 1 1 1 0 0 0 0 1 0 0 0 1 1 1 0 0 0 1 0 0 1 0 1 1 0 0 1 0 0 1 0 0 1 1 1 0 1 0 0 1 1 1 0 1 1 1 1 1 0 0 0 1 0 0 0 1 0 0 0 1 1 1 0 1 1 1 0 1 0 1 0 1 0 0 1 1 0 1 0 0 1 1 1 1 0 1 0 0 0 0 1 0 1 1 0 0 0 1 0 0 1 1 1 0 1 0 1 0 0 0 1 1 1 0 1 0 1 0 1 0 0 1 0 0 0 1 1 1 0 0 1 1 1 0 0 0 0 1 0 0 0 0 0 1 0 1 1 0 1 1 1 0 1 1 1 1 1 0 1 0 
quality : 3171
======================================

========== print chromosome ==========
genes : 0 1 0 0 1 0 0 1 0 1 0 0 1 1 0 0 1 1 1 1 0 0 1 1 0 0 0 1 0 0 1 0 1 1 1 0 1 1 1 1 0 0 0 1 0 1 0 0 0 0 0 0 0 1 1 0 0 0 0 1 1 1 1 1 1 0 1 1 1 1 0 0 1 1 0 0 0 1 0 0 0 1 1 0 0 0 0 0 1 1 0 0 1 1 0 0 1 0 1 1 0 0 1 1 1 1 0 1 0 1 0 1 1 0 0 1 0 1 0 0 1 0 0 1 1 1 0 0 1 0 0 1 0 1 0 1 1 1 1 1 1 0 1 1 0 1 1 0 1 1 1 1 1 0 1 0 0 1 1 1 1 0 1 1 1 0 1 1 0 1 1 1 0 0 1 1 0 1 1 1 1 0 0 1 0 0 0 1 1 1 1 0 1 0 0 1 1 1 0 0 1 0 0 0 0 0 0 1 0 0 0 1 0 1 1 0 0 0 0 1 1 0 0 0 1 0 0 1 0 1 1 1 1 1 0 0 1 1 1 0 1 0 0 0 0 1 0 0 0 1 0 0 1 1 0 0 1 0 0 0 0 1 0 1 0 0 0 1 0 1 1 1 1 1 0 1 0 1 0 1 1 0 0 0 1 0 1 0 1 1 0 0 1 0 0 1 1 1 0 1 0 1 1 1 0 0 1 1 1 0 0 1 0 1 1 1 0 0 0 1 1 1 0 1 0 1 0 1 1 1 1 0 1 0 1 0 0 1 1 1 1 1 1 0 0 0 0 1 0 0 0 1 1 1 0 0 0 1 0 0 1 0 1 1 0 0 1 0 0 1 0 0 1 1 1 0 1 0 0 1 1 1 0 1 1 1 1 1 0 0 0 1 0 0 0 1 0 0 0 1 1 1 0 1 1 1 0 1 0 1 0 1 0 0 1 1 0 1 0 0 1 1 1 1 0 1 0 0 0 0 1 0 1 1 0 0 0 1 0 0 1 1 1 0 1 0 1 0 0 0 1 1 1 0 1 0 1 0 1 0 0 1 0 0 0 1 1 1 0 0 1 0 1 0 0 0 0 1 0 0 0 0 0 1 0 1 1 0 1 1 1 0 1 1 1 1 1 0 1 0 
quality : 3171
======================================

========== print chromosome ==========
genes : 0 1 0 0 1 0 0 1 0 1 0 0 1 1 0 0 1 1 1 1 0 0 1 1 0 0 0 1 0 0 1 0 1 1 1 0 1 0 1 1 0 0 0 1 0 1 0 0 0 0 0 0 0 1 1 0 0 0 0 1 1 1 1 1 1 0 1 0 1 1 0 0 1 1 0 0 0 1 0 0 0 1 1 0 0 0 0 0 1 1 0 0 1 1 0 0 1 0 1 1 0 0 1 1 1 1 0 1 0 1 0 1 1 0 0 1 0 1 0 0 1 0 0 1 1 1 0 1 1 0 0 1 0 1 0 1 1 0 1 1 1 0 1 1 0 1 1 0 1 0 1 1 1 0 1 0 0 1 1 1 1 0 1 1 1 0 1 1 0 1 1 1 0 0 1 1 0 1 1 1 1 1 0 1 0 0 0 1 1 1 1 0 1 0 0 0 1 1 0 0 1 0 0 0 1 0 0 1 0 0 0 1 0 1 1 0 0 0 0 1 1 0 0 0 1 0 0 1 0 1 1 1 1 1 0 0 1 1 1 0 1 0 0 0 0 1 0 0 0 1 0 0 1 1 0 0 1 0 0 0 0 1 0 1 0 0 1 1 0 1 1 1 1 1 0 1 0 1 0 1 1 0 0 0 1 0 1 0 1 1 0 0 1 0 0 1 1 1 0 1 0 0 1 1 0 0 1 0 1 0 0 1 0 1 1 0 0 0 0 1 1 1 0 1 0 1 0 1 1 1 1 0 1 0 1 0 0 1 1 1 1 1 1 0 0 0 0 1 0 0 0 1 1 1 0 0 0 1 0 0 0 0 1 1 0 0 1 0 0 1 0 0 1 1 1 0 1 0 0 1 1 1 0 1 1 1 1 1 0 0 0 1 0 0 0 1 0 0 0 1 1 1 0 1 1 1 0 1 0 1 0 1 0 0 1 1 0 1 0 0 1 1 1 1 0 1 0 0 0 0 1 0 1 1 0 0 0 1 0 0 1 1 1 0 1 0 1 0 0 0 1 1 1 0 1 0 1 0 1 0 0 1 0 0 0 1 1 1 0 0 1 0 1 0 0 0 0 1 0 0 0 0 0 1 0 1 1 0 1 1 1 0 1 1 1 1 1 0 1 0 
quality : 3171
======================================

========== print chromosome ==========
genes : 0 1 0 0 1 0 0 1 0 1 0 0 1 1 0 0 1 1 1 1 0 0 1 1 0 0 0 1 0 0 1 0 1 1 1 0 1 1 1 1 0 0 0 1 0 1 0 0 0 0 0 0 0 1 1 0 0 0 0 1 1 1 1 1 1 0 1 1 1 1 0 0 1 1 0 0 0 1 0 0 0 1 1 0 0 0 0 0 1 1 0 0 1 1 0 0 1 0 1 1 0 0 1 1 1 1 0 1 0 1 0 1 1 0 0 1 0 1 0 0 1 0 0 1 1 1 0 1 1 0 0 1 0 1 0 1 1 1 1 1 1 0 1 1 0 1 1 0 1 1 0 1 1 0 1 0 0 1 1 1 1 0 1 1 1 0 1 1 0 1 1 1 0 0 1 1 0 1 1 1 1 0 0 1 0 0 0 1 1 1 1 0 1 0 0 1 1 1 0 0 1 0 0 0 1 0 0 1 0 0 0 1 0 1 1 0 0 0 0 1 1 0 0 0 1 0 0 1 0 1 1 1 1 1 0 0 1 1 1 0 1 0 1 1 0 1 0 0 0 1 0 0 1 1 0 0 1 0 0 0 0 1 0 1 0 0 0 1 0 1 1 1 1 1 0 1 1 1 0 1 1 0 0 0 1 0 1 0 1 1 0 0 1 0 0 1 1 1 0 1 0 0 1 1 0 0 1 0 1 0 0 1 0 1 1 0 0 0 0 1 1 1 0 1 0 1 0 1 1 1 1 0 1 0 1 0 0 1 1 1 1 1 1 0 0 0 0 1 0 0 0 1 1 1 0 0 0 1 0 0 1 0 1 1 0 0 1 0 0 1 0 0 1 1 1 0 1 0 0 1 1 1 0 1 1 1 1 1 0 0 0 1 0 0 0 1 0 0 0 1 1 1 1 1 1 1 0 1 0 1 0 1 0 0 1 1 0 1 0 0 1 1 1 1 0 1 0 0 0 0 1 0 1 1 0 0 0 1 0 0 1 1 1 0 1 0 1 0 0 0 1 1 0 0 1 0 1 0 1 0 0 1 0 0 0 1 1 1 0 0 1 0 1 0 0 0 0 1 0 0 0 0 0 1 0 1 1 0 1 1 1 0 1 1 1 1 1 0 1 0 
quality : 3171
======================================

========== print chromosome ==========
genes : 0 1 0 0 1 0 0 1 0 1 0 0 1 1 0 0 1 1 1 1 0 0 1 1 0 0 0 1 0 0 1 0 1 1 1 0 1 1 1 1 0 0 0 1 0 1 0 0 0 0 0 0 0 1 1 0 0 0 0 1 1 1 1 1 1 0 1 1 1 1 0 0 1 1 0 0 0 1 0 0 0 1 1 0 0 0 0 0 1 1 0 0 1 1 0 0 1 0 1 1 0 0 1 1 1 1 0 1 0 1 0 1 1 0 0 1 0 1 0 0 1 0 0 1 1 1 0 1 1 0 0 1 0 1 0 1 1 1 1 1 1 0 1 1 0 1 1 0 1 1 1 1 1 0 1 0 0 1 1 1 1 0 1 1 1 0 1 0 0 1 1 1 0 1 1 1 0 0 1 1 1 0 0 1 0 0 0 1 1 1 1 0 1 0 0 1 1 1 0 0 1 0 0 0 1 0 0 1 0 0 0 1 0 1 1 0 0 0 0 1 1 0 0 0 1 0 0 1 0 1 1 1 1 1 0 0 1 1 1 0 1 0 0 0 0 1 0 0 0 1 0 0 1 1 0 0 1 0 0 0 0 1 0 1 0 0 0 1 0 1 1 1 1 1 0 1 0 1 0 1 1 0 0 0 1 0 1 1 1 1 0 0 1 0 0 1 1 1 0 1 0 0 1 1 0 0 1 0 1 0 0 0 0 1 1 0 0 0 0 1 1 1 0 1 0 1 0 1 1 1 1 0 1 0 1 0 0 1 1 1 1 1 1 0 0 0 0 1 0 0 0 1 1 1 0 0 0 1 0 0 1 0 1 1 0 1 1 1 0 1 0 0 1 1 1 0 1 1 0 1 1 1 0 1 1 1 1 1 0 1 0 1 0 0 0 1 0 0 0 1 1 1 0 1 1 1 0 1 0 1 0 1 0 0 1 1 0 1 0 0 1 1 1 1 0 1 0 0 0 0 1 0 1 1 0 0 0 1 0 0 1 1 1 0 1 0 1 0 0 0 1 1 1 0 1 0 1 0 1 0 0 1 0 0 0 1 1 1 0 0 1 0 1 0 0 0 0 1 0 0 0 0 0 1 0 1 1 0 1 1 1 0 1 1 1 1 1 0 1 0 
quality : 3171
======================================

========== print chromosome ==========
genes : 0 1 0 0 1 0 0 1 1 1 1 0 1 1 0 0 1 1 1 1 0 0 1 1 0 0 0 1 0 0 1 0 1 1 1 1 1 1 1 1 0 0 0 1 0 1 0 0 0 0 0 0 0 1 1 0 0 0 0 1 1 1 1 1 1 0 1 1 1 1 0 0 1 1 0 0 0 1 0 0 0 0 1 0 0 0 0 0 1 1 0 0 1 1 0 0 1 0 1 1 0 0 1 1 1 1 0 1 0 1 0 1 1 0 0 1 0 1 0 0 1 0 0 1 1 1 0 1 1 0 0 1 0 1 0 1 1 1 1 1 1 0 1 1 0 1 1 0 1 1 1 1 1 0 1 0 0 1 1 1 1 0 1 1 1 0 1 1 0 1 1 1 0 0 1 1 0 1 1 1 1 0 0 1 0 0 0 1 1 1 1 0 1 0 0 1 1 1 0 0 1 0 0 0 1 0 0 1 0 0 0 1 0 1 1 0 0 0 0 1 1 0 0 0 1 0 0 1 0 1 1 1 1 1 0 0 1 1 1 0 1 0 0 1 0 0 0 0 0 1 0 0 1 1 0 0 1 0 0 0 0 1 0 1 0 0 0 1 0 1 1 1 1 1 0 1 0 1 0 1 1 0 0 0 1 0 1 0 1 1 0 0 1 0 0 1 1 1 0 1 0 0 1 0 0 0 1 0 1 0 0 1 0 1 1 0 0 0 0 1 1 1 0 1 0 1 0 1 1 1 1 0 1 0 1 0 0 1 1 1 1 1 1 0 0 0 0 1 0 0 0 1 1 1 0 0 0 1 0 0 1 0 1 1 0 1 1 1 0 1 0 0 1 1 1 0 1 0 0 1 1 1 0 1 1 1 1 0 0 0 0 1 0 0 0 1 0 0 0 1 1 1 0 1 1 1 0 1 0 1 0 1 0 0 1 1 0 1 0 0 1 1 0 1 0 1 0 0 0 0 1 0 1 1 0 0 0 1 0 0 1 1 1 0 1 0 0 0 0 0 1 1 1 0 1 0 1 0 1 0 0 1 0 0 0 1 1 1 0 0 1 0 1 0 0 0 0 0 0 0 0 0 0 1 0 1 1 0 1 1 1 0 1 1 1 1 1 0 1 0 
quality : 3171
======================================

========== print chromosome ==========
genes : 1 1 0 0 1 0 0 1 1 1 0 0 1 1 0 0 1 1 1 1 0 0 1 1 0 0 0 1 0 0 1 0 1 1 1 0 1 1 1 1 0 0 0 1 0 1 0 0 0 0 0 0 0 1 1 0 0 0 0 1 1 1 1 1 1 0 1 1 1 1 0 0 1 1 0 0 0 1 0 0 0 1 1 0 0 0 0 0 1 1 0 0 1 1 0 0 1 0 1 0 0 0 1 1 1 1 0 1 0 1 0 1 1 0 0 1 0 1 0 0 1 0 0 1 1 1 0 1 1 0 0 1 0 1 0 1 1 1 1 1 1 0 1 1 0 1 1 0 1 1 1 1 1 0 1 0 0 1 1 1 1 0 1 1 1 0 1 1 0 1 1 1 0 0 1 1 0 1 1 1 1 0 0 1 0 0 0 1 1 1 1 0 1 0 0 1 1 1 0 0 1 0 0 0 1 0 0 1 0 0 0 1 0 1 1 0 0 0 0 1 1 0 0 0 1 0 0 1 0 1 1 1 1 1 0 0 1 1 1 0 1 0 0 0 0 1 0 0 0 1 0 0 1 0 0 0 1 0 0 0 0 1 0 1 0 0 0 1 0 1 1 1 1 1 0 1 0 1 0 1 1 0 0 0 1 0 1 0 1 1 0 0 1 0 0 1 1 1 0 1 0 0 1 1 0 0 1 0 1 0 0 1 0 1 1 0 0 0 0 1 1 0 0 1 0 1 0 1 1 1 1 0 1 0 1 0 0 1 1 1 1 1 1 0 0 0 0 1 0 0 0 1 1 1 0 0 0 1 0 0 1 0 1 1 0 1 1 1 0 1 0 0 1 1 1 0 1 0 0 1 1 1 0 1 1 1 1 0 0 0 0 1 0 0 0 1 0 0 0 1 1 1 1 1 1 1 0 1 0 1 0 1 0 0 1 1 0 1 0 0 1 1 1 1 0 1 0 0 0 0 1 0 1 1 0 0 0 1 0 0 1 1 1 0 1 0 1 0 0 0 1 1 1 0 1 0 1 0 1 0 0 1 0 0 0 1 1 1 0 0 1 0 1 0 0 0 0 1 0 0 0 0 0 1 0 1 1 1 1 1 1 0 1 1 1 1 1 0 1 0 
quality : 3171
======================================

========== print chromosome ==========
genes : 0 1 0 0 1 0 0 1 0 1 0 0 1 1 0 0 1 1 1 1 0 0 1 1 0 0 0 1 0 0 1 0 1 1 1 0 1 1 1 1 0 0 0 1 0 1 0 0 0 0 0 0 0 1 1 0 0 0 0 1 1 1 1 1 1 0 1 1 1 1 0 0 1 1 0 0 0 1 0 0 0 1 1 0 0 0 0 0 1 1 0 0 1 1 0 0 1 1 1 1 0 0 1 1 0 1 0 1 0 0 0 1 1 0 0 1 0 1 0 0 1 0 0 1 1 1 0 1 1 0 0 0 0 1 0 1 1 1 1 1 1 0 1 1 0 1 1 0 1 1 1 1 0 0 1 0 0 1 1 1 1 0 1 1 1 0 1 1 0 1 1 1 0 0 1 1 0 1 0 1 1 1 0 1 0 0 0 1 1 1 1 0 1 0 0 1 1 1 0 0 0 0 0 0 1 0 0 1 0 0 0 1 0 1 1 0 0 0 0 1 1 0 1 0 1 0 0 1 0 1 1 1 1 1 0 0 1 1 1 0 1 0 0 0 0 1 0 0 0 1 0 0 1 1 0 0 1 0 0 0 0 1 0 1 0 0 0 1 0 1 1 1 1 1 0 1 0 1 0 1 1 0 0 0 1 0 1 0 1 1 0 0 1 0 0 1 1 1 0 1 0 0 1 1 0 0 0 0 1 0 0 1 0 1 1 0 0 0 0 1 1 1 0 1 0 1 0 1 1 1 1 0 1 0 1 0 0 0 1 1 1 1 1 0 0 0 0 1 0 0 0 1 1 1 0 0 0 1 0 0 1 0 1 0 0 1 1 1 0 1 0 0 1 1 1 0 1 0 0 1 1 1 0 1 1 1 1 0 0 0 0 1 0 0 0 1 0 0 0 1 1 1 0 1 1 1 0 1 0 1 0 1 0 0 1 1 0 1 0 0 1 1 1 1 0 1 0 0 0 0 1 0 1 1 0 0 1 1 0 0 1 1 1 0 1 0 1 0 1 0 1 1 1 0 1 0 1 0 1 0 0 1 0 0 0 1 0 1 0 0 1 0 1 0 0 0 0 1 0 0 0 0 0 1 0 1 1 0 1 1 1 0 1 1 1 1 1 0 1 0 
quality : 3171
======================================

========== print chromosome ==========
genes : 0 1 0 0 1 0 0 1 0 1 0 0 1 1 0 0 1 1 1 1 0 0 1 1 0 0 0 1 0 0 1 0 1 1 1 0 1 1 1 1 0 0 0 1 0 1 0 0 0 0 0 0 0 1 1 0 0 0 0 1 1 1 1 1 1 0 1 1 1 1 0 0 1 1 1 0 0 1 0 0 0 1 1 0 0 1 0 0 1 1 0 0 1 1 0 0 1 1 1 1 0 0 1 1 1 1 0 0 0 1 0 1 1 0 0 1 0 1 0 0 1 0 0 1 1 1 0 1 1 0 0 0 0 1 0 1 1 1 1 1 1 0 0 1 0 1 1 0 1 1 1 1 1 0 1 0 0 1 1 1 1 0 1 1 1 0 1 1 0 1 1 1 0 0 1 1 0 1 1 1 1 1 0 1 0 0 0 1 1 1 0 0 1 0 0 1 1 1 0 0 1 0 0 0 1 0 0 1 0 0 0 1 0 1 1 0 0 0 0 1 1 0 0 0 1 0 0 1 0 1 1 1 1 1 0 0 1 1 1 0 1 0 0 0 0 1 0 0 0 1 0 0 1 1 0 0 1 0 0 0 0 1 0 1 0 0 0 1 1 1 1 1 1 1 0 1 0 1 0 1 1 0 0 0 1 0 1 0 1 1 0 0 1 0 0 1 1 1 0 1 0 0 1 1 0 0 1 0 1 0 0 1 0 1 1 0 0 0 0 1 1 1 0 1 0 1 0 1 1 1 1 0 1 0 1 0 0 1 1 1 1 1 1 0 0 0 0 1 0 0 0 1 1 1 0 0 0 1 0 0 1 0 1 1 0 1 1 1 0 1 0 0 1 1 1 0 1 0 0 1 1 1 0 1 1 1 1 0 0 0 0 1 0 0 0 1 0 0 0 1 1 1 0 1 1 1 0 1 0 1 0 1 0 0 1 1 0 1 0 0 1 1 1 1 0 1 0 0 0 0 1 0 1 1 0 0 0 1 0 0 1 1 1 0 1 0 1 0 0 0 1 1 1 0 1 0 1 0 1 0 0 1 0 0 0 1 1 1 0 0 1 0 1 0 0 0 0 1 0 0 0 0 1 1 0 1 1 0 1 1 1 0 1 1 1 1 1 0 1 0 
quality : 3171
======================================

========== print chromosome ==========
genes : 0 1 0 0 1 0 0 1 0 1 0 0 1 1 0 0 1 1 1 1 0 0 1 1 0 0 0 1 0 0 1 0 1 1 1 0 1 1 1 1 0 0 0 1 0 1 0 0 0 0 0 0 0 1 1 0 0 0 0 1 1 1 1 1 1 0 1 1 0 1 0 0 1 1 0 0 0 1 0 0 0 1 1 0 0 0 0 0 1 1 0 0 1 1 0 0 1 0 1 1 0 0 1 1 1 1 0 1 0 1 0 1 1 0 0 1 0 1 0 0 1 0 0 1 1 1 0 1 1 0 0 1 0 1 0 1 1 1 1 1 1 0 1 1 0 1 1 0 1 1 1 1 1 0 1 0 0 1 1 1 1 0 1 1 1 0 1 1 0 1 1 1 0 0 1 1 0 1 1 1 1 0 0 1 0 0 0 1 1 1 1 0 0 0 0 1 1 1 0 0 1 0 0 0 1 0 0 1 0 0 0 1 0 1 1 0 0 0 0 1 1 0 0 0 1 0 0 1 0 1 1 1 1 1 1 0 1 1 1 0 1 0 0 0 0 1 0 0 0 1 0 0 1 1 0 0 1 0 0 0 0 1 0 1 0 0 0 1 0 1 1 1 1 1 0 1 0 1 0 1 1 0 0 0 1 0 1 0 1 1 0 0 1 0 0 1 1 1 0 1 0 0 1 1 0 0 1 0 1 0 0 1 0 1 1 0 0 0 0 1 1 1 0 1 0 1 0 1 1 1 1 0 1 0 1 0 0 1 1 1 1 1 1 0 0 0 0 1 0 0 0 1 1 1 0 0 0 1 0 0 1 0 1 1 0 1 1 0 0 1 0 0 1 1 1 0 1 0 0 1 1 1 0 1 1 1 1 1 0 0 0 1 0 0 0 1 0 0 0 1 1 1 0 1 1 1 0 1 0 1 0 1 0 0 1 1 0 1 0 0 1 1 1 1 0 1 0 0 0 0 1 0 1 1 0 0 0 1 0 0 1 1 1 0 1 0 1 0 0 0 1 1 1 0 1 0 1 0 1 0 0 1 0 0 0 1 1 1 0 0 1 0 1 0 1 0 0 1 0 0 0 0 0 1 0 1 1 0 1 1 1 0 1 1 1 1 1 0 1 0 
quality : 3172
======================================

========== print chromosome ==========
genes : 0 1 0 0 1 0 0 1 0 1 0 0 1 1 0 0 1 1 1 1 0 0 1 1 0 0 0 1 0 0 1 0 1 1 1 0 1 1 1 1 0 0 0 1 0 1 0 0 0 0 0 0 0 1 1 0 0 0 0 1 1 1 1 1 1 0 1 1 1 1 0 0 1 1 0 0 0 1 0 0 0 1 1 0 0 0 0 0 1 1 0 0 1 1 0 0 1 0 1 1 0 0 1 1 1 1 0 1 0 1 0 1 1 0 0 1 0 1 0 0 1 0 0 1 1 1 0 1 1 0 0 1 0 1 0 1 1 1 1 1 1 0 1 1 0 1 1 0 1 1 1 1 1 0 1 0 0 1 1 1 1 0 1 1 1 0 1 1 0 1 1 1 0 0 1 1 0 1 1 0 1 0 0 1 0 0 0 1 1 1 1 0 1 0 0 1 1 1 0 0 1 0 0 0 1 0 0 0 0 0 0 1 0 1 1 0 0 0 0 1 1 0 0 0 1 0 0 1 1 1 1 1 1 1 0 0 1 1 1 0 1 0 0 0 0 1 0 0 0 1 0 0 1 1 0 0 1 0 0 0 0 1 0 1 0 0 0 1 0 1 1 1 1 1 0 1 0 1 0 1 1 1 0 0 1 0 1 0 1 1 0 0 1 1 0 1 1 1 0 1 0 0 1 1 0 0 1 0 1 0 0 1 0 1 1 0 0 0 0 1 1 1 0 1 0 1 0 1 1 1 1 0 1 0 1 0 0 1 1 1 1 1 1 0 0 0 0 1 0 0 0 1 1 1 0 0 0 1 0 0 1 0 1 1 0 0 1 0 0 1 0 0 1 1 1 0 1 0 0 1 1 1 0 1 1 1 1 1 0 0 0 1 0 0 0 1 0 0 0 1 1 1 0 1 1 1 0 1 0 1 0 1 0 0 1 1 0 1 0 0 1 1 1 1 0 1 0 0 0 0 1 0 1 1 0 0 0 1 0 0 1 1 1 0 1 0 1 0 0 0 1 1 1 0 1 0 1 0 1 0 0 1 0 0 0 1 1 1 0 0 1 0 1 0 0 0 0 1 0 0 0 0 0 1 0 1 1 0 1 1 1 0 1 1 1 1 1 0 1 0 
quality : 3172
======================================

========== print chromosome ==========
genes : 0 1 0 0 1 1 0 1 0 1 0 0 1 1 0 0 1 1 1 1 0 0 1 1 0 0 0 1 0 0 1 0 1 1 1 0 1 1 1 1 0 0 0 1 0 1 0 0 0 0 0 0 0 1 1 0 0 0 0 1 1 1 1 1 1 0 1 1 1 1 0 0 1 1 0 0 0 1 0 0 0 1 1 0 0 0 0 0 1 1 0 0 1 1 0 1 1 0 1 1 0 0 1 0 1 1 0 1 1 1 0 1 1 0 0 1 0 1 0 0 1 0 0 1 1 1 0 1 1 0 0 1 0 1 0 1 1 1 1 1 1 0 1 1 0 1 1 0 1 1 1 1 1 0 1 0 0 1 1 1 1 0 1 1 1 0 1 1 0 1 1 1 0 0 1 1 1 1 1 1 1 0 0 1 0 0 0 1 1 1 1 0 1 0 0 1 1 1 0 0 1 0 0 0 1 0 0 1 0 0 1 1 0 1 1 0 0 0 0 1 1 0 0 0 1 0 0 1 0 1 1 1 1 1 0 0 1 1 1 0 1 0 0 0 0 1 0 0 0 1 0 0 1 1 0 0 1 0 0 0 0 1 0 1 0 0 0 1 0 1 1 1 1 1 0 1 0 1 0 1 1 0 0 0 1 0 1 0 1 1 0 0 1 0 0 1 0 1 0 1 0 0 1 1 0 0 1 0 1 0 0 1 0 1 1 0 0 0 0 1 1 1 0 1 0 1 0 1 1 1 1 0 1 0 1 0 0 1 1 1 1 1 1 0 0 0 0 1 0 0 0 1 1 1 0 0 0 1 0 0 1 0 1 1 0 1 1 0 0 1 0 0 0 1 1 0 1 0 0 1 1 1 0 1 1 1 1 1 0 0 0 1 0 0 0 1 0 0 0 1 1 1 0 1 1 1 0 1 0 1 0 1 0 0 0 1 0 1 0 0 1 1 1 1 0 1 0 0 1 0 1 0 1 1 0 0 0 1 0 0 1 1 1 0 1 0 1 0 0 0 1 1 1 0 1 0 1 0 1 1 0 1 0 0 0 1 1 1 0 0 1 0 1 0 0 0 0 1 0 0 0 0 0 0 0 1 1 0 1 1 1 0 1 1 1 1 1 0 1 0 
quality : 3172
======================================

========== print chromosome ==========
genes : 0 1 0 0 1 0 0 1 0 1 0 0 1 1 0 0 1 1 1 1 0 0 1 1 0 1 0 1 0 0 1 0 1 1 1 0 1 1 1 1 0 0 0 1 0 1 0 0 0 0 0 0 0 1 1 0 0 0 0 1 1 1 1 1 1 0 1 1 1 1 0 0 1 1 0 0 0 1 0 0 0 1 1 0 0 0 0 0 1 1 0 0 1 1 0 0 1 0 1 1 0 0 1 1 1 1 0 1 0 1 0 1 1 0 0 0 0 1 0 0 1 0 0 1 1 1 0 1 1 0 0 1 0 1 0 1 1 1 1 1 1 0 1 1 0 1 1 0 1 1 1 1 1 0 1 0 0 1 1 1 1 0 1 1 1 0 1 1 0 1 1 1 1 0 1 1 0 1 0 1 1 0 0 1 0 0 0 1 1 1 1 0 1 0 0 1 1 1 0 0 1 0 0 0 1 0 0 1 0 0 0 1 0 1 1 0 0 0 0 1 1 0 0 0 1 0 0 1 0 1 1 1 1 1 0 0 1 1 1 0 1 0 0 0 0 1 0 0 0 0 0 0 1 1 0 0 1 0 0 0 0 1 0 1 0 0 0 1 0 1 1 1 1 1 0 1 0 1 0 1 1 0 1 0 1 0 1 0 1 1 0 0 1 0 0 1 1 1 0 1 0 0 1 1 0 0 1 0 1 0 0 1 0 1 1 0 0 0 0 1 1 0 0 1 0 1 0 1 1 1 1 0 1 0 1 0 0 1 1 1 1 1 1 0 0 0 0 1 0 0 0 1 1 1 0 0 0 1 0 0 1 0 1 1 0 0 1 0 0 1 0 0 1 1 1 0 1 0 0 1 1 1 0 1 1 1 1 1 0 0 0 1 0 0 0 1 0 0 0 1 1 1 0 1 1 1 0 1 0 1 0 1 0 0 1 1 0 1 0 0 1 1 1 1 0 1 0 0 0 0 1 0 1 0 0 0 0 1 0 0 1 1 1 0 1 0 1 0 0 0 1 1 1 0 1 0 1 0 1 0 0 1 0 0 0 1 1 1 0 0 1 0 1 0 0 0 0 1 0 0 0 0 0 1 0 1 1 0 1 1 1 0 1 1 1 1 1 0 1 0 
quality : 3172
======================================

========== print chromosome ==========
genes : 0 1 0 0 1 0 0 1 0 1 0 0 1 1 0 0 1 1 1 1 0 0 1 1 0 0 0 1 0 0 1 0 1 1 1 0 1 1 1 1 0 0 0 1 0 1 0 0 0 0 0 0 0 1 1 0 0 0 0 1 1 1 1 1 1 0 1 1 1 1 0 0 1 1 0 0 0 1 0 0 0 1 1 0 0 0 0 0 1 1 0 0 1 1 0 0 1 0 1 1 0 0 1 1 1 1 0 1 0 1 0 1 1 0 0 1 0 1 0 0 1 0 0 1 1 1 0 1 1 0 0 1 0 1 0 1 1 1 1 1 1 0 1 1 0 1 1 0 1 1 1 1 1 0 1 0 0 1 1 1 1 0 1 1 1 0 1 1 0 1 1 1 0 1 1 1 0 1 1 1 1 0 0 1 0 0 0 1 1 1 1 0 1 0 0 1 1 1 0 0 1 0 0 0 1 0 0 1 0 0 0 1 0 1 1 0 0 0 0 1 1 0 0 0 1 0 0 1 0 1 1 1 1 1 0 0 1 1 1 0 1 0 0 0 0 1 0 0 0 1 0 0 1 1 0 0 1 0 0 0 0 1 0 1 0 0 0 1 0 1 1 1 1 1 0 1 0 1 0 1 1 0 0 0 1 0 1 0 1 1 0 0 1 0 0 1 1 1 0 1 0 0 1 1 0 0 1 0 1 0 0 1 0 1 1 0 0 0 0 1 1 1 0 1 0 1 0 1 1 0 1 0 1 0 1 0 0 1 1 1 1 1 1 0 0 0 0 1 0 0 0 1 1 1 0 0 0 1 0 0 1 0 1 1 0 1 1 1 0 1 0 0 1 1 1 0 1 0 0 1 1 1 0 1 1 1 1 1 0 0 0 1 0 0 0 1 0 0 0 1 1 1 0 1 1 1 0 1 0 1 0 1 0 0 1 1 0 1 0 0 1 1 1 1 0 1 0 0 0 0 1 0 1 1 0 0 0 1 0 0 1 1 1 0 1 0 1 0 0 0 1 1 1 0 1 0 1 0 1 0 0 1 0 0 0 1 1 1 0 0 1 0 1 0 0 0 0 0 0 0 0 0 0 1 0 1 1 0 1 1 1 0 1 1 1 1 1 0 1 0 
quality : 3173
======================================

========== print chromosome ==========
genes : 0 1 0 0 1 0 0 1 0 1 0 0 1 1 0 0 1 1 1 1 0 0 1 1 0 0 0 1 0 0 1 0 1 1 1 0 1 1 1 1 0 0 0 1 0 1 0 0 0 0 0 0 0 1 1 0 0 0 0 1 1 1 1 1 1 0 1 1 1 1 0 0 1 1 0 0 0 1 0 0 0 1 1 0 0 0 0 0 1 1 0 0 1 1 0 0 1 0 1 1 0 0 1 1 1 1 0 1 0 1 0 1 1 0 0 1 1 1 0 0 1 0 0 1 1 1 0 1 1 0 0 1 0 1 0 1 1 1 1 1 1 0 1 1 0 1 1 0 1 1 1 1 1 0 1 0 0 1 1 1 1 0 1 1 1 0 1 1 0 1 1 1 0 0 1 1 0 1 1 1 1 0 0 1 0 0 0 1 1 1 1 0 1 0 0 1 1 1 0 0 1 0 0 0 1 0 0 1 0 0 0 1 0 1 1 1 0 0 0 1 1 0 0 0 1 0 0 1 0 1 1 1 1 1 0 0 1 1 1 0 1 0 0 0 0 1 0 0 0 1 0 0 1 1 0 0 1 0 0 0 0 1 0 1 0 0 0 1 0 1 1 1 1 1 0 1 1 1 0 1 1 0 0 0 1 0 1 0 1 1 0 0 1 0 0 1 1 1 0 1 0 0 1 1 0 0 1 0 1 0 0 1 0 1 1 0 0 1 0 1 1 1 0 1 0 1 0 1 1 1 1 0 1 0 1 0 0 1 1 1 1 1 1 0 0 0 0 1 0 0 0 1 1 1 0 0 0 1 0 0 1 0 1 1 0 1 1 1 0 1 0 0 1 1 1 0 1 0 0 1 1 1 1 1 1 1 1 1 0 0 0 1 0 0 0 1 0 0 0 1 1 1 0 1 1 1 0 1 0 1 0 1 0 0 1 1 0 1 0 0 1 1 1 1 0 1 0 0 0 0 1 0 1 1 0 0 0 1 0 0 1 1 1 0 1 0 1 0 0 0 1 1 1 0 1 0 1 0 1 0 0 1 0 0 0 1 1 1 0 0 1 0 1 0 0 0 0 1 0 0 0 0 0 1 0 1 1 0 1 1 1 0 1 1 1 1 1 0 1 0 
quality : 3173
======================================

========== print final result ==========
Generations evolved: 542194
Best quality: 3173
Mean quality: 3164.800049
Standard deviation: 15.432709
======================================

2 5 8 10 13 14 17 18 19 20 23 24 28 31 33 34 35 37 38 39 40 44 46 54 55 60 61 62 63 64 65 67 68 69 70 73 74 78 82 83 89 90 93 94 97 99 100 103 104 105 106 108 110 112 113 116 117 118 121 124 125 126 128 129 132 134 136 137 138 139 140 141 143 144 146 147 149 150 151 152 153 155 158 159 160 161 163 164 165 167 168 170 171 172 175 176 178 179 180 181 184 188 189 190 191 193 196 197 198 201 205 208 212 214 215 216 220 221 225 228 230 231 232 233 234 237 238 239 241 246 250 253 254 257 262 264 268 270 271 272 273 274 276 277 278 280 281 285 287 289 290 293 296 297 298 300 303 304 307 309 312 314 315 318 320 321 322 324 326 328 329 330 331 333 335 338 339 340 341 342 343 348 352 353 354 358 361 363 364 366 367 368 370 373 374 375 377 380 381 382 383 384 385 386 387 388 392 396 400 401 402 404 405 406 408 410 412 415 416 418 421 422 423 424 426 431 433 434 438 441 442 443 445 447 451 452 453 455 457 459 462 466 467 468 471 473 478 484 486 487 489 490 491 493 494 495 496 497 499 