========== print final result ==========
Generations evolved: 28354370
Best quality: 99
Mean quality: 99.000000
Standard deviation: 0.000000
======================================

Number of population: 20

========== print chromosome ==========
genes : 0 1 1 0 0 0 1 0 1 0 0 0 1 0 0 1 0 1 1 1 0 0 0 1 1 1 0 0 0 0 0 1 1 0 1 1 0 1 0 1 1 1 1 1 1 0 1 0 1 0 
quality : 99
======================================

========== print chromosome ==========
genes : 0 1 1 0 0 0 1 0 1 0 0 0 1 0 0 1 0 1 1 1 0 0 0 1 1 1 0 0 0 0 0 1 1 0 1 1 0 1 0 1 1 1 1 1 1 0 1 0 1 0 
quality : 99
======================================

========== print chromosome ==========
genes : 0 1 1 0 0 0 1 0 1 0 0 0 1 0 0 1 0 0 1 1 0 0 0 1 1 1 0 0 0 0 0 1 1 0 1 1 0 1 0 1 1 1 1 1 1 0 1 0 1 0 
quality : 99
======================================

========== print chromosome ==========
genes : 0 1 1 0 0 0 1 0 1 0 0 0 1 0 0 1 0 1 1 1 0 0 0 1 1 1 0 0 0 0 0 1 1 0 1 1 0 1 0 1 1 1 1 1 1 0 1 0 1 0 
quality : 99
======================================

========== print chromosome ==========
genes : 0 1 1 0 0 0 1 0 1 0 1 0 1 0 0 1 0 1 1 1 0 0 0 1 1 1 0 0 0 0 0 1 1 0 1 1 0 1 0 1 1 1 1 1 1 0 1 0 1 0 
quality : 99
======================================

========== print chromosome ==========
genes : 0 1 1 0 0 0 1 0 1 0 0 0 1 0 0 1 0 1 1 1 0 0 0 1 1 1 0 0 0 0 0 1 1 0 1 1 0 1 0 1 1 1 1 1 1 0 1 0 1 0 
quality : 99
======================================

========== print chromosome ==========
genes : 0 1 1 0 0 0 1 0 1 0 0 0 1 0 0 1 0 1 1 1 0 0 0 1 1 1 0 0 0 0 0 1 1 0 1 1 0 1 0 1 1 1 1 1 1 0 1 0 1 0 
quality : 99
======================================

========== print chromosome ==========
genes : 0 1 1 0 0 0 1 0 1 0 0 0 1 0 0 1 0 1 1 1 0 0 0 1 1 1 0 0 0 0 0 1 1 0 1 1 0 1 0 1 1 1 1 1 1 0 1 0 1 0 
quality : 99
======================================

========== print chromosome ==========
genes : 0 1 1 0 0 0 1 0 1 0 0 0 1 0 0 1 0 1 1 1 0 0 0 1 1 1 0 0 0 0 0 1 1 0 1 1 0 1 0 1 1 1 1 1 1 0 1 0 1 0 
quality : 99
======================================

========== print chromosome ==========
genes : 0 1 1 0 0 0 1 0 1 0 0 0 1 0 0 1 0 1 1 1 0 0 0 1 1 1 0 0 0 0 0 1 1 0 1 1 0 1 0 1 1 1 1 1 1 0 1 0 1 0 
quality : 99
======================================

========== print chromosome ==========
genes : 0 1 1 0 0 0 1 0 1 0 0 0 1 0 0 1 0 1 1 1 0 0 0 1 1 1 0 0 0 0 0 1 1 0 1 1 0 1 0 1 1 1 1 1 1 0 1 0 1 0 
quality : 99
======================================

========== print chromosome ==========
genes : 0 1 1 0 0 0 1 0 1 0 0 0 1 0 0 1 0 1 1 1 0 0 0 1 1 1 0 0 0 0 0 1 1 0 1 0 0 1 0 1 1 1 1 1 1 0 1 0 1 0 
quality : 99
======================================

========== print chromosome ==========
genes : 0 1 1 0 0 0 1 0 1 0 0 0 1 0 0 1 0 1 1 1 0 0 0 1 1 1 0 0 0 0 0 1 1 0 1 1 0 1 0 1 1 1 1 1 1 0 1 0 1 0 
quality : 99
======================================

========== print chromosome ==========
genes : 0 1 1 0 0 0 1 0 1 0 0 0 1 0 0 1 0 1 1 1 0 0 0 1 1 1 0 0 0 0 1 1 1 0 0 1 0 1 0 1 1 1 1 1 1 0 1 0 1 0 
quality : 99
======================================

========== print chromosome ==========
genes : 0 1 1 0 0 0 1 0 1 0 0 0 1 0 0 1 0 1 1 1 0 0 0 1 1 1 0 0 0 0 0 1 1 0 1 1 0 1 0 1 1 1 1 1 1 0 1 0 1 0 
quality : 99
======================================

========== print chromosome ==========
genes : 0 1 1 0 0 0 1 0 1 0 0 0 1 0 0 1 0 1 1 1 0 0 0 1 1 1 0 0 0 0 0 1 1 0 1 1 0 1 0 1 1 1 1 1 1 0 1 0 1 0 
quality : 99
======================================

========== print chromosome ==========
genes : 0 1 1 0 0 0 1 0 1 0 0 0 1 0 0 1 0 1 1 1 0 0 0 1 1 1 0 0 1 0 0 1 1 0 1 1 0 1 0 1 1 1 1 1 1 0 1 0 1 0 
quality : 99
======================================

========== print chromosome ==========
genes : 0 1 1 0 0 0 1 0 1 0 0 0 1 0 0 1 0 1 1 1 0 0 0 1 0 1 0 0 0 0 0 1 1 0 1 1 0 1 0 1 1 1 1 1 1 0 1 0 1 0 
quality : 99
======================================

========== print chromosome ==========
genes : 0 1 1 0 0 0 1 0 1 0 0 0 1 0 0 1 0 1 1 1 0 0 0 1 1 1 0 0 0 0 0 1 1 0 1 1 0 1 0 1 1 1 1 1 1 0 1 0 1 0 
quality : 99
======================================

========== print chromosome ==========
genes : 0 1 1 0 0 0 1 0 1 0 0 0 1 0 0 1 0 1 1 1 0 0 0 1 1 1 0 0 0 0 0 1 1 0 1 1 0 1 0 1 1 1 1 1 1 0 1 0 1 0 
quality : 99
======================================

========== print final result ==========
Generations evolved: 28354370
Best quality: 99
Mean quality: 99.000000
Standard deviation: 0.000000
======================================

2 3 7 9 13 16 18 19 20 24 25 26 32 33 35 36 38 40 41 42 43 44 45 47 49 