========== print final result ==========
Generations evolved: 28179405
Best quality: 98
Mean quality: 97.800003
Standard deviation: 0.894427
======================================

Number of population: 20

========== print chromosome ==========
genes : 0 0 1 1 1 1 0 1 0 1 1 1 0 1 1 0 1 0 0 0 1 1 1 0 0 0 0 1 1 1 1 1 0 1 0 0 1 1 0 0 0 0 0 0 0 1 0 1 0 1 
quality : 98
======================================

========== print chromosome ==========
genes : 0 0 1 1 1 1 0 1 0 1 1 1 0 1 1 0 1 0 0 0 1 1 1 0 1 0 0 1 1 1 1 1 0 1 0 0 1 1 0 0 0 0 0 0 0 1 0 1 0 1 
quality : 94
======================================

========== print chromosome ==========
genes : 0 0 1 1 1 1 1 1 0 1 1 1 0 1 1 0 1 0 0 0 1 1 1 0 0 0 0 1 1 1 1 1 0 1 0 0 1 1 0 0 0 0 0 0 0 1 0 1 0 1 
quality : 98
======================================

========== print chromosome ==========
genes : 0 0 1 1 1 1 0 1 0 1 1 1 0 1 1 0 1 0 0 0 1 1 1 0 0 0 0 1 1 1 1 1 0 1 0 0 1 1 0 0 0 0 0 0 0 1 0 1 0 1 
quality : 98
======================================

========== print chromosome ==========
genes : 0 0 1 1 1 1 0 1 0 1 1 1 0 1 1 0 1 0 0 0 1 1 1 0 0 0 0 1 1 1 1 1 0 1 0 0 1 1 0 0 0 0 0 0 0 1 0 1 0 1 
quality : 98
======================================

========== print chromosome ==========
genes : 0 0 1 1 1 1 0 1 0 1 1 1 0 1 1 0 1 0 0 0 1 1 1 0 0 0 0 1 1 1 1 1 0 1 0 0 1 1 0 0 0 0 0 0 0 1 0 1 0 1 
quality : 98
======================================

========== print chromosome ==========
genes : 0 0 1 1 1 1 0 1 0 1 1 1 0 1 1 0 1 0 0 0 1 0 1 0 0 0 0 1 1 1 1 1 0 1 0 0 1 1 0 0 0 0 0 0 0 1 0 1 0 1 
quality : 98
======================================

========== print chromosome ==========
genes : 0 0 1 1 1 1 0 1 0 1 1 1 0 1 1 0 1 0 0 0 1 1 1 0 0 0 0 1 1 1 1 1 0 1 0 0 1 1 0 0 0 0 0 0 0 1 0 1 0 1 
quality : 98
======================================

========== print chromosome ==========
genes : 0 0 1 1 1 1 0 1 0 1 1 1 0 1 1 0 1 0 0 0 1 1 1 0 0 0 0 1 1 1 1 1 0 1 0 0 1 1 0 0 0 0 0 0 0 1 0 1 0 1 
quality : 98
======================================

========== print chromosome ==========
genes : 0 0 1 1 1 1 0 1 0 1 1 1 0 1 1 0 1 0 0 0 1 1 1 0 0 0 0 1 1 1 1 1 0 1 0 0 1 1 0 0 0 0 0 0 0 1 0 1 0 1 
quality : 98
======================================

========== print chromosome ==========
genes : 0 0 1 1 1 1 0 1 0 1 0 1 0 1 1 0 1 0 0 0 1 1 1 0 0 0 0 1 1 1 1 1 0 1 0 0 1 0 0 0 0 0 0 0 0 1 0 1 0 1 
quality : 98
======================================

========== print chromosome ==========
genes : 0 0 1 1 1 1 0 1 0 1 1 1 0 1 1 0 1 0 0 0 1 1 1 0 0 0 0 1 1 1 1 1 0 1 0 0 1 1 0 0 0 0 0 0 0 1 0 1 0 0 
quality : 98
======================================

========== print chromosome ==========
genes : 0 0 1 1 1 1 0 1 0 1 1 1 0 1 1 0 1 0 0 0 1 1 1 0 0 0 0 1 1 1 1 1 0 1 0 0 0 1 0 0 0 0 0 0 0 1 0 1 0 1 
quality : 98
======================================

========== print chromosome ==========
genes : 0 0 1 1 1 1 0 1 0 1 0 1 0 1 1 0 1 0 0 0 1 1 1 0 0 0 0 1 1 1 1 1 0 1 0 0 1 1 0 0 0 0 0 0 0 1 0 1 0 1 
quality : 98
======================================

========== print chromosome ==========
genes : 0 0 1 1 1 1 0 1 0 1 1 1 1 1 1 0 1 0 0 0 1 1 1 0 0 0 0 1 1 1 1 1 0 1 0 0 1 1 0 0 0 0 0 0 0 1 0 1 0 1 
quality : 98
======================================

========== print chromosome ==========
genes : 0 0 1 1 1 1 0 1 0 1 1 1 0 1 1 0 1 0 0 0 1 1 1 0 0 0 0 1 1 1 1 1 0 1 0 0 1 1 0 0 0 0 0 0 0 1 0 1 0 1 
quality : 98
======================================

========== print chromosome ==========
genes : 0 0 1 1 1 1 0 1 0 1 1 1 0 1 1 0 1 0 0 0 1 1 1 0 0 0 0 1 1 1 1 1 0 1 0 0 1 1 0 0 0 0 0 0 0 1 0 0 0 1 
quality : 98
======================================

========== print chromosome ==========
genes : 0 0 1 1 1 1 0 1 0 1 1 1 0 1 1 0 1 0 0 0 1 1 1 0 1 0 0 1 1 1 1 1 0 1 0 0 1 1 0 0 0 0 0 0 0 1 0 1 0 1 
quality : 98
======================================

========== print chromosome ==========
genes : 0 0 1 1 1 1 0 1 0 1 1 1 0 1 1 0 1 0 0 0 1 1 1 0 0 0 0 1 1 1 1 1 0 1 0 0 1 1 0 0 0 0 0 0 0 1 0 1 0 1 
quality : 98
======================================

========== print chromosome ==========
genes : 0 0 1 1 1 1 0 1 0 1 1 1 0 1 1 0 1 0 0 0 1 1 1 0 0 0 0 1 1 1 1 1 0 1 0 0 1 1 0 0 0 0 0 0 0 1 0 1 0 0 
quality : 98
======================================

========== print final result ==========
Generations evolved: 28179405
Best quality: 98
Mean quality: 97.800003
Standard deviation: 0.894427
======================================

3 4 5 6 8 10 11 12 14 15 17 21 22 23 28 29 30 31 32 34 37 38 46 48 