========== print final result ==========
Generations evolved: 4055931
Best quality: 7636
Mean quality: 7401.600098
Standard deviation: 561.848816
======================================

Number of population: 20

========== print chromosome ==========
genes : 0 0 0 0 0 0 1 1 0 1 0 1 0 0 0 1 0 1 0 0 0 0 0 0 1 1 0 1 1 0 1 0 0 1 0 1 0 0 0 1 0 0 0 0 0 0 0 1 0 1 1 1 0 0 0 0 1 0 0 0 0 0 0 0 1 1 1 0 0 0 1 1 0 0 0 1 0 0 1 0 1 0 0 0 0 1 0 0 0 0 1 0 0 1 0 0 1 1 0 1 1 0 1 0 0 0 0 0 1 0 0 1 0 0 1 0 0 1 1 0 0 0 1 0 1 0 1 0 0 0 1 1 0 0 0 1 0 0 0 1 1 1 1 0 0 0 1 0 1 0 1 1 0 0 0 0 0 0 0 0 1 0 0 1 0 1 1 0 1 0 1 0 0 0 0 0 0 0 1 1 0 1 1 0 1 1 1 0 1 0 1 1 1 0 0 0 0 1 1 0 1 0 1 0 0 1 0 1 1 0 1 1 0 0 0 1 0 0 0 0 1 0 1 0 0 1 0 0 1 0 0 1 0 1 0 0 0 0 0 0 1 1 0 1 0 1 0 0 1 0 0 0 0 0 1 1 0 1 0 1 0 0 0 0 1 0 0 0 1 1 0 0 0 1 0 1 1 0 0 1 0 0 0 0 1 1 1 0 0 0 0 0 1 0 0 0 0 
quality : 6692
======================================

========== print chromosome ==========
genes : 0 0 0 0 0 0 0 1 0 1 0 1 0 0 0 0 0 1 0 0 0 0 0 0 1 1 0 1 1 0 1 0 0 1 0 1 0 0 0 1 0 0 0 0 0 0 0 1 0 1 1 1 0 0 0 0 1 1 0 0 0 0 0 0 1 1 1 0 0 0 1 1 0 0 0 1 0 0 1 0 1 0 1 0 0 1 0 0 0 0 1 0 0 1 0 0 1 1 0 1 0 0 1 0 0 0 0 0 1 1 0 1 0 0 1 0 0 1 1 0 0 0 1 0 1 0 1 0 0 0 1 1 0 0 0 1 0 0 0 1 1 1 1 0 0 0 1 0 1 0 1 1 0 0 0 0 0 0 0 0 1 0 0 1 0 1 1 1 1 0 1 0 0 0 0 0 0 0 1 1 0 1 1 0 1 1 1 0 1 0 1 1 1 0 0 0 0 1 1 0 1 0 0 0 0 1 0 0 1 0 1 1 0 0 0 1 0 0 0 0 1 0 1 0 0 1 0 0 1 0 0 1 1 1 0 0 1 0 0 0 1 1 0 1 0 1 0 0 1 0 0 0 0 0 1 1 0 1 0 1 0 0 0 0 1 0 0 0 1 1 0 0 0 1 0 1 1 0 0 1 0 0 0 0 1 1 1 0 0 0 0 0 1 0 0 0 0 
quality : 5392
======================================

========== print chromosome ==========
genes : 0 0 0 0 0 0 0 1 0 1 0 1 0 0 0 0 0 0 0 0 0 0 0 1 1 1 0 1 1 0 1 0 0 1 0 1 0 0 0 1 0 0 0 0 0 0 0 1 0 1 1 1 0 0 0 0 1 1 0 0 0 0 0 0 1 1 1 0 0 0 1 1 0 0 0 1 0 0 1 1 1 0 1 0 0 1 0 0 0 0 1 0 0 1 0 0 1 1 0 1 0 0 1 0 0 0 0 0 1 0 0 1 0 0 1 0 0 1 1 0 0 0 1 1 1 0 1 0 0 0 1 1 0 0 0 1 0 0 0 1 1 1 1 0 0 0 1 0 1 0 1 1 0 0 0 0 0 0 0 0 1 0 0 1 0 1 1 0 1 0 1 0 1 0 0 0 0 0 1 1 0 1 1 0 1 1 1 0 1 0 1 1 1 0 0 0 0 1 1 0 1 0 1 0 0 1 0 1 1 0 1 1 0 0 0 1 0 0 0 0 1 0 1 0 0 0 0 0 1 0 0 1 0 1 0 0 0 0 0 0 1 1 0 1 0 1 0 1 1 0 0 0 0 0 1 1 0 1 0 1 0 0 0 0 1 0 0 0 1 1 0 0 0 1 0 1 1 0 0 1 0 0 0 0 0 1 1 0 0 0 0 1 1 0 0 0 0 
quality : 7036
======================================

========== print chromosome ==========
genes : 0 0 0 0 0 0 0 1 0 1 0 1 0 0 0 0 0 1 0 0 0 0 0 0 1 1 0 1 1 0 1 0 0 0 0 1 0 0 0 1 0 0 0 0 0 0 1 1 0 1 1 1 0 0 0 0 1 1 0 0 0 0 0 0 1 1 1 0 0 0 1 1 0 0 0 1 0 1 1 0 1 0 1 0 0 1 0 0 0 0 1 0 0 1 1 0 1 1 0 1 0 0 1 0 0 0 0 0 1 0 0 1 0 0 1 0 0 1 1 0 0 0 1 0 1 0 1 0 0 0 1 1 0 0 1 1 0 0 0 1 1 1 1 0 0 0 1 0 1 0 1 1 0 0 0 0 0 0 0 0 1 0 0 1 0 1 1 0 1 0 1 0 0 0 0 0 0 0 1 1 0 1 1 0 1 1 1 0 1 0 1 1 1 0 0 0 0 1 1 0 1 0 1 0 0 1 0 1 1 0 1 1 0 0 0 1 0 0 0 0 1 0 1 0 0 0 0 0 1 0 0 1 0 1 0 0 0 0 0 0 1 1 0 1 0 1 0 0 1 0 0 0 0 0 1 1 0 0 0 1 0 0 0 0 1 0 0 0 1 1 0 0 0 1 0 1 1 0 0 1 0 0 0 0 1 1 1 0 0 0 0 0 1 0 0 0 0 
quality : 6736
======================================

========== print chromosome ==========
genes : 0 0 0 0 0 0 0 1 0 1 0 1 0 0 0 0 0 1 0 0 0 0 0 0 1 1 0 1 1 0 1 0 0 1 0 1 0 0 0 1 0 0 0 0 0 0 0 1 0 1 1 1 0 0 0 0 1 1 0 0 0 0 0 0 1 1 1 0 0 0 1 1 0 0 0 1 0 0 1 0 1 0 1 0 0 1 0 0 0 0 1 0 0 1 0 0 1 1 0 1 0 0 1 0 0 0 0 0 1 0 0 1 0 0 1 0 0 1 1 0 0 0 1 0 1 0 1 0 0 0 1 1 0 0 0 1 0 0 0 1 1 1 1 0 0 0 1 0 1 0 1 1 0 0 0 0 0 0 0 0 1 0 0 1 0 1 1 1 1 0 1 0 0 1 0 0 0 0 1 1 0 1 1 0 1 1 1 0 1 0 1 1 1 0 0 0 0 1 1 0 1 0 1 0 0 1 0 1 1 0 1 1 0 0 0 1 0 0 0 0 1 0 1 0 0 0 0 0 1 0 0 1 0 1 0 0 0 0 0 0 1 1 0 1 0 1 0 0 1 0 0 0 0 0 1 1 0 1 0 1 0 0 0 0 1 0 0 0 1 1 0 0 0 1 0 1 1 0 0 1 0 0 0 0 1 1 1 0 0 0 0 0 1 0 0 0 0 
quality : 7636
======================================

========== print chromosome ==========
genes : 0 0 0 0 0 0 0 1 0 1 0 1 0 0 0 0 0 1 0 0 0 0 0 0 1 0 0 1 1 0 1 0 0 1 0 1 0 0 0 1 0 0 0 0 0 0 0 1 0 1 1 1 0 0 0 0 1 1 0 0 0 0 0 0 1 1 1 0 0 0 1 1 0 0 0 1 0 0 1 0 1 0 1 0 0 1 1 0 0 0 1 0 0 1 0 0 1 1 0 1 0 0 1 0 0 0 0 0 1 0 0 1 0 0 1 0 0 1 1 0 0 0 1 0 1 0 1 0 0 0 1 1 0 0 0 1 0 0 0 1 1 1 1 0 0 0 1 0 1 0 1 1 0 0 0 0 0 0 0 0 1 0 0 1 0 1 0 0 1 0 1 0 1 0 0 0 0 0 1 1 0 1 1 0 1 1 1 0 1 0 1 1 1 0 0 0 0 1 1 0 1 0 1 0 0 1 0 1 1 0 1 1 0 0 0 1 0 0 0 0 1 0 1 0 0 0 0 0 1 0 0 1 0 1 0 0 0 0 0 0 1 1 0 1 0 1 0 0 1 0 0 0 0 0 1 1 0 1 0 1 0 0 0 0 1 0 0 0 1 1 0 0 0 1 0 0 1 0 0 1 0 0 0 0 1 1 1 0 0 0 0 0 1 0 0 0 0 
quality : 7636
======================================

========== print chromosome ==========
genes : 0 0 0 0 0 0 0 1 0 1 0 1 0 0 0 0 0 1 0 0 0 0 0 0 1 1 0 1 1 0 1 0 0 1 0 1 0 0 0 1 0 0 0 0 0 0 0 1 0 1 1 1 0 0 0 0 1 1 0 0 0 0 0 0 1 1 1 0 0 0 1 1 0 0 0 1 0 0 1 0 1 0 1 0 0 1 0 0 0 0 1 0 0 1 0 0 1 1 0 1 0 0 1 0 0 0 0 0 1 0 0 1 0 0 1 0 0 1 1 0 0 0 1 0 1 0 1 0 0 0 1 1 0 0 1 1 0 0 0 1 1 1 1 0 0 0 1 0 1 0 1 1 0 0 0 0 0 0 0 0 1 0 0 1 0 1 1 0 1 0 1 0 0 0 0 0 0 0 1 0 0 1 1 0 1 1 1 0 1 0 1 1 1 0 0 0 0 1 1 0 1 0 1 0 0 1 0 1 1 0 1 1 0 1 0 1 0 0 0 0 1 0 1 0 0 0 0 0 1 0 0 1 0 1 0 0 0 0 0 0 1 1 0 1 0 1 0 0 1 0 0 0 0 0 1 1 0 1 0 1 0 0 0 0 1 0 0 0 1 1 0 0 0 1 0 1 1 0 0 1 0 0 0 0 1 1 1 0 0 0 0 0 1 0 0 0 0 
quality : 7636
======================================

========== print chromosome ==========
genes : 0 0 0 0 0 0 1 1 0 1 0 1 0 0 0 0 0 1 0 0 0 0 0 0 1 1 0 1 1 0 1 0 0 1 0 1 0 0 0 1 0 0 0 0 0 0 0 1 0 1 1 1 0 0 0 0 1 1 0 0 0 0 0 0 1 1 1 0 0 0 1 1 0 0 0 1 0 0 1 0 1 0 0 0 0 1 0 0 0 0 1 0 0 1 0 0 1 1 0 1 0 0 1 0 0 0 0 0 1 0 0 1 0 0 1 0 0 1 1 0 0 0 1 0 1 0 1 0 0 0 1 1 0 0 0 1 0 0 0 1 1 1 1 0 0 0 1 0 1 0 1 1 0 0 0 0 0 0 0 0 1 0 0 1 0 1 1 0 1 0 1 0 0 0 0 0 0 0 1 1 0 1 1 0 1 1 1 0 1 0 1 1 1 0 0 0 0 1 1 0 1 0 1 0 0 1 0 1 1 0 1 1 0 0 0 1 0 0 0 0 1 0 1 0 0 0 0 0 1 0 1 1 0 1 0 0 0 0 0 0 1 1 0 1 0 1 0 0 1 0 0 0 0 0 1 1 0 1 0 1 0 0 0 0 1 0 0 0 1 1 0 0 0 0 0 1 1 0 0 1 0 0 0 0 1 1 1 0 0 0 0 0 1 0 0 0 0 
quality : 7636
======================================

========== print chromosome ==========
genes : 0 0 0 0 0 0 0 1 0 1 0 1 0 0 0 0 0 1 0 0 0 0 0 1 1 1 0 1 1 0 1 0 0 1 0 1 0 0 1 1 0 0 0 0 0 0 0 1 0 1 1 1 0 0 0 0 1 1 0 0 0 0 0 0 1 1 1 0 0 0 1 1 0 0 0 1 0 0 1 0 1 0 0 0 0 1 0 0 0 0 1 0 0 1 0 0 1 1 0 1 0 0 1 0 0 0 0 0 1 0 0 1 0 0 1 0 0 1 1 0 0 0 1 0 1 0 1 0 0 0 1 1 0 0 0 1 0 0 0 1 1 1 1 0 0 0 1 0 1 0 1 1 0 0 0 0 0 0 0 0 1 0 0 1 0 1 1 0 1 0 1 0 0 0 0 0 0 0 1 1 0 1 1 0 1 1 1 0 1 0 1 1 1 0 0 0 0 1 1 0 1 0 1 0 0 1 0 1 1 0 1 1 0 0 0 1 0 0 1 0 1 0 1 0 0 0 0 0 1 0 0 1 0 1 0 0 0 0 0 1 1 1 0 1 0 1 0 0 1 0 0 0 0 0 1 1 0 1 0 1 0 0 0 0 1 0 0 0 1 1 0 0 0 1 0 1 1 0 0 1 0 0 0 0 1 1 1 0 0 0 0 0 1 0 0 1 0 
quality : 7636
======================================

========== print chromosome ==========
genes : 0 0 0 0 0 0 0 1 0 1 0 1 0 0 0 0 0 1 0 0 0 0 0 0 1 1 0 1 1 0 1 0 0 1 0 1 0 0 0 1 0 0 0 0 0 0 0 1 0 1 1 1 0 0 0 0 1 1 0 0 0 0 0 0 1 1 1 0 0 0 1 1 0 0 0 1 0 0 1 0 1 0 1 0 0 1 0 0 0 0 1 0 0 1 0 0 1 1 0 1 0 0 1 0 0 0 0 0 1 0 0 1 0 0 1 0 0 1 1 0 0 0 1 0 1 0 1 0 0 0 1 1 0 0 0 1 0 0 0 1 1 1 1 0 0 1 1 0 1 0 1 1 0 0 0 0 0 0 0 0 1 0 0 1 0 1 1 0 1 0 1 0 0 0 0 0 0 0 1 1 0 1 1 0 1 1 1 0 1 0 1 1 1 0 0 0 0 1 1 0 1 0 1 0 0 1 0 1 1 0 1 1 0 0 0 1 0 0 0 0 1 0 1 0 0 0 0 0 1 0 0 1 0 1 0 0 0 0 0 0 1 1 0 1 0 1 0 0 1 0 0 0 0 0 1 1 0 1 0 1 0 0 0 0 1 0 0 0 1 1 0 0 0 1 0 1 1 0 0 1 0 0 0 0 1 1 1 0 0 0 0 0 1 0 0 0 0 
quality : 7636
======================================

========== print chromosome ==========
genes : 0 0 0 0 0 0 0 1 0 1 0 1 0 0 0 0 0 1 0 0 0 0 0 0 1 1 0 1 1 0 1 0 0 1 0 1 0 0 0 1 0 0 0 0 0 0 0 1 0 1 1 1 0 0 0 0 1 1 0 0 0 0 0 0 1 1 1 0 0 0 1 1 0 0 0 1 0 0 1 0 1 0 1 0 0 1 0 0 0 0 1 0 0 1 0 0 1 1 0 1 0 0 1 0 0 0 0 0 1 0 0 1 1 0 1 0 0 1 1 0 0 0 1 0 1 0 1 0 0 0 1 1 0 0 0 1 0 0 0 1 1 1 1 0 0 0 1 0 1 0 0 1 0 0 0 0 0 0 0 0 1 0 0 1 0 1 1 0 1 0 1 0 0 0 0 0 0 0 1 1 0 1 1 0 1 1 1 0 1 0 1 1 1 0 0 0 0 1 1 0 1 0 1 0 0 1 0 1 1 0 1 1 0 0 0 1 0 0 0 0 1 0 1 0 0 0 0 0 1 0 0 1 0 1 0 0 0 0 0 0 1 1 0 1 0 1 0 0 1 0 0 0 0 0 1 1 0 1 0 1 0 0 0 0 1 0 0 0 1 1 0 0 0 1 0 1 1 0 0 1 0 0 0 0 1 1 1 0 0 0 0 0 1 0 0 0 0 
quality : 7636
======================================

========== print chromosome ==========
genes : 0 0 0 0 0 0 0 1 0 1 0 1 0 0 0 0 0 1 0 0 0 0 0 0 1 1 0 1 1 0 1 0 0 1 0 1 0 0 0 1 0 0 0 0 0 0 0 1 0 1 1 1 0 0 0 0 1 1 0 0 0 0 0 0 1 1 1 0 0 0 1 1 0 0 0 1 0 0 1 0 1 0 1 0 0 1 0 0 0 0 1 0 0 0 0 0 1 1 0 1 0 0 1 0 0 0 0 0 1 0 0 1 0 0 1 0 0 1 1 0 0 0 1 0 1 0 1 0 0 0 1 1 0 0 0 1 0 0 0 1 1 1 1 0 0 1 1 0 1 0 1 1 0 0 0 0 0 0 0 0 1 0 0 1 0 1 1 0 1 0 1 0 0 0 0 0 0 0 1 1 0 1 1 0 1 1 1 0 1 0 1 1 1 0 0 0 0 1 1 0 1 0 1 0 0 1 0 1 1 0 1 1 0 0 0 1 0 0 0 0 1 0 1 0 0 0 0 0 1 0 0 1 0 1 0 0 0 0 0 0 1 1 0 1 0 1 0 0 1 0 0 0 0 0 1 1 0 1 0 1 0 0 0 0 1 0 0 0 1 1 0 0 0 1 0 1 1 0 0 1 0 0 0 0 1 1 1 0 0 0 0 0 1 0 0 0 0 
quality : 7636
======================================

========== print chromosome ==========
genes : 0 0 0 0 0 0 0 1 0 1 0 1 0 0 0 0 0 1 0 0 0 0 0 0 1 1 0 1 1 0 1 0 0 1 1 1 0 0 0 1 0 0 0 0 0 0 0 1 0 1 1 1 0 0 0 0 1 1 0 0 0 0 0 0 1 1 1 0 0 0 1 1 0 0 0 1 0 0 1 0 1 0 1 0 0 1 0 0 0 0 1 0 0 1 0 0 0 1 0 1 0 0 1 0 0 0 0 0 1 0 0 1 0 0 1 0 0 1 1 0 0 0 1 0 1 0 1 0 0 0 1 1 0 0 0 1 0 0 0 1 1 1 1 0 0 0 1 0 1 0 0 1 0 0 0 0 0 0 0 0 1 0 0 1 0 1 1 0 1 0 1 0 0 0 0 0 0 0 1 1 0 1 1 0 1 1 1 0 1 0 1 1 1 0 0 0 0 1 1 0 1 0 1 0 0 1 0 1 1 0 1 1 0 0 0 1 0 0 0 0 1 0 1 0 0 0 0 0 1 0 0 1 0 1 0 0 0 0 0 0 1 1 0 1 0 1 0 0 1 0 0 0 0 0 1 1 0 1 0 1 0 0 0 0 1 0 0 0 1 1 0 0 0 1 0 1 1 0 0 1 0 0 0 0 1 1 1 0 0 0 0 0 1 0 0 0 0 
quality : 7636
======================================

========== print chromosome ==========
genes : 0 0 0 0 0 0 0 1 0 1 0 1 0 0 0 0 0 1 0 0 0 0 0 1 1 1 0 1 1 0 1 0 0 1 0 1 0 0 0 1 0 0 0 0 0 0 0 1 0 1 1 1 0 0 0 0 1 1 0 0 0 0 0 0 1 1 1 0 0 0 1 1 0 0 0 1 0 0 1 0 1 0 1 0 0 1 0 0 0 0 1 0 0 1 0 0 1 1 0 1 0 0 1 0 0 0 0 0 1 0 0 1 0 0 1 0 0 1 1 0 0 0 1 0 1 0 1 0 0 0 1 1 0 0 0 1 0 0 0 1 1 1 1 0 0 0 1 0 1 0 1 1 0 0 0 0 0 0 0 0 1 0 0 1 0 1 1 0 1 0 1 0 0 0 0 0 0 0 1 1 0 1 1 0 1 1 1 0 1 0 1 1 1 0 0 0 0 1 1 0 1 0 1 0 0 1 0 1 1 0 1 1 0 0 0 1 0 0 0 0 1 0 1 0 0 0 0 0 1 0 0 1 0 1 0 0 0 0 0 0 1 1 0 1 0 1 0 0 1 0 0 0 0 0 1 1 0 1 0 1 1 0 0 0 1 0 0 0 1 1 0 0 0 1 0 1 1 0 0 1 0 0 0 0 1 1 1 0 0 0 0 0 1 0 0 0 0 
quality : 7636
======================================

========== print chromosome ==========
genes : 0 0 0 0 0 0 0 1 0 1 0 1 0 0 0 0 0 1 0 0 0 0 0 0 1 1 0 1 1 0 1 0 0 1 0 1 0 0 0 1 0 0 0 0 0 0 0 1 0 1 1 1 0 0 0 0 1 1 1 0 0 0 0 0 1 1 1 0 0 0 1 1 0 0 0 1 0 0 1 0 1 0 1 0 0 1 0 0 1 0 1 0 0 1 0 0 1 1 0 1 0 0 1 0 0 0 0 0 1 0 0 1 0 0 1 0 0 1 1 0 0 0 1 0 1 0 1 0 0 0 1 1 0 0 0 1 0 0 0 1 1 1 1 0 0 0 1 0 1 0 1 1 0 0 0 0 0 0 0 0 1 0 0 1 0 1 1 0 1 0 1 0 0 0 0 0 0 0 1 1 0 1 1 0 1 1 1 0 1 0 1 1 1 0 0 0 1 1 1 0 1 0 1 0 0 1 0 1 1 0 1 1 0 0 0 1 0 0 1 0 1 0 1 0 0 0 0 0 1 0 0 1 0 1 0 0 0 0 0 0 1 1 0 1 0 1 0 0 1 0 0 0 0 0 1 1 0 1 0 1 0 0 0 0 1 1 0 0 1 1 0 0 0 1 0 1 1 0 0 1 0 0 0 0 1 1 1 0 1 0 0 0 1 0 0 0 0 
quality : 7636
======================================

========== print chromosome ==========
genes : 0 0 0 0 0 0 0 1 0 1 0 1 0 0 0 0 0 1 0 0 0 0 0 0 1 1 0 1 1 0 1 0 0 1 0 1 0 0 0 1 0 0 0 0 0 0 0 1 1 1 1 1 0 0 0 0 1 1 0 0 0 0 0 0 1 1 1 0 0 0 1 1 0 0 0 1 0 0 1 0 1 0 1 0 0 1 0 0 0 0 1 0 0 1 0 0 1 1 1 1 0 0 1 0 0 0 0 0 1 0 0 1 0 0 1 0 0 1 1 0 0 0 1 0 1 0 1 0 0 0 1 1 0 0 0 1 0 0 0 1 1 1 1 0 0 0 1 0 1 0 1 1 0 0 0 0 0 0 0 1 1 0 0 1 0 1 1 0 1 0 1 0 0 0 0 0 0 0 1 1 0 1 1 0 1 1 1 0 1 0 1 1 1 0 0 0 0 1 1 0 1 0 1 0 0 1 0 1 1 0 1 0 0 0 0 1 0 0 0 0 1 0 1 0 0 0 0 0 1 0 0 1 0 1 0 0 0 0 0 0 1 1 0 1 0 1 0 1 1 0 0 0 0 0 1 1 0 1 0 1 0 0 0 0 1 0 0 0 1 1 0 0 0 1 0 1 1 0 0 1 0 0 0 0 1 1 1 0 0 0 0 0 1 0 0 0 0 
quality : 7636
======================================

========== print chromosome ==========
genes : 0 0 0 0 0 0 0 1 0 1 0 1 0 0 0 0 0 1 0 0 0 0 0 0 0 1 0 1 1 0 1 0 0 1 0 1 0 0 0 1 0 0 0 0 0 0 0 1 0 1 1 1 0 0 0 0 1 1 0 0 0 0 0 0 1 1 1 0 0 0 1 1 0 0 0 1 0 0 1 0 1 0 1 0 0 1 0 0 0 0 1 0 0 1 1 0 1 1 0 1 0 0 1 0 0 0 0 0 1 0 0 1 0 0 1 0 0 1 1 0 0 0 1 0 1 0 1 0 0 0 1 1 0 0 0 1 0 0 0 1 1 1 1 0 0 0 1 0 1 0 1 1 0 0 0 0 0 0 0 0 1 0 0 1 0 1 1 0 1 0 1 0 0 0 0 0 0 0 1 1 0 1 1 0 1 1 1 0 1 0 1 1 1 0 0 0 0 1 1 0 1 0 1 0 0 1 0 1 1 0 1 1 0 0 0 1 0 0 0 0 1 0 1 0 0 0 0 0 1 0 0 1 0 1 0 0 0 0 0 0 1 1 0 1 0 1 0 0 1 0 0 0 0 0 1 1 0 1 0 1 0 0 0 0 1 0 0 0 0 1 0 0 0 1 0 1 1 0 0 1 0 0 0 0 1 1 1 0 0 0 0 0 1 0 0 0 1 
quality : 7636
======================================

========== print chromosome ==========
genes : 0 0 0 0 0 0 0 1 0 1 0 1 0 0 0 0 0 1 0 0 0 0 0 0 1 1 0 1 1 0 1 0 0 1 0 1 0 0 0 1 0 0 0 0 0 0 0 1 0 1 1 1 0 0 0 0 1 1 0 0 0 0 0 0 1 1 1 0 0 0 1 1 0 0 0 1 0 0 1 0 1 0 1 0 0 1 0 0 0 0 1 0 0 1 0 0 1 1 0 1 1 0 1 0 0 0 0 0 1 0 0 1 0 0 1 0 0 1 1 0 0 0 1 0 1 0 1 0 0 0 1 1 0 0 0 1 0 0 0 1 1 1 1 0 0 0 1 0 1 0 1 1 0 0 1 0 0 0 0 0 1 0 0 1 0 1 1 0 1 0 1 0 0 0 0 0 0 0 1 1 0 1 1 0 1 1 1 0 1 0 1 1 1 0 0 0 0 1 1 0 1 0 1 0 0 1 0 1 1 0 1 1 0 0 0 1 0 0 0 0 1 0 1 0 0 0 0 0 1 0 0 1 0 1 0 0 0 0 0 0 1 1 0 1 0 1 0 0 1 0 0 0 0 0 1 1 0 1 0 1 0 0 0 0 1 0 0 0 1 1 0 0 0 1 0 1 1 0 0 1 0 0 0 0 1 1 1 0 0 0 0 0 1 0 0 0 0 
quality : 7636
======================================

========== print chromosome ==========
genes : 0 0 0 0 0 0 0 1 0 1 0 1 0 0 0 0 0 1 0 0 0 0 0 0 1 1 0 1 1 0 1 0 0 1 0 1 0 0 0 1 0 0 0 0 0 0 0 1 0 1 1 1 0 0 0 0 1 1 0 0 0 0 0 0 1 1 1 0 0 0 1 1 0 0 0 1 0 0 1 0 1 0 1 0 0 1 0 0 0 0 1 0 0 1 0 0 0 1 0 1 0 0 1 0 0 0 0 0 1 0 0 1 0 0 1 0 0 1 1 0 0 0 1 0 1 0 1 0 0 0 1 1 0 0 0 1 0 0 0 1 1 1 1 0 0 0 1 0 1 0 1 1 0 0 0 0 0 0 0 0 1 0 0 1 0 1 1 0 1 0 1 0 0 0 0 0 0 0 1 1 0 1 1 0 1 1 1 0 1 0 1 1 1 0 0 0 0 1 1 0 1 0 1 0 0 1 0 1 1 0 1 1 0 0 0 1 0 0 0 0 1 0 1 0 0 0 0 0 1 0 0 1 0 1 0 0 0 0 0 0 1 1 0 1 0 1 0 0 1 0 0 0 0 0 1 1 0 1 0 1 0 0 0 0 1 0 0 0 1 1 0 0 0 1 0 1 1 0 0 1 0 0 0 0 1 1 1 0 0 0 0 0 1 0 0 0 0 
quality : 7636
======================================

========== print chromosome ==========
genes : 0 0 0 0 0 0 0 1 0 1 0 1 0 0 0 0 0 1 0 0 0 0 0 0 1 1 0 1 1 0 1 0 0 1 0 1 0 0 0 1 0 0 0 0 0 0 0 1 0 1 1 1 0 0 0 0 1 1 0 0 0 0 0 0 1 1 1 0 0 0 1 1 0 0 0 1 0 0 1 0 1 0 1 0 0 1 0 0 0 0 1 0 0 1 0 0 1 1 0 1 0 0 1 0 0 0 0 0 1 0 0 1 0 0 1 0 0 1 1 0 0 0 1 0 1 0 1 0 0 0 1 1 0 0 0 1 0 0 0 1 1 1 1 0 0 0 1 0 1 0 1 1 0 0 0 0 0 0 0 0 1 0 0 1 0 1 1 0 1 0 1 0 0 0 0 0 0 0 1 1 0 1 1 0 1 1 1 0 1 0 1 1 1 0 0 0 0 1 1 0 1 0 1 0 0 1 0 1 1 0 1 1 0 0 0 1 0 0 0 0 1 0 1 0 0 0 0 0 1 0 0 1 0 1 0 0 0 0 0 0 1 1 0 1 0 1 0 0 1 1 0 0 0 0 1 1 0 1 0 1 0 0 0 0 1 0 0 0 1 1 0 0 0 1 0 1 1 0 0 1 0 0 0 0 1 1 1 0 0 0 0 0 1 0 0 0 0 
quality : 7636
======================================

========== print final result ==========
Generations evolved: 4055931
Best quality: 7636
Mean quality: 7401.600098
Standard deviation: 561.848816
======================================

8 10 12 18 25 26 28 29 31 34 36 40 48 50 51 52 57 58 65 66 67 71 72 76 79 81 83 86 91 94 97 98 100 103 109 112 115 118 119 123 125 127 131 132 136 140 141 142 143 147 149 151 152 161 164 166 167 169 171 179 180 182 183 185 186 187 189 191 192 193 198 199 201 203 206 208 209 211 212 216 221 223 229 232 234 241 242 244 246 249 250 255 256 258 260 265 269 270 274 276 277 280 285 286 287 293 