========== print final result ==========
Generations evolved: 25928081
Best quality: 96
Mean quality: 96.000000
Standard deviation: 0.000000
======================================

Number of population: 20

========== print chromosome ==========
genes : 1 1 0 0 0 0 0 0 1 1 0 0 1 0 0 1 1 1 1 1 1 1 1 1 1 1 0 0 0 0 0 0 0 0 1 1 0 1 1 1 1 0 1 0 1 1 0 0 0 0 
quality : 96
======================================

========== print chromosome ==========
genes : 1 1 0 0 0 0 0 0 1 1 0 0 1 0 0 1 1 1 1 1 1 1 1 1 1 1 0 0 0 0 0 0 0 0 1 1 0 1 1 1 1 0 1 0 1 1 0 0 0 0 
quality : 96
======================================

========== print chromosome ==========
genes : 1 1 0 0 0 0 0 0 1 1 0 0 1 0 0 1 1 1 1 1 1 1 1 1 1 1 0 0 0 0 0 0 0 0 1 1 0 1 1 1 1 0 1 0 1 1 0 0 0 0 
quality : 96
======================================

========== print chromosome ==========
genes : 1 1 0 0 0 0 0 0 1 1 0 0 1 0 0 1 1 1 1 1 1 1 1 1 1 1 0 0 0 0 0 0 0 0 1 1 0 1 1 1 1 0 1 0 1 1 0 0 0 0 
quality : 96
======================================

========== print chromosome ==========
genes : 1 1 0 0 0 0 0 0 1 1 0 0 1 0 0 1 1 1 1 1 1 1 1 1 1 1 0 0 0 0 0 0 0 0 1 1 0 1 1 1 1 0 1 0 1 1 0 0 0 0 
quality : 96
======================================

========== print chromosome ==========
genes : 1 1 0 1 0 0 0 0 1 1 0 0 1 0 0 1 1 1 1 1 0 1 1 1 1 1 0 0 0 0 0 0 0 0 1 1 0 1 1 1 1 0 1 0 1 1 0 0 0 0 
quality : 96
======================================

========== print chromosome ==========
genes : 1 1 0 0 0 0 0 0 1 1 0 0 1 0 0 1 1 1 1 1 1 1 1 1 1 1 0 0 0 0 0 0 0 0 1 1 0 1 1 1 1 0 1 0 1 1 0 0 0 0 
quality : 96
======================================

========== print chromosome ==========
genes : 1 1 0 0 0 0 0 0 1 1 0 0 1 0 0 1 1 1 1 1 1 1 1 1 1 1 0 0 0 0 0 0 0 0 1 1 0 1 1 1 1 0 1 0 1 1 0 0 0 0 
quality : 96
======================================

========== print chromosome ==========
genes : 1 1 0 0 0 0 0 0 1 1 0 0 1 0 0 1 1 1 1 1 1 1 1 1 1 1 0 0 0 0 0 0 0 0 1 1 0 1 1 1 1 0 1 0 1 1 0 0 0 0 
quality : 96
======================================

========== print chromosome ==========
genes : 1 1 0 0 0 0 0 0 1 1 0 0 1 0 0 1 1 1 1 1 1 1 1 1 1 1 0 0 0 0 0 0 0 0 1 1 0 1 1 1 1 0 1 0 1 1 0 0 0 0 
quality : 96
======================================

========== print chromosome ==========
genes : 1 1 0 0 0 0 0 0 1 1 0 0 1 0 0 1 1 1 1 1 1 1 1 1 1 1 0 0 0 0 0 0 0 0 1 1 0 1 1 1 0 0 1 0 1 1 0 0 0 0 
quality : 96
======================================

========== print chromosome ==========
genes : 1 1 0 0 0 0 0 0 1 1 0 0 1 0 0 1 1 1 1 1 1 1 1 1 1 1 0 0 0 0 0 0 0 0 1 1 0 1 1 1 1 0 1 0 1 1 0 0 0 0 
quality : 96
======================================

========== print chromosome ==========
genes : 1 1 0 0 0 0 0 0 1 1 0 0 1 0 0 1 1 1 1 1 1 1 1 1 1 1 0 0 0 0 0 0 0 0 1 0 0 1 1 1 1 0 1 0 1 1 0 0 0 0 
quality : 96
======================================

========== print chromosome ==========
genes : 1 1 0 0 0 0 0 0 1 1 0 0 1 0 0 1 1 1 1 1 1 1 1 1 1 1 0 0 0 0 0 0 0 0 1 1 0 1 1 1 1 0 1 0 1 1 0 0 0 0 
quality : 96
======================================

========== print chromosome ==========
genes : 1 1 0 0 0 0 0 0 1 1 0 0 1 0 0 1 1 1 1 1 1 1 1 1 1 1 0 0 0 0 0 0 0 0 1 1 0 1 1 1 1 0 1 0 1 1 0 0 0 0 
quality : 96
======================================

========== print chromosome ==========
genes : 1 1 0 0 0 0 0 0 1 1 0 0 1 0 0 1 1 1 1 1 1 1 1 1 1 1 0 0 0 0 0 0 0 0 1 1 0 1 1 1 1 0 1 0 1 1 0 0 0 0 
quality : 96
======================================

========== print chromosome ==========
genes : 1 1 0 0 0 0 0 0 1 1 0 0 1 0 0 1 1 1 1 1 1 1 1 1 1 1 0 0 0 0 0 0 0 0 1 1 0 1 1 1 1 0 1 0 1 1 0 0 0 0 
quality : 96
======================================

========== print chromosome ==========
genes : 1 1 0 0 0 0 0 0 1 1 0 0 1 0 0 1 1 1 1 1 1 1 1 1 1 1 0 0 0 0 0 0 0 0 1 1 0 1 1 1 1 0 1 0 1 1 0 0 0 0 
quality : 96
======================================

========== print chromosome ==========
genes : 1 1 0 0 0 0 0 0 1 1 0 0 1 0 0 1 1 1 1 1 1 1 0 1 1 1 0 0 0 0 0 0 0 0 1 1 0 1 1 1 1 0 1 0 1 1 0 0 0 0 
quality : 96
======================================

========== print chromosome ==========
genes : 1 1 0 0 0 0 0 0 1 1 0 0 1 0 0 1 1 1 1 1 1 1 1 1 1 1 0 0 0 0 0 0 0 0 1 1 0 1 1 1 1 0 1 0 1 1 0 0 0 0 
quality : 96
======================================

========== print final result ==========
Generations evolved: 25928081
Best quality: 96
Mean quality: 96.000000
Standard deviation: 0.000000
======================================

1 2 9 10 13 16 17 18 19 20 21 22 23 24 25 26 35 36 38 39 40 41 43 45 46 