========== print final result ==========
Generations evolved: 508225
Best quality: 4400
Mean quality: 4381.649902
Standard deviation: 28.562542
======================================

Number of population: 20

========== print chromosome ==========
genes : 0 1 0 1 1 1 1 0 0 0 1 0 1 0 1 1 1 0 1 0 0 0 0 0 0 1 0 0 0 1 0 0 1 1 1 0 0 0 0 1 1 0 0 0 0 1 0 1 1 0 1 0 0 1 1 0 0 1 0 0 1 1 0 0 1 1 1 0 0 1 0 0 0 0 1 1 1 0 1 0 0 0 0 1 0 1 0 1 1 1 1 0 0 0 1 1 1 1 0 0 0 0 0 0 1 0 1 1 0 0 1 0 0 0 0 1 0 0 1 0 0 0 0 0 1 1 1 1 1 1 1 0 0 0 1 1 1 0 0 1 1 0 1 0 0 0 0 0 0 0 0 1 1 1 0 0 0 0 1 0 1 0 0 1 1 1 1 1 0 0 0 1 0 0 1 0 1 0 1 1 1 1 1 1 1 1 1 1 1 0 1 0 0 0 1 1 1 0 0 1 1 0 1 0 0 1 1 0 0 1 1 1 1 1 1 0 0 0 1 1 0 0 1 0 1 0 1 0 1 0 1 0 0 1 0 1 0 1 1 0 0 1 1 1 0 1 1 0 0 0 1 1 0 1 0 0 1 1 0 0 1 0 1 0 0 1 1 1 0 0 0 0 0 1 0 0 0 1 1 1 1 1 1 1 0 1 1 1 0 0 1 1 1 1 0 1 1 0 0 1 0 1 0 0 1 1 1 1 0 0 0 0 1 0 1 1 0 1 1 0 1 1 1 0 1 0 0 0 1 1 1 1 1 0 1 1 1 0 1 0 1 1 1 1 0 0 1 0 1 1 1 0 0 1 0 0 1 0 1 1 0 1 1 1 0 1 1 0 1 1 0 0 0 0 0 1 1 0 0 1 1 0 0 1 0 1 0 0 1 0 1 1 1 0 0 1 1 0 1 0 0 0 0 0 1 0 0 0 1 0 0 0 0 1 0 1 0 0 0 0 0 0 1 1 1 0 0 1 1 1 0 1 1 0 1 0 0 0 0 0 1 1 1 0 0 0 1 1 0 0 0 0 0 0 1 0 0 1 1 1 1 0 1 1 0 1 0 1 0 1 1 0 0 1 1 0 0 0 1 0 0 1 1 0 0 0 0 0 0 0 0 0 1 0 1 1 1 0 0 1 
quality : 4337
======================================

========== print chromosome ==========
genes : 0 1 0 1 1 1 1 1 0 0 1 0 1 0 1 1 1 0 1 0 0 0 0 0 0 1 0 0 0 1 0 0 1 1 1 0 0 0 0 1 1 0 0 0 0 1 0 1 1 0 1 0 0 1 1 1 0 1 0 0 1 1 0 0 1 1 1 0 0 1 0 0 0 0 1 1 1 0 1 0 0 0 0 1 0 1 0 1 1 1 1 0 0 0 1 0 1 1 0 0 0 0 0 0 1 0 1 1 0 0 1 0 0 0 0 1 0 0 1 0 0 0 0 0 1 0 1 1 1 1 1 0 0 0 1 1 1 0 0 1 1 0 1 0 0 0 0 0 0 0 0 1 1 1 0 0 0 0 1 0 1 0 0 1 1 1 1 1 0 0 0 1 0 0 1 0 1 0 1 1 1 1 1 1 1 1 0 1 1 0 1 0 0 1 0 1 1 0 0 1 1 0 1 0 0 1 1 0 0 1 1 1 1 1 1 0 0 0 1 1 0 0 1 0 1 1 1 0 1 0 1 1 1 1 1 1 0 1 1 0 0 1 1 1 0 1 1 0 1 0 1 1 0 1 0 0 1 1 0 0 1 0 1 1 0 0 1 1 0 1 0 0 0 1 0 0 0 1 1 1 1 1 0 1 1 1 1 1 0 0 1 1 1 1 0 1 1 0 0 1 0 1 0 0 1 1 1 1 0 0 0 0 1 0 1 1 0 1 1 0 1 1 1 0 1 0 0 0 1 1 1 1 1 0 1 1 1 0 0 0 1 1 1 1 0 0 1 0 1 1 1 0 0 1 0 0 1 0 1 1 0 1 1 1 1 1 1 0 1 1 0 0 0 0 1 1 1 0 0 1 1 0 0 1 0 1 0 0 1 0 1 1 1 0 0 1 1 0 1 1 0 0 0 0 0 0 0 0 1 0 0 0 0 1 0 1 0 0 0 0 0 0 1 1 1 0 0 1 1 1 0 1 1 0 1 1 0 0 0 0 1 1 1 0 0 0 1 1 0 0 1 0 0 0 1 0 0 1 1 0 1 0 1 1 0 1 0 1 0 1 1 0 0 1 1 0 0 0 1 0 0 1 1 0 0 1 1 0 0 0 0 0 1 0 1 1 1 0 0 1 
quality : 4335
======================================

========== print chromosome ==========
genes : 0 1 0 1 1 1 1 0 0 0 1 0 1 0 1 1 1 0 1 0 0 0 0 0 0 1 0 0 0 1 0 0 1 1 1 0 0 0 0 1 1 0 0 0 0 1 0 1 1 0 1 0 0 1 1 1 0 1 0 0 1 1 0 0 1 1 1 0 0 1 0 0 0 0 0 1 1 0 1 0 0 0 0 0 0 1 0 1 1 1 1 0 0 0 1 1 1 1 0 0 0 0 0 0 1 0 0 1 0 0 1 0 1 0 0 1 0 0 1 0 0 0 0 0 1 0 1 1 1 1 1 0 0 0 1 1 1 0 0 1 1 0 1 0 0 1 0 0 0 0 0 1 1 1 0 0 0 0 1 0 1 0 0 1 1 1 1 0 0 0 0 1 0 0 1 0 1 0 0 1 1 1 1 1 1 1 0 1 1 0 1 0 0 1 1 1 1 0 0 1 1 0 1 0 1 1 1 0 0 1 1 1 1 1 1 0 0 0 1 1 0 0 1 0 1 1 1 0 1 1 1 1 1 1 0 1 0 1 0 0 0 1 1 1 0 1 1 0 1 0 1 1 0 1 0 0 1 1 0 0 1 0 1 1 0 0 1 1 0 0 0 0 0 1 0 0 0 1 1 1 1 1 1 1 0 1 1 1 0 0 1 1 1 1 0 1 1 0 0 1 0 1 0 0 1 1 0 1 0 0 0 0 1 0 1 1 0 1 1 0 1 0 1 0 1 0 0 0 1 1 1 1 1 0 1 1 1 0 1 0 1 0 1 1 1 0 1 0 1 1 1 0 0 1 0 0 1 0 1 1 0 1 1 1 1 1 1 1 0 1 1 0 0 0 0 1 1 0 0 1 1 0 0 1 0 1 0 0 1 0 1 1 1 0 0 1 1 0 1 1 0 0 0 0 0 0 0 0 1 1 0 0 0 1 0 1 0 0 0 0 0 0 1 1 1 0 1 1 1 1 0 1 1 0 1 1 0 0 0 0 1 1 1 0 0 0 1 1 0 0 0 0 0 0 1 1 0 1 1 1 1 0 1 1 0 1 0 1 0 1 1 0 0 1 1 0 0 0 1 0 0 1 1 0 0 0 0 0 0 0 0 0 1 0 1 1 1 0 0 1 
quality : 4317
======================================

========== print chromosome ==========
genes : 0 1 0 1 1 1 1 0 0 0 1 0 1 0 1 1 1 0 1 0 0 0 0 0 0 1 0 0 0 1 0 0 1 1 1 0 0 0 0 1 1 0 0 0 0 1 0 1 1 0 1 0 0 1 1 1 0 1 0 0 1 1 0 0 1 1 1 0 0 1 0 0 0 0 1 1 1 0 1 0 0 0 0 1 0 1 0 1 1 1 1 0 0 0 1 0 1 1 0 1 0 0 0 0 1 0 1 1 0 0 1 0 0 0 0 1 0 0 1 0 0 0 1 0 1 0 1 1 1 1 1 0 0 0 1 1 1 0 0 1 1 0 1 0 0 0 0 1 0 0 0 1 1 1 0 0 0 0 1 0 1 0 0 1 1 1 1 1 0 0 0 1 0 0 1 0 1 0 1 1 1 1 1 1 1 1 0 0 1 0 0 0 0 1 1 1 1 0 0 0 1 0 1 0 0 1 1 0 0 1 1 1 1 1 1 0 0 1 1 1 0 0 1 0 1 1 1 0 1 0 1 1 1 1 0 1 0 1 1 0 0 1 1 1 0 1 1 0 1 0 1 1 0 1 0 0 1 1 0 0 1 0 1 1 0 0 0 1 0 0 0 0 0 1 0 0 0 1 1 1 1 1 1 1 1 1 1 0 0 1 1 1 1 1 0 1 1 0 0 1 0 1 0 0 1 1 1 1 0 0 0 0 1 0 1 1 0 1 0 0 1 1 1 0 1 1 0 0 1 1 1 1 1 0 1 1 1 0 1 0 1 1 1 1 0 0 1 0 1 1 1 0 0 1 0 0 1 0 1 1 0 1 1 1 1 1 1 0 1 1 0 0 0 0 0 1 1 0 0 1 1 0 0 1 0 1 0 0 1 0 1 1 1 0 0 1 1 0 1 1 0 0 0 0 0 0 0 0 0 0 0 0 0 1 0 1 0 0 0 0 0 0 1 1 1 0 0 1 1 1 0 1 1 0 1 1 0 0 0 0 1 1 1 0 0 0 1 1 0 0 0 0 0 0 1 0 0 1 1 1 1 0 1 1 0 1 0 1 0 1 1 0 0 1 1 0 0 0 1 0 0 1 1 0 0 0 0 0 0 0 0 0 1 0 1 1 1 0 0 1 
quality : 4318
======================================

========== print chromosome ==========
genes : 0 1 0 1 1 1 1 0 0 0 1 0 1 0 1 1 1 0 1 0 0 0 0 0 0 1 0 0 0 1 0 0 1 1 1 0 0 0 0 1 1 0 0 0 0 1 0 1 1 0 1 0 0 1 1 1 0 1 0 0 1 1 0 0 1 1 1 0 0 1 0 0 0 0 1 1 1 0 1 0 0 0 0 1 0 1 0 1 1 1 1 0 0 0 1 0 1 1 0 1 0 0 0 0 1 0 1 1 0 0 1 0 0 0 0 1 0 0 1 0 0 0 1 0 1 0 1 1 1 1 1 0 0 0 1 1 1 0 0 1 1 0 1 0 0 0 0 1 0 0 0 1 1 1 0 0 0 0 1 0 1 0 0 1 1 1 1 1 0 0 0 1 0 0 1 0 1 0 1 1 1 1 1 1 1 1 0 0 1 0 1 0 0 1 1 1 1 0 0 0 1 0 1 0 0 1 1 0 0 1 1 1 1 1 1 0 0 1 1 1 0 0 1 0 1 1 1 0 1 0 1 1 1 1 0 1 0 1 1 0 0 1 1 1 0 1 1 0 1 0 1 1 0 1 0 0 1 1 0 0 1 0 1 1 0 0 0 1 0 0 0 0 0 1 0 0 0 1 1 1 1 1 1 1 1 1 1 0 0 0 1 1 1 1 0 1 1 0 0 1 0 1 0 0 1 1 1 1 0 0 0 0 1 0 1 1 0 1 1 0 1 1 1 0 1 1 0 0 1 1 1 1 1 0 1 1 1 0 1 0 1 1 1 1 0 0 1 0 1 1 1 0 0 1 0 0 1 0 1 1 0 1 1 1 1 1 1 0 1 1 0 0 0 0 0 1 1 0 0 1 1 0 0 1 0 1 0 0 1 0 1 1 1 0 0 1 1 0 1 1 0 0 0 0 0 0 0 0 1 0 0 0 0 1 0 1 0 0 0 0 0 0 1 1 1 0 0 1 1 1 0 1 1 1 1 1 0 0 0 0 1 1 0 0 0 0 1 1 0 0 0 0 0 0 1 0 0 1 1 1 1 0 1 1 1 1 0 1 0 1 1 0 0 1 1 0 0 0 1 0 0 1 1 0 0 0 0 0 0 0 0 0 1 0 1 1 1 0 0 1 
quality : 4393
======================================

========== print chromosome ==========
genes : 0 1 0 1 1 1 1 0 0 0 1 0 1 0 1 1 1 0 1 0 0 0 0 0 0 1 0 0 0 1 0 0 1 1 1 0 0 0 0 1 1 0 0 0 0 1 0 1 1 0 1 0 0 1 1 1 0 1 0 0 1 1 0 0 1 1 1 0 0 1 0 0 0 0 1 1 1 0 1 0 0 0 0 1 0 1 0 1 1 1 1 0 0 0 1 0 1 1 0 0 0 0 0 0 1 0 1 1 0 0 1 0 0 0 0 1 0 0 1 0 0 0 0 0 1 0 1 1 1 0 1 0 0 0 1 1 1 0 0 1 1 0 1 0 0 0 0 0 0 0 0 1 1 1 0 0 0 0 1 0 1 0 0 1 1 1 1 1 0 0 0 1 0 0 1 0 1 0 1 1 1 1 1 1 1 1 0 0 1 0 1 0 0 1 1 1 1 0 0 1 1 0 1 0 0 1 1 0 0 1 1 1 1 1 1 0 0 1 1 1 0 1 1 0 1 1 1 0 1 0 1 1 1 1 0 0 0 1 1 0 0 1 1 1 0 1 1 0 1 0 1 1 0 1 0 0 1 1 0 0 1 0 1 1 0 0 1 1 0 0 0 0 0 1 0 0 0 1 1 1 1 1 1 1 1 1 1 1 0 0 1 1 1 1 0 1 1 0 0 1 0 1 0 0 1 1 1 1 0 0 0 0 1 0 1 1 0 1 1 0 1 1 1 0 1 0 0 0 1 1 1 1 1 0 1 1 1 0 1 0 1 1 1 1 0 0 1 0 1 1 1 0 0 1 0 0 1 0 1 1 0 1 1 1 1 1 1 0 1 1 0 1 0 0 0 1 1 0 0 1 1 0 0 1 0 1 0 0 1 0 1 1 1 0 0 1 1 0 1 1 0 0 0 0 0 0 0 0 1 0 0 0 0 1 0 1 0 0 0 0 0 0 1 1 1 0 0 1 1 1 0 1 1 0 1 1 0 0 0 0 1 1 1 0 0 0 1 1 0 0 0 0 0 0 1 0 0 1 1 1 1 0 1 1 0 1 0 1 0 1 1 0 0 1 1 0 0 0 1 0 0 1 1 0 0 0 0 0 0 0 0 0 1 0 1 1 1 1 0 1 
quality : 4393
======================================

========== print chromosome ==========
genes : 0 1 0 1 1 1 1 0 0 0 1 0 1 0 1 1 1 0 1 0 0 0 0 0 0 1 0 0 0 1 0 0 1 1 1 0 0 0 0 1 1 0 0 0 0 1 0 1 1 0 1 0 0 1 1 1 0 1 0 0 1 1 0 0 1 1 1 0 0 1 0 0 0 0 1 1 1 0 1 0 0 0 0 1 0 1 0 1 1 1 1 0 0 0 1 0 1 1 0 0 0 0 0 0 1 0 1 1 0 0 1 0 0 1 0 1 0 0 0 0 0 0 0 0 1 0 1 1 0 1 1 0 0 0 1 1 1 0 0 1 1 0 1 0 0 0 0 0 0 0 0 1 1 1 0 0 0 0 1 0 0 0 0 1 1 1 1 1 0 0 0 1 0 0 1 0 1 0 1 1 1 1 1 1 1 1 0 0 1 0 1 0 0 1 1 1 1 0 0 1 1 0 1 0 0 1 1 0 0 1 1 1 1 1 1 0 0 1 1 1 0 0 1 0 1 1 1 1 1 0 1 0 1 1 0 1 0 1 1 0 0 1 1 1 0 1 1 0 1 0 1 1 0 1 0 0 1 1 0 0 1 0 1 1 0 0 1 1 0 0 0 0 0 1 0 0 0 1 1 1 1 1 1 1 1 1 1 1 0 0 1 1 1 1 0 1 1 0 0 1 0 1 0 0 1 1 1 1 0 0 0 1 1 0 1 1 0 1 1 0 1 1 1 0 1 0 0 0 1 1 1 1 1 0 1 1 1 0 1 0 1 1 1 1 0 0 1 0 1 1 1 0 0 1 0 0 1 0 1 1 0 1 1 1 1 1 1 0 1 1 0 0 0 0 0 1 1 0 0 1 1 0 0 1 0 1 0 0 1 0 1 1 1 0 0 1 1 0 1 1 0 0 0 0 0 0 0 0 1 0 0 0 0 1 0 1 0 0 0 0 0 0 1 1 1 0 0 1 1 1 0 1 1 0 1 1 0 0 0 0 1 1 1 0 0 0 1 1 0 0 0 0 0 0 1 0 0 1 1 1 1 0 1 1 0 1 0 1 0 1 1 0 0 1 1 0 0 0 1 0 0 1 1 0 0 0 0 0 0 0 0 0 1 0 1 1 1 0 0 1 
quality : 4393
======================================

========== print chromosome ==========
genes : 0 1 0 1 1 1 1 0 0 0 1 0 1 0 1 1 1 0 1 0 0 0 0 0 0 1 0 0 0 1 0 0 1 1 1 0 0 0 0 1 1 0 0 0 0 1 0 1 1 0 1 0 0 1 1 1 0 1 0 0 1 1 0 0 1 1 1 0 0 1 0 0 0 0 0 1 1 0 1 0 0 0 0 1 0 1 0 1 1 1 1 0 0 0 1 0 1 1 0 0 0 0 0 0 1 0 0 1 0 0 1 0 1 0 0 1 0 0 1 0 0 0 0 0 1 0 1 1 1 1 1 0 0 0 1 1 1 0 0 1 1 0 1 0 0 0 0 0 0 0 0 1 1 1 0 0 0 0 1 0 1 0 0 1 1 1 1 1 0 0 0 1 0 0 1 0 1 0 1 1 1 1 1 1 1 1 0 1 1 0 1 0 0 1 1 1 1 0 0 1 1 0 1 0 1 1 1 0 0 1 1 1 1 1 1 0 0 0 1 1 0 0 1 0 1 1 1 0 1 1 1 1 1 1 0 1 0 1 1 0 0 1 1 1 0 1 1 0 1 0 1 1 0 1 0 0 1 1 0 0 1 0 1 1 0 0 1 1 0 0 0 0 0 1 0 0 0 1 1 1 1 1 1 1 0 1 1 1 0 0 1 1 1 1 0 1 1 0 0 1 0 1 0 0 1 1 1 1 0 0 0 0 1 0 1 1 0 1 1 0 1 1 1 0 1 0 0 0 1 1 1 1 1 0 1 1 1 0 1 0 1 1 1 1 1 0 1 0 1 1 1 0 0 1 0 0 1 0 1 1 0 1 1 1 1 1 1 1 0 1 1 0 0 0 0 1 1 0 0 1 1 0 0 1 0 1 0 0 1 0 1 1 1 0 0 1 1 0 1 1 0 0 0 0 0 0 0 0 1 0 0 0 0 1 0 1 0 0 0 0 0 0 1 1 1 0 1 1 1 1 0 1 1 0 1 1 0 0 0 0 1 1 1 0 0 0 1 1 0 0 0 0 0 0 1 0 0 1 1 1 1 0 1 1 0 1 0 1 0 1 1 0 0 1 1 0 0 0 1 0 0 1 1 0 0 0 0 0 0 0 0 1 1 0 1 1 1 0 0 1 
quality : 4394
======================================

========== print chromosome ==========
genes : 0 1 0 1 1 1 1 1 0 0 1 0 1 0 1 1 1 0 1 0 0 0 0 0 0 1 0 0 0 1 0 0 1 1 1 0 0 0 0 1 1 0 0 0 0 1 0 1 1 0 1 0 0 1 1 1 0 1 0 0 1 1 0 0 1 1 1 0 0 1 0 0 0 0 1 1 1 0 1 0 0 0 0 1 0 1 0 1 1 1 1 0 0 0 1 0 1 1 1 0 0 0 0 0 1 0 1 1 0 0 1 0 0 0 0 1 0 0 1 1 0 0 0 0 1 0 1 1 1 1 1 0 0 0 1 1 1 0 0 1 1 0 1 0 0 0 0 0 0 0 0 1 1 1 0 0 0 0 1 0 1 0 0 1 1 1 1 1 0 0 0 1 0 0 1 0 1 0 1 1 1 1 1 1 1 1 0 1 1 0 1 0 0 1 1 1 1 0 1 1 1 0 1 0 0 1 1 0 0 1 1 1 1 1 1 0 0 0 1 1 0 0 1 0 1 1 1 0 1 0 1 1 1 1 1 1 0 1 1 0 0 1 1 1 0 1 1 0 1 0 1 1 0 1 0 0 1 1 0 0 1 0 1 1 0 0 1 1 0 0 0 0 0 1 0 0 0 1 1 1 1 1 0 1 1 1 1 1 0 0 1 1 1 1 0 1 1 1 1 1 0 1 0 0 1 1 1 1 0 0 0 0 1 0 1 1 0 1 1 0 1 1 1 0 1 0 0 0 1 1 1 1 1 0 1 1 1 0 1 0 1 1 1 1 0 0 1 0 1 1 1 0 0 1 0 0 1 0 1 1 0 1 1 1 1 1 1 1 0 1 1 0 0 0 0 1 1 0 0 0 1 0 0 1 0 1 0 0 1 0 1 1 1 0 0 1 1 1 1 1 0 0 0 0 0 0 0 0 1 0 0 0 0 1 0 1 0 0 0 0 0 0 1 1 1 0 0 1 0 1 0 1 1 0 1 1 0 0 0 0 1 1 1 0 0 0 1 1 0 0 0 0 0 0 1 0 0 1 1 1 1 0 1 1 0 1 0 1 0 1 1 0 0 1 1 0 0 0 1 0 0 1 1 0 0 0 0 0 0 0 0 0 1 0 1 1 1 0 0 1 
quality : 4394
======================================

========== print chromosome ==========
genes : 0 1 0 1 1 1 1 0 0 0 1 0 1 0 1 1 1 0 1 0 0 0 0 0 0 1 0 0 0 1 0 0 1 1 1 0 0 0 0 1 1 0 0 0 0 1 0 1 0 0 1 0 0 1 1 1 0 1 0 0 1 1 0 0 1 1 1 0 0 1 0 0 0 0 1 1 1 0 1 0 0 0 0 1 0 1 0 1 1 1 1 0 0 0 1 0 1 1 0 0 0 0 0 0 1 0 1 1 0 0 1 0 0 0 0 1 0 0 1 0 0 0 0 0 1 0 1 1 1 1 1 0 0 0 1 1 1 0 0 1 1 0 1 0 0 0 0 0 0 0 0 1 1 1 0 0 1 0 1 0 1 0 0 1 1 1 1 1 0 0 0 1 0 0 1 0 1 0 1 1 1 1 1 1 1 1 0 1 1 0 1 0 0 1 1 1 1 0 0 1 1 0 1 0 0 1 1 0 0 1 1 1 1 1 1 0 0 1 1 1 0 0 1 0 1 1 1 0 1 0 1 1 1 1 0 1 0 1 1 0 0 1 1 1 0 1 1 0 1 0 1 1 0 1 0 0 0 1 0 0 1 0 1 1 0 0 1 1 0 0 0 0 0 1 0 0 0 1 0 1 1 1 1 1 1 1 1 1 0 0 1 1 1 1 0 1 1 0 0 1 0 1 0 0 1 1 1 1 0 0 0 0 0 0 1 1 0 1 1 0 1 1 1 0 1 0 0 0 1 0 1 1 1 0 1 1 1 0 1 0 1 1 0 1 0 0 1 0 1 1 1 0 0 1 0 0 1 0 1 1 0 1 1 1 1 1 1 0 1 1 0 0 0 0 0 1 1 0 0 1 1 0 0 1 0 1 0 0 1 0 1 1 1 1 0 1 1 0 1 1 0 0 0 0 0 0 0 0 1 0 0 0 0 1 0 1 0 0 0 0 0 0 1 1 1 0 1 1 1 1 0 1 1 0 1 1 0 0 0 0 1 1 1 0 0 0 1 1 0 0 0 0 0 0 1 0 0 1 1 1 1 0 1 1 0 1 0 1 0 1 1 0 0 1 1 0 0 0 1 0 0 1 1 0 0 0 0 0 0 0 0 0 1 0 1 1 1 0 0 1 
quality : 4394
======================================

========== print chromosome ==========
genes : 0 1 1 1 1 1 1 0 0 0 1 0 1 0 1 1 1 0 1 0 0 0 0 0 0 1 0 0 0 1 0 0 1 1 1 0 0 0 0 1 1 0 0 0 0 1 0 1 1 0 1 0 0 1 0 1 0 1 0 0 1 1 0 0 1 1 1 0 0 1 0 0 0 0 0 1 1 0 1 0 0 0 0 1 0 1 0 1 1 1 1 0 0 0 1 0 1 1 0 0 0 0 0 0 1 0 1 1 0 0 1 0 0 0 0 1 0 0 1 0 0 0 0 0 1 0 1 1 1 1 1 0 0 0 1 1 1 0 0 1 1 0 1 0 0 0 0 0 0 0 0 1 1 1 0 0 0 0 1 0 1 0 1 1 1 1 1 1 0 0 0 1 0 0 1 0 1 0 1 1 1 1 1 1 1 1 0 1 1 0 1 0 0 1 1 1 1 0 0 1 1 0 1 0 0 1 1 0 0 1 1 1 1 1 1 0 0 1 1 1 0 0 1 0 1 1 1 0 1 0 1 1 1 1 0 1 0 1 1 0 0 1 1 1 0 1 1 0 1 0 1 1 1 0 0 0 1 1 0 0 1 0 1 1 0 0 1 1 0 0 0 0 0 1 0 0 0 1 1 1 1 1 1 1 1 1 1 1 0 0 1 1 1 1 0 1 1 0 0 1 0 1 0 0 1 1 1 1 0 0 0 0 1 0 1 1 0 1 1 0 1 1 1 0 1 0 0 0 1 1 1 1 1 0 1 1 1 0 1 0 1 1 1 1 0 0 1 0 1 1 1 0 0 1 0 0 1 0 1 1 0 1 1 1 1 0 1 0 1 1 0 0 0 0 0 1 1 0 0 1 1 0 0 1 0 1 0 0 1 0 1 1 1 0 0 1 1 0 1 1 0 0 0 0 0 0 0 0 1 0 0 0 0 1 0 1 0 0 0 0 0 0 1 1 1 0 0 1 1 1 0 1 1 0 1 1 0 0 0 0 1 1 1 0 0 0 1 1 0 0 0 0 0 0 1 0 0 1 1 1 1 0 1 1 0 1 0 1 0 1 1 0 0 1 1 0 0 0 1 0 0 1 1 0 0 0 0 0 0 0 0 0 1 0 1 1 1 0 0 1 
quality : 4394
======================================

========== print chromosome ==========
genes : 0 1 0 1 1 1 1 0 0 0 1 1 1 0 1 1 1 0 1 0 0 0 0 0 0 1 0 0 0 1 0 0 1 1 1 0 0 0 0 1 1 0 0 0 0 1 0 1 1 0 1 1 0 1 1 1 0 1 0 0 1 1 0 0 1 1 1 0 0 1 0 0 0 0 0 1 1 0 1 0 0 0 0 1 0 1 0 1 1 1 1 0 0 0 1 0 1 1 0 0 0 0 0 0 1 0 1 1 0 0 1 0 0 0 0 1 0 0 1 0 0 0 0 0 1 0 1 1 1 1 1 0 0 0 1 1 1 0 0 1 1 0 1 0 0 0 0 0 0 0 0 1 1 1 0 0 0 0 1 0 1 0 1 1 1 1 1 1 0 0 0 1 0 0 1 0 1 0 1 1 1 1 0 1 1 1 0 1 1 0 1 0 0 1 1 1 1 0 0 1 1 0 1 0 1 1 1 0 0 1 1 1 1 1 1 0 0 1 1 1 0 0 1 0 1 1 1 0 1 0 1 1 1 1 0 1 0 1 1 0 0 1 1 1 0 1 1 0 1 0 1 1 0 1 0 0 1 1 0 0 1 0 1 1 0 0 1 1 0 0 0 0 0 1 0 0 0 1 1 1 1 1 1 1 1 1 1 1 0 0 1 1 1 1 0 1 1 0 0 1 0 1 0 0 1 1 1 1 0 0 0 0 1 0 1 1 0 1 1 0 1 1 1 0 1 0 0 0 1 1 1 1 1 0 1 1 1 0 1 0 1 1 1 1 0 0 1 0 1 1 1 0 0 1 0 0 1 0 1 1 0 1 1 1 1 1 1 0 1 1 0 0 0 0 0 1 1 0 0 1 1 0 0 1 0 1 0 0 1 0 1 1 1 0 0 1 1 0 1 1 0 0 0 0 0 0 0 0 1 0 0 0 0 1 0 1 0 0 0 0 0 0 1 1 1 0 0 1 1 1 0 1 1 0 1 1 0 0 0 0 1 1 1 0 0 0 1 1 0 0 0 0 0 0 1 0 0 1 0 1 1 0 1 1 0 1 0 1 0 1 1 0 0 1 1 0 0 0 1 0 0 1 1 0 0 0 0 0 0 0 0 0 1 0 1 1 1 1 0 1 
quality : 4394
======================================

========== print chromosome ==========
genes : 0 1 0 1 1 1 1 0 0 0 1 0 1 0 1 1 1 0 1 0 0 0 0 0 0 1 0 0 0 1 0 0 1 1 1 0 0 0 0 1 1 0 0 0 0 1 0 1 1 0 1 0 0 1 1 1 0 1 0 0 1 1 0 0 1 1 1 0 0 1 0 0 0 0 0 1 1 0 1 0 0 0 0 1 0 1 0 1 1 1 1 0 0 0 1 0 1 1 0 0 0 0 0 0 1 0 1 1 0 0 1 0 0 0 0 1 0 0 1 0 0 0 0 0 1 0 1 1 1 1 1 0 0 0 1 1 1 0 0 1 0 0 1 0 0 1 0 0 0 0 0 1 1 1 0 0 0 0 1 0 1 0 1 1 1 1 1 1 0 0 0 1 0 0 1 0 1 0 1 1 1 1 1 1 1 1 0 1 1 0 1 0 0 1 1 1 1 0 0 1 1 0 1 0 0 1 1 0 0 1 1 1 1 1 1 0 0 1 1 1 0 0 1 0 1 1 1 0 1 0 1 1 1 1 0 1 0 1 1 0 0 1 1 1 0 1 1 0 1 0 1 1 0 1 0 0 1 1 0 0 1 0 1 1 1 0 1 1 0 0 0 0 0 1 0 0 0 1 1 1 1 1 0 1 1 1 1 1 0 0 1 1 1 1 0 1 1 0 0 1 0 1 0 0 1 1 1 1 0 0 0 0 1 0 1 1 0 1 1 0 1 1 1 0 1 0 0 0 1 1 1 1 1 0 1 1 1 0 1 1 1 1 1 1 0 0 1 0 1 1 1 0 0 1 0 0 1 0 1 1 0 1 1 1 1 1 1 0 1 1 0 0 0 0 0 1 1 0 0 1 1 0 0 1 0 1 0 0 1 0 1 1 1 0 0 1 1 0 1 1 0 0 0 0 0 0 0 0 1 0 0 0 0 1 0 1 0 0 0 0 0 0 1 1 1 0 0 1 1 1 0 1 1 0 1 1 0 0 0 0 1 1 1 0 0 0 1 1 0 0 1 0 0 0 1 0 0 1 1 1 1 0 1 1 0 1 0 1 0 1 1 0 0 1 1 0 0 0 1 0 0 1 1 0 0 0 0 0 0 0 0 0 1 0 1 1 0 0 0 1 
quality : 4394
======================================

========== print chromosome ==========
genes : 0 1 0 1 1 1 1 0 0 0 1 0 1 0 1 1 1 0 1 0 0 0 0 0 0 1 1 0 0 1 0 0 0 1 1 0 0 0 0 1 1 0 0 0 0 1 0 1 1 0 1 0 0 1 1 1 0 1 0 0 1 1 0 0 1 1 1 0 0 1 0 0 0 0 1 1 1 0 1 0 0 0 0 1 0 1 0 1 1 1 1 0 0 0 1 0 1 1 0 0 0 0 0 0 1 0 1 1 0 0 1 0 0 0 0 1 0 0 1 0 0 0 0 0 1 0 1 1 1 1 1 0 0 0 1 1 1 1 0 1 1 0 1 0 0 0 0 0 0 0 0 1 1 1 0 0 0 0 1 0 1 0 0 1 1 1 1 1 0 0 0 1 0 0 1 0 1 0 1 1 1 1 1 1 1 1 0 0 1 1 1 0 0 1 1 1 0 0 0 1 1 0 0 0 0 1 1 0 0 1 1 1 1 1 1 0 0 0 1 1 0 0 1 0 1 1 1 0 1 0 1 1 1 1 0 1 0 1 1 0 0 1 1 1 0 1 1 0 1 0 1 1 0 1 0 0 1 1 0 0 1 0 1 1 0 0 1 1 0 0 0 0 0 1 0 0 0 1 1 1 1 1 1 1 1 1 1 1 0 0 1 1 1 1 0 1 1 1 0 1 0 1 0 0 1 1 1 1 0 0 0 0 1 0 1 1 0 0 1 0 1 1 1 0 1 0 0 0 1 1 1 1 1 0 1 1 1 0 1 0 1 1 1 1 0 0 1 0 1 1 1 0 0 1 0 0 1 0 1 1 0 1 1 0 1 1 1 0 1 1 0 0 0 0 0 1 1 0 0 1 1 0 0 1 0 1 0 0 1 0 1 1 1 0 0 1 1 0 1 1 0 0 0 0 0 0 0 0 1 0 0 0 0 0 0 1 0 0 0 0 0 0 1 1 1 0 0 1 1 1 0 1 1 0 1 0 0 0 0 0 1 1 1 0 0 0 0 1 0 0 0 0 0 1 1 0 0 1 1 1 1 0 1 1 0 1 0 1 0 0 1 0 0 1 1 0 1 0 1 0 0 1 1 0 0 0 0 0 0 0 0 0 1 0 1 1 1 0 0 1 
quality : 4394
======================================

========== print chromosome ==========
genes : 0 1 0 1 1 1 1 0 0 0 1 0 1 0 1 1 1 0 1 0 0 0 0 0 0 1 0 0 0 1 0 0 1 1 1 0 0 0 0 1 1 0 0 0 0 1 0 1 1 0 1 0 0 1 1 1 0 1 0 0 1 1 0 0 1 1 0 0 0 1 0 0 0 0 0 1 1 0 0 0 0 0 0 1 0 1 0 1 1 1 1 0 0 0 1 0 1 1 1 0 1 0 0 0 1 0 1 1 0 0 1 0 0 0 0 1 0 0 1 0 0 0 0 0 1 0 1 1 1 1 1 0 0 0 1 1 1 0 0 1 1 0 1 0 0 0 0 0 0 0 0 1 1 1 0 0 0 0 1 0 1 0 0 1 1 1 1 1 0 0 0 1 0 0 1 0 1 0 1 1 1 1 1 1 1 1 0 1 1 0 1 0 0 1 1 1 1 0 0 1 1 0 1 0 0 1 1 0 0 1 1 1 1 1 1 0 0 0 1 1 0 0 1 0 1 1 1 0 1 0 1 1 1 1 0 1 0 1 1 0 0 1 1 1 0 1 1 0 1 0 1 1 1 1 0 0 1 1 0 0 1 0 1 1 0 0 1 1 0 0 0 0 0 1 0 0 0 1 1 1 1 1 1 1 1 1 1 1 0 0 1 1 1 1 0 1 1 0 0 1 0 1 0 0 0 1 1 1 0 0 0 0 1 0 1 1 0 1 1 0 1 1 1 0 1 0 0 0 1 1 1 1 1 0 1 1 1 0 1 0 1 1 1 1 0 0 1 0 1 1 1 0 0 1 0 0 1 0 1 1 0 1 1 1 1 1 1 1 0 1 1 0 0 0 0 1 1 0 0 1 1 0 0 1 0 1 0 0 1 0 1 1 1 0 0 1 1 0 1 1 0 0 0 0 0 0 0 0 1 0 0 0 0 1 0 1 0 0 0 0 0 0 1 1 1 0 0 1 1 1 0 1 1 0 1 1 0 0 0 0 1 1 1 0 0 0 1 1 0 0 0 0 0 0 1 0 0 1 1 1 1 0 1 1 0 1 0 1 0 1 1 0 0 1 1 0 0 0 1 0 0 1 1 0 0 0 0 0 0 0 0 0 1 0 1 1 1 0 0 1 
quality : 4396
======================================

========== print chromosome ==========
genes : 0 1 0 1 1 1 1 0 0 0 1 0 1 0 1 1 1 0 1 0 1 0 0 0 0 1 0 0 0 1 0 0 1 1 1 0 0 0 0 1 1 0 0 0 0 1 0 1 0 0 1 1 0 1 1 1 0 1 0 0 1 1 0 0 1 1 1 0 0 1 0 0 0 0 1 1 1 0 1 0 0 0 0 1 0 1 0 1 1 1 1 0 0 0 1 0 1 1 0 0 0 0 0 0 1 0 1 1 0 0 1 0 0 0 0 1 0 0 1 0 0 0 0 0 1 0 1 1 1 1 1 0 0 0 1 1 1 0 0 1 1 0 1 0 0 0 0 0 0 0 0 1 1 1 0 0 0 0 1 0 1 0 0 1 1 1 1 1 0 0 0 1 0 0 1 0 1 0 1 1 1 0 1 1 1 1 0 1 1 0 1 0 0 1 1 1 1 0 0 1 1 0 1 0 0 1 1 0 0 1 1 1 1 1 1 0 0 0 1 1 0 0 1 0 1 1 1 0 1 1 1 1 1 1 0 1 0 1 1 0 0 1 1 1 0 1 1 0 1 0 1 1 0 1 0 0 1 1 0 0 1 0 1 1 0 0 1 1 0 0 0 0 0 1 0 0 0 1 1 1 1 1 1 1 1 1 1 1 0 0 1 1 1 1 0 1 1 0 0 1 0 1 0 0 1 1 1 1 0 0 0 0 1 0 1 1 0 1 1 0 1 1 1 0 1 0 0 0 1 1 1 1 1 0 1 1 1 0 1 0 1 1 1 1 0 0 1 0 1 1 1 0 0 1 0 0 1 0 1 1 0 1 1 1 1 1 1 0 1 1 0 0 0 0 0 1 1 0 0 1 1 0 0 1 0 1 0 0 1 0 1 1 1 0 0 1 1 0 1 1 0 0 0 0 0 0 0 0 1 0 0 0 0 1 0 1 0 0 0 0 0 0 1 1 1 0 0 1 1 1 0 1 1 0 1 1 0 0 0 0 1 1 1 0 0 0 1 1 0 0 0 0 0 0 1 0 0 1 1 1 1 0 1 1 0 1 0 1 0 1 1 1 0 1 1 0 0 0 1 0 0 0 1 0 0 0 0 0 0 0 0 0 1 0 1 1 1 0 0 1 
quality : 4398
======================================

========== print chromosome ==========
genes : 0 1 0 0 1 1 1 0 0 0 1 0 1 0 1 1 1 0 1 0 0 0 0 0 0 1 0 0 0 1 0 0 1 1 1 0 0 0 0 1 1 0 0 0 0 1 0 1 1 0 1 0 0 1 1 1 0 1 0 0 1 1 0 0 1 1 1 0 0 1 0 0 0 0 1 1 1 0 1 0 0 0 0 1 0 1 0 1 1 1 1 0 0 0 1 0 1 1 0 0 0 0 0 0 1 0 1 1 0 0 1 0 0 0 0 1 0 0 1 0 0 0 0 0 1 0 1 1 1 1 1 0 0 0 1 1 1 0 0 1 1 0 1 0 0 0 0 0 0 0 0 1 1 1 0 0 0 0 1 0 1 0 0 1 1 1 1 1 0 0 0 1 0 0 1 0 1 0 1 1 1 1 1 1 1 1 0 1 1 0 1 0 0 0 1 1 1 0 0 1 1 0 1 0 0 1 1 0 0 1 1 1 1 1 1 0 0 0 1 1 0 0 1 0 1 1 1 0 1 0 1 0 1 1 0 1 0 1 1 0 0 1 1 1 0 1 1 0 0 0 1 1 0 1 0 0 1 1 0 0 1 0 1 0 0 0 1 1 0 0 0 0 0 1 0 0 0 1 1 1 1 1 1 1 1 1 1 1 0 0 1 1 1 1 0 1 1 0 0 1 0 1 0 0 1 1 1 1 0 0 0 0 1 0 1 1 0 1 1 0 1 1 1 0 1 0 0 0 1 1 1 1 1 0 1 1 1 0 1 0 1 1 1 1 0 0 1 0 1 1 1 0 0 1 0 0 1 0 1 1 0 1 1 1 0 1 1 0 1 1 0 0 0 0 0 1 1 0 0 1 1 0 0 1 0 1 0 0 1 0 1 1 1 0 0 1 1 0 1 1 0 0 0 0 0 0 0 0 1 0 0 0 0 1 0 1 0 0 0 0 0 0 1 1 1 0 0 1 1 1 0 1 1 0 1 1 0 0 0 0 1 1 1 0 0 0 1 1 0 0 0 0 0 0 1 0 0 1 1 1 1 0 1 1 0 1 0 1 0 1 1 0 0 1 1 0 0 0 1 0 0 1 1 0 0 0 0 0 0 0 0 0 1 0 1 1 1 0 0 1 
quality : 4398
======================================

========== print chromosome ==========
genes : 0 1 0 1 1 1 1 0 0 0 1 0 1 0 1 1 1 0 1 0 0 0 0 0 0 1 0 0 0 1 0 0 1 1 1 1 0 0 0 1 1 0 0 0 0 1 0 1 1 0 1 0 0 1 1 1 0 1 0 0 1 1 0 0 1 1 1 0 0 1 0 0 0 0 1 1 1 0 1 0 0 0 0 1 0 1 0 1 1 1 1 0 0 0 1 0 1 1 0 0 0 0 0 0 1 0 1 1 0 0 1 0 0 0 0 1 0 0 1 0 0 0 0 0 1 0 1 1 1 1 1 0 0 0 1 1 1 0 0 1 1 0 1 0 0 0 0 0 0 0 0 1 1 1 0 0 0 0 1 0 1 0 0 1 1 1 1 1 0 0 0 1 0 0 1 0 1 0 1 1 1 1 1 1 1 1 0 1 1 0 1 0 0 1 1 1 1 0 0 1 1 0 1 0 0 1 1 0 0 1 1 1 1 1 0 0 0 0 1 1 0 0 1 0 1 1 1 0 1 0 1 1 1 1 0 1 0 1 1 0 0 1 1 1 0 1 1 0 1 0 1 1 0 1 0 0 1 1 0 0 1 0 1 1 0 0 1 1 0 0 0 0 0 1 0 0 0 1 1 1 1 1 1 1 1 0 1 1 0 0 1 1 1 1 0 1 1 0 0 1 0 1 0 0 1 1 1 1 0 0 0 0 1 0 1 1 0 1 1 0 1 1 1 0 1 0 0 0 1 1 1 1 1 0 1 1 1 1 0 0 1 1 1 1 0 0 1 0 1 1 1 0 0 1 0 0 1 0 1 1 0 1 1 1 1 1 1 0 1 1 0 0 0 0 0 1 1 0 0 1 1 0 0 1 0 1 0 0 1 0 1 1 1 0 0 1 1 0 1 1 0 0 0 0 0 0 0 0 1 0 0 0 0 1 0 1 0 0 0 0 0 0 1 1 1 0 0 1 1 1 0 1 1 0 1 1 0 0 0 0 1 1 1 0 0 0 1 1 0 0 0 0 0 0 1 0 0 1 1 1 1 0 1 0 0 1 0 1 0 1 1 0 0 1 1 0 0 0 1 0 0 1 1 0 0 0 0 0 0 0 0 0 1 0 1 1 1 0 0 1 
quality : 4398
======================================

========== print chromosome ==========
genes : 0 1 0 1 1 1 1 1 0 0 1 0 1 0 1 1 1 0 1 0 0 0 0 0 0 1 0 0 0 1 0 0 1 1 1 0 0 0 0 1 1 0 0 0 0 1 0 1 1 0 1 0 0 1 1 1 0 1 0 0 1 1 0 0 1 1 1 0 0 1 0 0 0 0 1 1 1 0 1 0 0 0 0 1 0 1 0 1 1 1 1 0 0 0 1 0 1 1 0 0 0 0 0 0 1 0 1 1 0 0 1 0 0 0 0 1 0 0 1 0 0 0 0 0 1 0 1 1 1 1 1 0 0 0 1 1 1 0 0 1 1 0 1 0 0 0 0 0 0 0 0 1 1 1 0 0 0 0 1 0 1 0 0 1 1 1 1 1 0 0 0 1 0 0 1 0 1 0 1 1 1 1 1 1 1 1 0 1 1 0 1 0 0 1 1 1 1 0 0 1 1 0 1 0 0 1 1 0 0 1 1 1 1 1 1 0 0 0 1 1 0 0 1 0 1 1 1 0 1 0 1 1 1 1 1 1 0 1 1 0 0 1 1 1 0 1 1 0 1 0 1 1 0 1 0 0 1 1 0 0 1 0 1 1 0 0 1 1 0 0 0 0 0 1 0 0 0 1 1 1 1 1 0 1 1 1 1 1 0 0 1 1 1 1 0 1 1 0 0 1 0 1 0 0 1 1 1 1 0 0 0 0 1 0 1 1 0 1 1 0 0 1 1 0 1 0 0 0 1 1 1 1 1 0 1 1 1 0 1 0 1 1 1 1 0 0 1 0 1 1 1 0 0 1 0 0 1 0 1 1 0 1 1 1 1 1 1 0 1 1 1 0 0 0 0 1 1 0 0 1 1 0 0 1 0 1 0 0 1 0 1 0 1 0 0 1 1 0 1 1 0 0 0 0 0 0 0 0 1 0 0 0 0 1 0 1 0 0 0 0 0 0 1 1 1 0 0 1 1 1 1 1 1 0 1 1 0 0 0 0 1 1 1 0 0 0 1 1 0 0 0 0 1 0 1 0 0 1 1 1 1 0 1 1 0 1 0 1 1 1 1 0 0 1 1 0 0 0 1 0 0 1 1 0 0 0 0 0 0 0 0 0 1 0 1 1 0 0 0 1 
quality : 4399
======================================

========== print chromosome ==========
genes : 0 1 0 1 1 1 1 0 0 0 1 0 1 0 1 1 1 0 1 0 0 0 0 0 0 1 0 0 0 1 0 0 1 1 1 0 0 0 0 1 1 0 0 0 0 1 0 1 1 0 1 0 0 1 1 1 0 1 0 0 1 1 0 0 1 1 1 0 0 1 0 0 0 0 1 1 1 0 1 0 0 0 0 1 0 1 0 1 1 1 1 0 0 0 1 0 1 1 0 0 0 0 0 0 1 0 1 1 0 0 1 0 0 0 0 1 0 0 1 0 0 0 0 0 1 0 1 1 1 1 1 0 0 0 1 1 1 0 0 1 1 0 1 0 0 0 0 0 0 0 0 1 1 1 0 0 0 0 1 0 1 0 0 1 1 1 1 1 0 0 0 1 0 0 1 0 1 0 1 1 1 1 1 1 1 1 0 1 1 0 1 0 0 1 1 1 1 0 0 1 1 0 1 0 0 1 1 0 0 1 1 1 1 1 1 0 0 0 1 1 0 0 1 0 1 1 1 0 1 0 0 1 1 1 1 1 0 1 1 1 0 1 1 1 0 1 1 0 1 0 1 1 0 1 0 0 1 1 0 0 1 0 1 1 0 0 1 1 0 0 0 0 0 1 0 0 0 1 1 1 1 1 1 1 1 1 1 1 0 1 1 1 1 1 0 1 1 0 0 1 1 1 0 0 1 1 1 1 0 0 0 0 1 0 1 1 0 1 1 0 1 1 1 0 1 0 0 0 1 1 1 1 1 0 1 1 1 0 1 0 1 1 1 1 0 0 1 0 1 1 1 0 0 1 0 0 1 0 1 1 0 1 1 1 1 1 1 0 1 1 0 0 0 0 0 1 1 0 0 1 1 0 1 1 0 1 0 0 1 0 1 1 1 0 0 1 1 0 1 1 0 0 0 0 0 0 0 0 1 0 0 0 0 1 0 0 0 0 0 0 0 0 1 1 1 1 0 1 1 1 0 1 1 0 1 1 0 0 0 0 1 1 1 0 0 0 1 1 0 0 0 0 0 0 1 0 0 1 1 1 1 0 1 1 0 1 0 1 0 1 1 0 0 1 1 0 0 0 1 0 0 1 1 0 0 0 0 0 0 0 0 0 1 0 1 1 1 0 0 1 
quality : 4400
======================================

========== print final result ==========
Generations evolved: 508225
Best quality: 4400
Mean quality: 4381.649902
Standard deviation: 28.562542
======================================

2 4 5 6 7 11 13 15 16 17 19 26 30 33 34 35 40 41 46 48 49 51 54 55 56 58 61 62 65 66 67 70 75 76 77 79 84 86 88 89 90 91 95 97 98 105 107 108 111 116 119 125 127 128 129 130 131 135 136 137 140 141 143 152 153 154 159 161 164 165 166 167 168 172 175 177 179 180 181 182 183 184 185 186 188 189 191 194 195 196 197 200 201 203 206 207 210 211 212 213 214 215 219 220 223 225 226 227 229 232 233 234 235 236 238 239 240 242 243 244 246 247 249 251 252 254 257 258 261 263 264 267 268 274 278 279 280 281 282 283 284 285 286 287 288 290 291 292 293 294 296 297 300 301 302 305 306 307 308 313 315 316 318 319 321 322 323 325 329 330 331 332 333 335 336 337 339 341 342 343 344 347 349 350 351 354 357 359 360 362 363 364 365 366 367 369 370 376 377 380 381 383 384 386 389 391 392 393 396 397 399 400 409 414 423 424 425 426 428 429 430 432 433 435 436 441 442 443 447 448 455 458 459 460 461 463 464 466 468 470 471 474 475 479 482 483 493 495 496 497 500 