========== print final result ==========
Generations evolved: 4143372
Best quality: 8520
Mean quality: 8289.400391
Standard deviation: 539.770264
======================================

Number of population: 20

========== print chromosome ==========
genes : 0 1 1 1 1 1 1 0 1 0 0 1 1 0 1 1 1 0 1 1 1 1 0 1 1 1 1 1 0 1 1 1 1 0 1 1 1 1 1 1 1 1 0 1 0 1 1 1 1 0 1 0 1 1 1 1 0 1 1 0 1 0 1 1 1 0 1 1 0 1 0 0 1 1 0 1 1 1 1 1 0 0 0 1 1 0 1 1 1 1 1 1 1 1 1 1 0 1 1 1 1 1 1 1 1 0 1 1 1 1 1 1 0 1 0 1 0 1 0 1 1 1 1 1 1 0 1 1 1 1 0 0 0 0 0 1 1 0 1 1 1 1 0 1 1 1 0 1 1 1 1 0 0 0 1 1 1 1 1 0 1 1 1 1 1 1 0 1 0 1 1 1 1 1 1 1 1 1 0 0 0 1 0 1 1 1 1 1 1 0 0 0 0 1 1 1 1 1 0 1 1 1 1 0 1 0 1 1 0 1 0 1 1 0 1 1 1 1 1 0 0 0 1 1 0 1 1 1 1 1 1 1 1 0 1 1 1 1 1 1 0 0 1 1 0 1 1 1 1 1 1 0 0 0 0 1 0 1 0 1 1 1 1 1 1 1 1 1 1 1 1 1 0 0 1 0 0 0 1 0 1 1 1 1 1 1 1 1 1 1 1 1 1 1 1 1 1 
quality : 6508
======================================

========== print chromosome ==========
genes : 0 1 1 1 1 1 1 0 1 0 0 1 1 0 1 1 1 0 1 1 1 1 0 1 1 1 1 1 0 1 1 1 1 0 1 1 1 1 1 1 1 1 0 1 0 1 1 1 1 0 1 1 1 1 1 1 0 1 0 0 1 1 1 1 1 0 1 1 0 1 0 0 1 1 0 1 1 1 1 1 0 0 0 1 1 0 1 1 1 1 1 1 1 1 1 1 0 1 1 1 1 1 1 1 1 0 1 1 1 1 0 1 0 1 0 1 0 1 0 1 1 1 1 1 1 0 1 1 1 1 0 0 0 0 0 1 1 1 1 1 1 1 0 1 1 1 0 1 1 1 1 0 0 0 1 1 1 1 1 0 1 1 1 1 1 1 0 1 0 1 1 1 1 1 1 1 1 1 0 0 1 1 0 1 1 1 1 1 1 0 0 0 1 1 1 1 1 1 0 1 1 0 1 0 1 0 1 1 0 1 0 1 1 0 1 1 1 1 1 0 0 0 0 1 0 1 1 1 1 1 1 1 1 0 1 1 1 1 1 1 0 0 1 1 0 1 1 1 1 1 1 0 1 0 0 1 1 1 0 1 0 1 1 1 1 1 1 1 1 1 1 1 0 0 1 0 0 0 1 0 1 1 1 1 1 1 1 1 1 1 1 1 1 1 1 1 1 
quality : 7320
======================================

========== print chromosome ==========
genes : 0 1 1 1 1 1 1 0 1 0 0 1 1 0 1 1 1 0 1 1 1 1 0 1 1 1 1 1 0 1 1 1 1 0 1 1 1 1 1 1 1 1 0 1 0 1 1 1 1 0 1 0 1 1 1 1 0 1 1 0 1 1 1 1 1 0 1 1 0 0 1 0 1 1 0 1 1 1 1 1 0 0 0 1 1 0 1 1 1 1 1 1 1 1 0 1 0 1 1 1 1 1 1 1 1 0 1 1 1 1 1 1 0 1 0 1 0 1 0 1 1 1 1 1 1 0 1 1 1 1 0 0 0 0 0 1 1 1 1 1 1 1 0 1 1 1 0 1 1 1 1 0 0 0 1 1 1 1 1 0 1 1 1 1 1 1 0 1 0 1 1 1 1 1 1 1 1 1 0 0 1 1 0 1 1 1 1 0 1 0 0 0 1 1 1 1 1 1 0 1 1 1 1 0 1 0 1 1 0 1 0 1 1 0 1 1 1 1 1 0 0 0 0 0 0 1 1 1 1 1 1 1 1 0 1 1 1 0 1 1 0 0 1 1 0 1 1 1 1 0 1 0 1 0 0 1 1 1 0 1 1 1 1 1 1 1 1 1 1 1 1 1 0 0 1 1 0 0 1 0 1 1 1 1 1 1 1 1 1 1 1 1 1 1 1 1 1 
quality : 8076
======================================

========== print chromosome ==========
genes : 0 1 1 1 1 1 1 0 1 0 0 1 1 0 1 1 1 0 1 1 1 1 0 1 1 1 1 1 0 1 0 1 1 0 1 1 1 1 1 1 1 1 0 1 0 1 1 1 1 0 1 0 1 1 1 1 0 1 1 0 1 1 1 1 1 0 1 1 0 1 0 0 1 1 0 1 1 1 1 1 0 0 0 1 1 0 1 1 1 1 1 1 1 1 1 1 0 1 1 1 1 1 1 1 1 0 1 1 1 1 1 1 0 1 0 1 0 1 0 1 1 1 1 1 1 0 1 1 1 1 0 0 0 0 0 1 1 1 1 1 1 1 0 1 1 1 0 1 1 1 1 0 0 0 1 0 1 1 1 0 1 1 1 1 1 1 0 1 0 1 1 1 1 1 1 1 1 1 0 0 1 1 0 1 1 1 1 1 1 0 0 0 1 1 1 1 1 1 0 1 1 1 1 0 1 0 1 1 0 1 0 1 1 0 1 1 1 1 1 0 0 0 0 1 0 1 1 1 1 1 1 1 1 0 1 1 1 1 1 1 0 0 1 1 0 1 1 1 1 1 1 0 1 0 0 1 1 1 0 1 1 1 1 1 1 1 1 1 1 1 1 1 0 0 1 0 0 0 1 0 1 1 1 0 1 1 1 1 1 1 1 1 1 1 1 1 1 
quality : 7564
======================================

========== print chromosome ==========
genes : 0 1 1 1 1 1 1 0 1 0 0 1 1 0 1 1 1 0 1 1 1 1 0 1 1 1 1 1 0 1 1 1 1 0 1 1 1 1 1 1 1 1 0 1 0 1 1 1 1 0 1 0 1 1 1 1 0 1 1 0 1 1 1 1 1 0 1 1 0 1 0 0 1 1 0 1 1 1 1 1 0 0 0 1 1 0 1 1 1 1 1 1 1 1 1 1 0 1 1 1 1 1 1 1 1 0 1 1 1 1 1 1 0 1 0 1 0 1 0 1 1 1 1 1 1 0 1 1 1 1 0 0 0 0 0 1 1 1 1 1 0 1 0 1 1 1 0 1 1 1 1 0 0 0 1 1 1 1 1 0 1 1 1 1 1 1 0 0 0 1 1 1 1 1 1 1 1 1 0 0 1 1 0 1 1 1 1 1 1 0 0 0 1 1 1 1 1 1 0 1 1 1 1 0 1 0 1 1 0 1 0 1 1 0 1 1 1 1 1 0 0 0 0 1 0 1 1 1 1 1 1 1 1 0 1 1 1 1 1 1 0 0 1 1 0 1 1 0 1 1 1 0 1 0 0 1 1 1 0 1 1 0 1 1 1 1 1 1 1 1 1 1 0 0 1 0 0 0 1 0 1 1 1 0 1 1 1 1 1 1 1 1 1 1 1 1 1 
quality : 8520
======================================

========== print chromosome ==========
genes : 0 1 1 1 1 1 1 0 1 0 0 1 1 0 1 1 1 0 1 1 1 1 0 1 1 1 1 1 0 1 1 1 1 0 1 1 1 1 1 1 1 1 0 1 0 1 1 1 1 0 1 0 0 1 1 1 0 1 1 0 1 1 1 1 1 0 1 1 0 1 1 0 1 1 0 1 1 1 1 1 0 0 0 1 1 0 1 1 1 1 1 1 1 1 1 1 0 1 1 1 1 1 1 1 1 0 1 1 1 1 1 1 0 1 0 1 0 1 0 1 1 1 1 1 1 0 1 1 1 1 0 0 0 0 0 1 1 1 1 1 1 1 0 1 1 1 0 1 1 1 1 0 0 0 1 1 1 1 1 0 1 1 1 1 1 1 0 1 0 1 1 1 1 1 1 1 1 1 0 0 1 1 0 1 1 1 1 1 1 0 0 0 1 1 1 1 1 1 0 1 1 1 1 0 1 0 1 1 0 1 1 1 1 0 1 1 1 1 1 0 0 0 0 1 0 1 1 1 1 1 1 1 1 0 1 1 1 1 1 1 0 0 1 1 0 1 1 1 1 1 1 0 1 0 0 1 1 1 0 1 1 1 1 1 1 1 1 1 1 1 1 1 0 0 1 0 0 0 1 0 1 1 1 1 1 1 1 1 1 1 1 1 1 1 1 1 1 
quality : 8520
======================================

========== print chromosome ==========
genes : 0 1 1 1 1 1 1 0 1 0 0 1 1 0 1 1 1 0 1 1 1 1 0 1 1 1 1 1 0 1 1 1 1 0 1 1 1 1 1 1 1 1 0 1 0 1 1 1 1 0 1 0 1 1 1 1 0 1 1 0 1 1 1 1 1 0 1 1 0 1 0 0 0 1 0 1 1 1 1 1 0 0 0 1 1 0 1 1 1 1 1 1 1 1 1 1 0 1 1 1 1 1 1 1 1 0 1 0 1 1 1 1 0 1 0 1 0 1 0 1 1 1 1 1 1 0 1 1 1 1 0 0 0 0 0 1 1 1 1 1 1 1 0 1 1 1 0 1 1 1 1 0 0 1 1 1 1 1 1 0 1 1 1 1 1 1 0 1 0 1 1 1 1 1 1 1 1 1 0 0 1 1 0 1 1 1 1 1 1 0 0 0 1 1 1 1 1 1 0 1 1 1 1 0 1 0 1 1 0 1 0 1 1 0 1 1 1 1 1 0 0 0 0 1 0 1 1 1 1 1 1 1 1 0 1 1 1 1 1 1 0 0 1 1 0 1 1 1 1 1 1 0 1 0 0 1 1 1 0 1 1 1 1 1 1 1 0 1 1 1 1 1 0 0 1 0 0 0 1 0 1 1 1 1 1 1 1 1 1 1 1 1 1 1 1 1 1 
quality : 8520
======================================

========== print chromosome ==========
genes : 0 1 1 1 1 1 1 0 1 0 0 1 1 0 1 1 1 0 1 1 1 1 0 1 1 1 1 1 0 1 1 1 1 0 1 1 1 1 1 1 1 1 0 1 0 1 1 1 1 0 1 0 1 1 1 1 0 1 1 0 1 1 1 1 1 0 1 1 0 1 0 0 1 1 0 1 1 1 1 1 0 0 0 1 1 0 1 1 1 1 1 1 1 1 1 1 0 1 1 1 1 1 1 1 1 0 1 1 1 1 1 1 0 1 0 1 0 1 0 1 1 1 1 1 1 0 1 1 0 1 0 0 0 0 0 1 1 1 1 1 1 1 0 1 1 1 0 1 1 1 1 0 0 0 1 1 1 1 1 0 1 1 1 1 1 1 0 1 0 1 1 1 1 1 1 1 1 1 0 0 1 1 0 1 1 1 1 1 1 0 0 0 1 1 1 1 1 1 0 1 1 1 1 0 1 0 1 1 0 1 0 1 1 0 1 1 1 1 1 0 0 0 0 1 0 1 1 1 1 1 1 1 1 0 1 1 1 1 1 1 0 0 1 1 0 1 1 1 1 1 1 0 1 0 0 1 1 1 0 1 1 1 1 1 1 1 1 1 1 1 1 1 0 0 1 1 0 0 1 0 1 1 1 1 1 1 1 1 1 1 1 1 1 1 1 1 1 
quality : 8520
======================================

========== print chromosome ==========
genes : 0 1 1 1 1 1 1 0 1 0 0 1 1 0 1 1 1 0 1 1 1 1 0 1 1 1 1 1 0 1 1 1 1 0 1 1 1 1 1 1 1 1 0 1 0 1 1 1 1 0 1 0 1 1 1 1 0 1 1 0 1 1 1 1 1 0 1 1 0 1 0 0 1 0 0 1 1 1 1 1 0 0 0 1 1 0 1 1 1 1 1 1 1 1 1 1 0 1 1 1 1 1 1 1 1 0 1 1 1 1 1 1 0 1 0 1 0 1 0 1 1 1 1 1 1 0 1 1 1 1 0 0 0 0 0 1 1 1 1 1 0 1 0 1 1 1 0 1 1 1 1 0 0 0 1 1 1 1 1 0 1 1 1 1 1 1 0 1 0 1 1 1 1 1 1 1 1 1 0 0 1 1 0 1 1 1 1 1 1 0 0 0 1 1 1 1 1 1 0 1 1 1 1 0 1 0 1 0 0 1 0 1 1 0 1 1 1 1 1 0 0 0 0 1 0 1 1 1 1 1 1 1 1 0 1 1 1 1 1 1 0 0 1 1 0 1 1 1 1 1 1 0 1 0 0 1 1 1 0 1 1 1 1 1 1 1 1 1 1 1 1 1 0 0 1 0 0 0 1 0 1 1 1 1 1 1 1 1 1 1 1 1 1 1 1 1 1 
quality : 8520
======================================

========== print chromosome ==========
genes : 0 1 1 1 1 1 1 0 1 0 0 1 1 0 1 1 1 0 1 1 1 1 0 1 1 1 1 1 0 1 1 1 1 0 1 1 1 1 1 1 1 1 0 1 0 1 1 1 1 0 1 0 1 1 1 1 0 1 0 0 1 1 1 1 1 0 1 1 0 1 0 0 1 1 0 1 1 1 1 1 0 0 0 1 1 0 1 1 1 1 1 1 1 1 1 1 0 1 1 1 1 1 1 1 1 0 1 1 1 1 1 1 0 1 0 1 0 1 0 1 1 1 1 1 1 0 1 1 1 1 0 0 0 0 0 1 1 1 1 1 1 1 0 1 1 1 0 1 1 1 1 0 0 0 1 1 1 1 1 1 1 1 1 1 1 1 0 1 0 1 1 1 1 1 1 1 1 1 0 0 1 1 0 1 1 1 1 1 1 0 0 0 1 1 1 1 1 1 0 1 1 1 1 0 1 0 1 1 0 1 0 1 1 0 1 1 1 1 1 0 0 0 0 1 0 1 1 1 1 1 1 1 1 0 1 1 1 1 1 1 0 0 1 1 0 1 1 1 1 1 1 0 1 0 0 1 1 1 0 1 1 1 1 1 1 1 1 1 1 1 1 1 0 0 1 0 0 0 1 0 1 1 1 1 1 1 1 1 1 1 1 1 1 1 1 1 1 
quality : 8520
======================================

========== print chromosome ==========
genes : 0 1 1 1 1 1 1 0 1 0 0 1 1 0 1 1 1 0 1 1 1 1 0 1 1 1 1 1 0 1 1 1 1 0 0 1 1 1 1 1 1 1 0 1 0 1 1 1 1 0 1 0 1 1 1 1 0 1 1 0 1 1 1 1 1 0 1 1 0 1 0 0 1 1 0 1 1 1 1 1 0 0 0 1 1 0 1 1 1 1 1 1 1 1 1 1 0 1 1 1 1 1 1 1 1 0 1 1 1 1 1 1 0 1 0 1 0 1 0 1 1 1 1 1 1 0 1 1 1 1 0 0 0 0 0 1 1 1 1 1 1 1 0 1 1 1 0 1 1 1 1 0 0 0 1 1 1 1 1 0 1 1 1 1 1 1 0 1 0 1 1 1 1 1 1 1 1 1 0 0 1 1 0 1 1 1 1 1 1 0 0 0 1 1 1 1 1 1 0 1 1 1 1 0 1 0 1 1 0 1 0 1 1 1 1 1 1 1 1 0 0 0 0 1 0 1 1 1 1 1 1 1 1 0 1 1 1 1 1 1 0 0 1 1 0 1 1 1 1 1 1 0 1 0 0 1 1 1 0 1 1 1 1 1 1 1 0 1 1 1 1 1 0 0 1 1 0 0 1 0 1 1 1 1 1 1 1 1 1 1 1 1 1 1 1 1 1 
quality : 8520
======================================

========== print chromosome ==========
genes : 0 1 1 1 1 1 1 0 1 0 0 1 1 0 1 1 1 0 1 1 1 1 0 1 1 1 0 1 0 1 1 1 1 0 1 1 1 1 1 1 1 1 0 1 0 1 1 1 1 0 1 0 1 1 1 1 0 1 1 0 1 1 1 1 1 0 1 1 0 1 0 0 1 1 0 1 1 1 1 1 0 0 0 1 1 0 1 0 1 1 1 1 1 1 1 1 0 1 1 1 1 1 1 1 1 0 1 1 1 1 1 1 0 1 0 1 0 1 0 1 1 1 1 0 1 0 1 1 1 1 0 0 0 0 0 1 1 1 1 1 1 1 0 1 1 1 0 1 1 1 1 0 0 0 1 1 1 1 1 0 1 1 1 1 1 1 0 1 0 1 1 1 1 1 1 1 1 1 0 0 1 1 0 1 1 1 1 1 1 0 0 0 0 1 1 1 1 1 0 1 1 1 1 0 1 0 1 1 0 1 0 1 1 0 1 1 1 1 1 0 0 0 0 1 0 1 1 1 1 1 1 1 1 0 1 1 1 1 1 1 0 0 1 1 0 1 1 1 1 1 1 0 1 0 0 1 1 1 0 1 1 1 1 1 1 1 1 1 1 1 1 1 0 0 1 0 0 0 1 0 1 1 1 1 1 1 1 1 1 1 1 1 1 1 1 1 1 
quality : 8520
======================================

========== print chromosome ==========
genes : 0 1 1 1 1 1 1 0 1 0 0 1 1 0 1 1 1 0 1 1 1 1 0 1 1 1 1 1 0 1 1 1 1 0 1 1 1 1 1 1 1 1 0 1 0 1 1 1 1 0 1 0 1 1 1 1 0 1 1 0 1 0 1 1 1 0 1 1 0 1 0 0 1 1 0 1 1 1 1 1 0 0 0 1 1 0 1 1 1 1 1 1 1 1 1 1 0 1 1 1 1 1 1 1 1 0 1 1 1 1 1 1 0 1 0 1 0 1 0 1 1 1 1 1 1 0 1 1 1 1 0 0 0 0 0 1 1 0 1 1 1 1 0 1 1 1 0 1 1 1 1 0 0 0 1 1 1 1 1 0 1 1 1 1 1 1 0 1 0 1 1 1 1 1 1 1 1 1 0 0 0 1 0 1 1 1 1 1 1 0 0 0 0 1 1 1 1 1 0 1 1 1 1 0 1 0 1 1 0 1 0 1 1 0 1 1 1 1 1 0 0 0 0 1 0 1 1 1 1 1 1 1 1 0 1 1 1 1 1 1 0 0 1 1 0 1 1 1 1 1 1 0 1 0 0 1 1 1 0 1 0 1 1 1 1 1 1 1 1 1 1 1 0 0 1 0 0 0 1 0 1 1 1 1 1 1 1 1 1 1 1 1 1 1 1 1 1 
quality : 8520
======================================

========== print chromosome ==========
genes : 0 1 1 1 1 1 1 0 1 0 0 1 1 0 1 1 1 0 1 1 1 1 0 1 1 1 1 1 0 1 0 1 1 0 1 1 1 1 1 1 1 1 0 1 0 1 1 1 1 0 1 0 1 1 1 1 0 1 1 0 1 1 1 1 1 0 1 1 0 1 0 0 1 1 0 1 1 1 1 1 0 0 0 1 1 0 1 1 1 1 1 1 1 1 1 1 0 1 1 1 1 1 1 1 1 0 1 1 1 1 1 1 0 1 0 1 0 1 0 1 1 1 1 1 1 0 1 1 1 1 0 0 0 0 0 1 1 1 1 1 1 1 0 1 1 1 0 1 1 1 1 0 0 0 1 1 1 1 1 0 1 1 1 1 1 1 0 1 0 1 1 1 1 1 1 1 1 1 0 0 1 1 0 1 1 1 1 1 1 0 0 0 1 1 1 1 1 1 0 1 1 1 1 0 1 0 1 1 0 1 0 1 1 0 1 1 1 1 1 0 0 0 0 1 0 1 1 1 1 1 1 1 1 0 1 1 1 1 1 1 0 0 1 1 0 1 1 1 1 1 1 0 1 0 0 1 1 1 0 1 1 1 1 1 1 1 1 1 1 1 1 1 0 0 1 0 0 0 1 0 1 1 1 1 1 1 1 1 1 1 1 1 1 1 1 1 1 
quality : 8520
======================================

========== print chromosome ==========
genes : 0 1 1 1 1 1 1 0 1 0 0 1 1 0 1 1 1 0 1 1 1 1 0 1 1 1 1 1 0 1 1 1 1 0 1 1 1 1 1 1 1 1 0 1 0 1 1 1 1 0 1 0 1 1 1 1 0 1 1 0 1 1 1 1 1 0 1 1 0 1 0 0 1 1 0 1 1 1 1 1 0 0 0 1 1 0 1 1 1 1 1 1 1 1 1 1 0 1 1 1 1 1 1 1 1 0 1 1 1 1 1 1 0 1 0 1 0 1 0 1 1 1 1 1 1 0 1 1 1 1 0 0 0 0 0 1 1 1 1 1 1 1 0 1 1 1 0 1 1 0 1 0 0 0 1 1 1 1 1 0 1 1 1 1 1 1 0 1 0 1 1 1 1 1 1 1 1 1 0 0 1 1 0 1 1 1 1 1 1 0 0 0 1 1 1 1 1 1 0 1 1 1 1 0 1 0 1 1 0 1 0 1 1 0 1 1 1 1 1 0 0 0 0 1 0 1 1 1 1 1 1 1 1 0 1 1 1 1 1 1 0 0 1 1 0 1 1 1 1 1 0 0 1 0 0 1 1 1 0 1 1 1 1 1 1 1 1 1 1 1 1 1 0 0 1 0 0 0 1 0 1 1 1 1 1 1 1 1 1 1 1 1 1 1 1 1 1 
quality : 8520
======================================

========== print chromosome ==========
genes : 0 1 1 1 1 1 1 0 1 0 0 1 1 0 1 1 1 0 1 1 1 1 0 1 1 1 1 1 0 1 1 1 1 0 1 1 1 1 1 1 1 1 0 1 0 1 1 1 1 0 1 0 1 1 1 1 0 1 1 0 1 1 1 1 1 0 1 1 0 1 0 0 1 1 0 1 1 1 1 1 0 0 0 1 1 0 1 1 1 1 1 1 1 1 1 1 0 1 1 1 1 1 1 1 1 0 1 1 1 1 1 1 0 1 0 1 0 1 0 1 1 1 1 1 1 0 1 1 1 1 0 0 0 0 0 1 1 1 1 1 1 1 0 1 1 1 0 1 1 1 1 0 0 0 1 1 1 1 1 0 1 1 1 1 1 1 0 1 0 1 1 1 1 1 1 1 1 1 0 0 1 1 0 1 0 1 1 1 1 0 0 0 1 1 1 1 1 1 0 1 1 1 1 0 1 0 1 1 0 1 0 1 1 0 1 1 1 1 1 0 0 0 0 1 0 1 1 1 1 1 1 1 1 0 1 1 1 1 1 1 0 0 1 1 0 1 1 1 1 1 1 0 1 0 0 1 1 1 0 1 1 1 1 1 1 1 1 1 1 1 1 1 0 0 1 0 0 1 1 0 1 1 1 1 1 1 1 1 1 1 1 1 1 1 1 1 1 
quality : 8520
======================================

========== print chromosome ==========
genes : 0 1 1 1 1 1 1 0 1 0 0 1 1 0 1 1 1 0 1 1 1 1 0 1 1 1 1 1 0 1 1 1 1 0 1 1 1 1 1 1 1 1 0 1 0 1 1 1 1 0 1 0 1 1 1 1 0 1 1 0 1 1 1 1 1 0 1 1 0 1 0 0 1 1 0 1 1 1 1 1 0 0 0 1 1 0 1 1 1 1 1 1 1 1 1 1 0 1 1 1 1 1 1 1 1 0 1 1 1 1 1 1 0 1 0 1 0 1 0 1 1 1 1 1 1 0 1 1 1 1 0 0 0 0 0 1 1 1 1 1 1 1 0 1 1 1 0 1 1 1 1 0 0 0 1 1 1 1 1 0 1 1 1 0 1 1 0 1 0 1 1 1 1 1 1 1 1 1 0 0 1 1 0 1 0 1 1 1 1 0 0 0 1 1 1 1 1 1 0 1 1 1 1 1 1 0 1 1 0 1 0 1 1 0 1 1 1 1 1 0 0 0 0 1 0 1 1 1 1 1 1 1 1 0 1 1 1 1 1 1 0 0 1 1 0 1 1 1 1 1 1 0 1 0 0 1 1 1 0 1 1 1 1 1 1 1 1 1 1 1 1 1 0 0 1 0 0 0 1 0 1 1 1 1 1 1 1 1 1 1 1 1 1 1 1 1 1 
quality : 8520
======================================

========== print chromosome ==========
genes : 0 1 1 1 1 1 1 0 1 0 0 1 1 0 1 1 1 0 1 1 1 1 0 1 1 1 1 1 0 1 1 1 1 0 1 1 1 1 1 1 1 1 0 1 0 1 1 1 1 0 1 0 1 1 1 1 0 1 1 0 1 1 1 1 1 0 1 1 0 1 0 0 1 1 0 1 1 1 1 1 0 0 0 1 1 0 1 1 1 1 1 1 1 1 1 1 0 1 1 1 1 1 1 1 1 0 1 1 1 1 1 1 0 1 0 1 0 1 0 1 1 1 1 1 1 0 1 1 1 1 0 0 0 0 0 1 1 1 1 1 1 1 0 1 1 1 0 1 1 1 1 0 0 0 1 1 1 1 1 0 1 1 1 1 1 1 0 1 0 1 1 1 1 1 1 1 1 1 0 0 1 1 0 1 1 1 1 1 1 0 0 0 1 1 1 1 1 1 0 1 1 1 1 0 1 0 1 1 0 1 0 1 1 0 1 1 1 1 1 0 0 0 0 1 0 1 1 1 1 1 1 1 1 0 1 1 1 1 1 1 0 0 1 1 0 1 1 1 1 1 1 0 1 0 0 1 1 1 0 1 1 1 1 1 1 1 1 1 1 1 1 1 0 0 1 0 0 0 1 0 1 1 1 1 1 1 1 1 1 1 1 1 1 1 1 1 1 
quality : 8520
======================================

========== print chromosome ==========
genes : 0 1 1 1 1 1 1 0 1 0 0 1 1 0 1 1 1 0 1 1 1 1 0 1 1 1 1 1 0 1 1 1 1 0 1 1 1 1 1 1 1 1 0 1 0 1 1 1 1 0 1 0 1 1 1 1 0 1 1 0 1 1 1 1 1 0 1 1 0 1 0 0 1 1 0 1 1 1 1 1 0 0 0 1 1 0 1 1 1 1 1 1 1 0 1 1 0 1 1 1 1 1 1 1 1 0 1 1 1 1 1 1 0 1 0 1 0 1 0 1 1 1 1 1 1 0 1 1 1 1 0 0 0 0 0 1 1 1 1 1 1 1 0 1 1 1 0 1 1 1 1 0 0 0 1 1 1 1 1 0 1 1 1 1 1 1 0 1 0 1 1 1 1 1 1 1 1 1 0 0 1 1 0 1 1 1 1 1 1 0 0 0 1 1 1 1 1 1 0 1 1 1 1 0 1 0 1 1 0 1 0 1 1 0 1 1 1 1 1 0 0 0 1 1 0 1 1 1 1 1 1 1 1 0 1 1 1 1 1 1 0 0 1 1 0 1 1 1 1 1 1 0 1 0 0 1 1 1 0 1 1 1 1 1 1 1 1 1 1 1 1 1 0 0 1 0 0 0 1 0 1 1 1 1 1 1 1 1 1 1 1 1 1 1 1 1 1 
quality : 8520
======================================

========== print chromosome ==========
genes : 0 1 1 1 1 1 1 0 1 0 0 1 1 0 1 1 1 0 1 1 1 1 0 1 1 1 1 1 0 1 1 1 1 0 1 1 1 1 1 1 1 1 0 1 0 1 1 1 1 0 1 0 1 1 1 1 0 1 1 0 1 1 1 1 1 0 1 1 0 1 0 0 1 1 0 1 1 1 1 1 0 0 0 1 1 0 1 1 1 1 1 1 1 1 1 1 0 1 1 1 1 1 1 1 1 0 1 1 1 1 1 1 0 1 0 1 0 1 0 1 1 1 1 1 1 0 1 1 1 1 0 0 0 0 0 1 1 1 1 1 1 1 0 1 1 1 0 1 1 1 1 0 0 0 1 1 1 1 1 0 1 1 1 1 1 1 0 1 0 1 1 1 1 1 1 1 1 1 0 0 1 1 0 1 1 1 1 1 1 0 0 0 1 1 1 1 1 1 0 1 1 1 1 0 1 1 1 1 0 1 0 1 1 0 1 1 1 1 1 0 0 0 0 1 0 1 1 1 1 1 1 1 1 0 1 1 1 1 1 1 0 0 1 1 0 1 1 1 1 1 1 0 1 0 0 1 1 1 0 1 1 1 1 1 1 1 1 1 1 1 1 1 0 1 1 0 0 0 1 0 1 1 1 1 1 1 1 1 1 1 1 1 1 1 1 1 1 
quality : 8520
======================================

========== print final result ==========
Generations evolved: 4143372
Best quality: 8520
Mean quality: 8289.400391
Standard deviation: 539.770264
======================================

2 3 4 5 6 7 9 12 13 15 16 17 19 20 21 22 24 25 26 27 28 30 31 32 33 35 36 37 38 39 40 41 42 44 46 47 48 49 51 53 54 55 56 58 59 61 62 63 64 65 67 68 70 73 74 76 77 78 79 80 84 85 87 88 89 90 91 92 93 94 95 96 98 99 100 101 102 103 104 105 107 108 109 110 111 112 114 116 118 120 121 122 123 124 125 127 128 129 130 136 137 138 139 140 141 142 144 145 146 148 149 150 151 155 156 157 158 159 161 162 163 164 165 166 168 170 171 172 173 174 175 176 177 178 181 182 184 185 186 187 188 189 193 194 195 196 197 198 200 201 202 203 205 206 207 208 210 212 213 215 216 217 218 219 224 226 227 228 229 230 231 232 233 235 236 237 238 239 240 243 244 246 247 248 249 250 251 253 256 257 258 260 261 262 263 264 265 266 267 268 269 270 271 272 274 275 279 281 282 283 284 285 286 287 288 289 290 291 292 293 294 295 296 297 