========== print final result ==========
Generations evolved: 12467867
Best quality: 92
Mean quality: 91.699997
Standard deviation: 0.794377
======================================

Number of population: 30

========== print chromosome ==========
genes : 0 1 0 0 0 1 0 0 0 0 1 0 1 0 1 0 0 0 1 1 1 0 1 1 1 1 1 1 0 1 0 1 0 0 0 1 0 0 0 0 0 1 1 1 0 0 1 1 1 0 
quality : 92
======================================

========== print chromosome ==========
genes : 0 1 0 0 0 1 0 0 0 0 1 0 1 0 1 0 1 0 1 1 1 0 1 1 1 1 1 1 0 0 0 1 0 0 0 1 0 0 0 0 0 1 1 1 0 0 1 1 1 0 
quality : 89
======================================

========== print chromosome ==========
genes : 0 1 0 0 0 1 1 1 0 0 1 0 1 1 1 0 1 0 1 1 1 0 1 1 1 1 1 1 0 1 0 1 0 0 0 1 0 0 0 0 0 1 1 1 0 0 1 1 1 0 
quality : 91
======================================

========== print chromosome ==========
genes : 0 1 0 0 0 1 1 0 0 0 1 0 1 0 1 0 1 1 1 1 1 0 1 1 1 1 1 1 0 1 0 1 0 0 0 1 0 0 1 0 0 1 1 1 0 0 1 1 1 0 
quality : 92
======================================

========== print chromosome ==========
genes : 0 1 0 0 0 1 1 0 0 0 1 0 1 0 1 0 1 1 1 1 1 0 1 1 1 1 1 1 0 1 0 1 0 0 0 1 0 0 0 0 0 1 1 1 0 0 1 1 1 0 
quality : 92
======================================

========== print chromosome ==========
genes : 0 1 0 0 0 1 1 0 0 1 1 0 1 0 0 0 1 1 1 1 1 0 1 1 1 1 1 1 0 1 0 1 1 0 0 1 0 0 0 0 0 1 1 1 0 0 1 1 1 0 
quality : 91
======================================

========== print chromosome ==========
genes : 0 1 0 0 0 1 1 0 0 0 1 0 1 1 1 0 1 1 1 1 1 0 1 1 1 1 1 1 0 1 0 1 0 0 0 0 0 0 0 0 0 1 1 1 0 0 1 1 1 0 
quality : 89
======================================

========== print chromosome ==========
genes : 0 1 0 0 0 1 1 0 0 0 1 0 1 0 0 0 1 1 1 1 1 0 1 1 1 1 1 1 0 1 0 1 0 0 0 1 0 0 0 0 0 1 1 1 0 0 1 1 1 0 
quality : 91
======================================

========== print chromosome ==========
genes : 0 1 0 0 0 1 1 0 0 0 1 0 1 0 1 0 1 1 1 1 1 0 1 1 1 1 1 1 0 1 0 1 0 0 0 1 0 0 0 0 0 1 1 1 0 0 1 1 1 0 
quality : 92
======================================

========== print chromosome ==========
genes : 0 1 0 0 0 1 1 0 0 0 1 0 1 0 1 0 1 1 1 1 1 0 1 1 1 1 1 1 0 1 0 1 0 0 0 1 0 0 0 0 0 1 1 1 0 0 1 1 1 0 
quality : 92
======================================

========== print chromosome ==========
genes : 0 1 0 0 0 1 1 0 0 0 1 0 1 0 1 0 1 1 1 1 1 0 1 1 1 1 1 1 0 1 0 1 1 0 0 1 0 0 0 0 0 1 1 1 0 0 1 1 1 0 
quality : 92
======================================

========== print chromosome ==========
genes : 0 1 0 0 0 0 1 0 0 0 1 0 1 0 1 0 1 0 1 1 1 0 1 1 1 1 1 1 0 1 0 1 0 0 0 1 0 0 0 0 0 1 1 1 0 0 1 1 1 0 
quality : 92
======================================

========== print chromosome ==========
genes : 0 1 0 0 0 1 1 0 0 0 1 0 1 0 1 0 1 1 1 1 1 0 1 1 0 1 1 1 0 1 0 1 0 0 0 1 0 0 0 0 0 1 1 1 0 0 1 1 1 1 
quality : 92
======================================

========== print chromosome ==========
genes : 0 1 0 0 0 1 1 0 0 1 1 0 1 0 1 0 1 1 1 1 1 0 1 1 1 1 1 1 0 1 0 1 0 0 0 1 0 0 0 0 0 1 1 1 0 0 1 1 1 0 
quality : 92
======================================

========== print chromosome ==========
genes : 0 1 0 0 0 1 0 0 0 0 1 0 1 0 1 0 1 1 1 1 1 0 1 1 1 1 1 1 0 1 0 1 0 0 0 1 0 0 0 0 0 1 1 1 0 0 1 1 1 0 
quality : 92
======================================

========== print chromosome ==========
genes : 0 1 0 0 0 1 1 0 0 0 1 0 1 0 1 0 1 1 1 1 1 0 1 1 1 1 1 1 0 1 0 1 0 0 0 1 0 0 0 0 0 1 1 1 0 0 1 1 1 0 
quality : 92
======================================

========== print chromosome ==========
genes : 0 1 0 0 0 1 1 0 0 0 1 0 1 0 1 0 1 0 1 1 1 0 1 1 1 1 1 1 0 1 0 1 0 0 0 1 0 0 0 0 0 1 1 1 0 0 1 1 1 0 
quality : 92
======================================

========== print chromosome ==========
genes : 0 1 0 0 0 1 1 0 0 0 1 0 1 0 1 0 1 1 0 1 1 0 1 1 1 1 1 1 0 1 0 1 0 0 0 1 0 0 0 0 0 1 1 1 0 0 1 1 1 0 
quality : 92
======================================

========== print chromosome ==========
genes : 0 1 0 0 0 1 1 0 0 0 1 0 1 0 0 0 1 1 1 1 1 0 1 1 1 1 1 1 0 1 0 1 0 0 0 1 0 0 0 0 0 1 1 1 0 0 1 1 1 0 
quality : 92
======================================

========== print chromosome ==========
genes : 0 1 0 0 0 1 1 0 0 0 1 0 1 0 1 0 1 1 1 1 1 0 1 1 1 1 1 1 0 1 0 1 0 0 0 1 0 0 0 0 0 1 1 1 1 0 1 1 1 0 
quality : 92
======================================

========== print chromosome ==========
genes : 0 0 0 0 0 1 1 0 0 0 1 0 1 0 1 0 1 1 1 1 1 0 1 1 1 1 1 1 0 1 0 1 0 0 0 1 0 0 0 0 0 1 1 1 0 0 1 1 1 0 
quality : 92
======================================

========== print chromosome ==========
genes : 0 1 0 0 0 1 1 0 0 0 1 0 1 0 1 0 1 1 1 1 1 0 1 1 1 1 1 1 0 1 0 1 0 0 0 1 0 0 0 0 0 1 1 1 0 0 1 1 1 0 
quality : 92
======================================

========== print chromosome ==========
genes : 0 1 0 0 0 1 1 0 0 0 1 0 1 0 1 0 1 1 1 1 1 0 1 1 1 1 1 1 0 1 0 1 0 1 0 1 0 0 0 0 0 1 1 1 0 0 1 1 1 0 
quality : 92
======================================

========== print chromosome ==========
genes : 0 1 0 0 0 1 1 1 0 0 1 0 1 0 1 0 1 1 1 1 1 0 1 1 1 1 1 1 0 1 0 1 0 0 0 1 0 0 0 0 0 1 1 1 0 0 1 1 1 0 
quality : 92
======================================

========== print chromosome ==========
genes : 0 1 0 0 0 1 1 0 0 0 1 0 1 0 1 0 1 1 1 1 1 0 1 1 1 1 1 1 0 1 0 1 0 0 0 1 0 0 0 0 0 1 1 1 0 0 1 1 1 0 
quality : 92
======================================

========== print chromosome ==========
genes : 0 1 0 0 0 1 1 0 0 0 1 0 1 0 1 0 1 1 1 1 1 0 1 1 1 1 1 0 0 1 0 1 0 0 0 1 0 0 1 0 0 1 1 0 0 0 1 1 1 0 
quality : 92
======================================

========== print chromosome ==========
genes : 0 1 0 0 0 1 1 0 0 0 1 0 1 0 1 0 1 1 1 1 1 0 1 1 1 1 1 1 0 1 0 1 0 0 0 1 0 0 0 0 0 1 1 1 0 0 1 1 1 0 
quality : 92
======================================

========== print chromosome ==========
genes : 0 1 0 0 0 1 1 0 1 0 1 0 1 0 1 0 1 1 1 1 1 0 1 1 1 1 1 1 0 1 0 1 0 0 0 1 0 0 0 0 0 1 1 1 0 0 1 1 1 0 
quality : 92
======================================

========== print chromosome ==========
genes : 0 1 0 0 0 1 1 0 0 0 1 0 1 0 1 0 1 1 1 1 1 0 1 1 1 1 1 1 0 1 0 1 0 0 0 1 0 0 0 0 0 1 1 1 0 0 1 1 1 0 
quality : 92
======================================

========== print chromosome ==========
genes : 0 1 0 0 0 1 1 0 0 0 1 0 1 0 1 0 1 1 1 1 1 0 1 1 1 1 1 1 0 1 0 1 0 0 0 1 0 0 0 0 0 1 1 1 0 0 1 1 1 0 
quality : 92
======================================

========== print final result ==========
Generations evolved: 12467867
Best quality: 92
Mean quality: 91.699997
Standard deviation: 0.794377
======================================

2 6 7 11 13 15 17 18 19 20 21 23 24 25 26 27 28 30 32 36 42 43 44 47 48 49 