========== print final result ==========
Generations evolved: 3384432
Best quality: 342
Mean quality: 340.766663
Standard deviation: 3.125902
======================================

Number of population: 30

========== print chromosome ==========
genes : 0 0 0 1 1 1 1 0 1 0 0 0 1 0 1 1 0 1 1 1 1 0 1 0 1 0 0 0 0 1 0 1 0 0 1 1 0 0 0 0 1 0 1 1 1 1 1 1 1 0 0 1 1 0 0 1 1 0 0 0 1 1 0 0 1 1 1 0 0 1 0 1 0 1 0 1 0 0 1 1 0 0 1 1 1 0 0 1 0 0 0 1 1 0 0 1 1 0 1 0 
quality : 342
======================================

========== print chromosome ==========
genes : 0 0 0 1 1 1 1 0 1 0 0 0 1 0 1 1 0 1 1 1 1 0 1 0 1 0 0 0 0 1 0 1 0 0 1 1 0 0 0 0 1 0 1 1 1 1 1 1 1 1 0 1 1 0 0 1 1 1 0 0 1 1 0 0 1 1 1 0 1 1 1 1 0 1 0 1 0 0 1 1 0 0 1 1 1 0 0 1 0 0 0 1 1 0 0 1 1 0 1 0 
quality : 333
======================================

========== print chromosome ==========
genes : 0 0 0 1 1 1 1 0 1 0 0 0 1 0 1 1 0 1 1 1 1 0 1 0 1 0 0 0 0 1 0 1 0 0 1 1 0 0 0 0 1 0 1 1 1 1 1 1 1 0 0 1 1 0 0 1 1 0 0 0 1 1 0 0 1 1 1 0 0 1 0 1 0 1 0 1 0 0 1 1 0 0 1 1 1 0 0 1 0 0 0 1 1 0 0 1 1 0 1 0 
quality : 342
======================================

========== print chromosome ==========
genes : 0 0 0 1 1 1 1 0 1 0 0 0 1 0 1 1 0 1 1 1 1 0 1 0 1 0 0 0 0 1 0 1 0 0 1 1 0 0 0 0 1 0 1 1 1 1 1 1 1 0 0 1 1 0 0 1 1 0 0 0 1 1 0 0 1 1 1 0 1 1 1 1 0 1 0 1 0 0 1 1 0 0 1 1 1 0 0 1 0 0 0 1 1 0 0 1 1 0 1 0 
quality : 334
======================================

========== print chromosome ==========
genes : 0 0 0 0 1 1 1 0 1 0 0 0 1 0 1 1 0 1 1 1 1 0 1 0 1 0 0 0 0 1 0 1 0 0 1 1 0 0 0 0 1 0 1 1 1 1 1 0 1 0 0 1 1 0 0 1 1 0 0 0 1 1 0 0 1 1 1 0 0 0 0 1 0 1 0 1 0 1 1 1 0 0 1 1 1 0 0 1 0 0 0 1 1 0 0 1 1 0 1 0 
quality : 336
======================================

========== print chromosome ==========
genes : 0 0 0 1 1 1 1 0 1 0 0 0 1 1 1 1 0 1 1 1 1 0 1 0 1 0 0 0 0 1 0 1 0 0 1 1 0 0 0 0 1 0 1 1 1 1 1 1 1 0 0 1 1 0 0 1 1 0 0 0 1 1 0 0 1 1 1 0 0 1 0 1 0 1 0 1 0 0 1 1 0 0 1 1 1 0 0 1 0 0 0 1 1 0 0 1 1 0 1 0 
quality : 342
======================================

========== print chromosome ==========
genes : 0 0 0 1 1 1 1 0 1 1 0 0 1 0 1 1 0 1 1 1 1 0 1 0 1 0 0 0 0 1 0 1 0 0 1 1 0 0 0 0 1 0 1 1 1 1 1 1 1 0 0 1 1 0 0 1 1 0 0 0 1 1 0 0 1 1 1 0 0 1 0 1 0 1 0 1 0 0 1 1 0 0 0 1 1 0 0 1 0 0 0 1 1 0 1 1 1 0 1 0 
quality : 330
======================================

========== print chromosome ==========
genes : 0 0 0 1 1 1 0 0 1 0 0 0 1 0 1 1 0 1 1 1 1 0 1 0 1 1 0 0 0 1 0 1 0 0 1 1 0 0 0 0 1 0 1 1 1 1 1 1 1 0 1 1 1 0 0 1 1 0 0 0 1 1 0 0 1 1 1 0 0 1 0 1 0 1 0 0 0 0 1 1 0 0 1 1 1 0 0 1 0 0 0 1 1 0 0 1 1 0 1 0 
quality : 340
======================================

========== print chromosome ==========
genes : 0 0 0 1 1 1 1 0 1 0 0 1 1 0 1 1 0 1 1 1 1 0 1 0 1 0 0 0 0 1 0 1 0 0 1 1 0 0 0 0 1 0 1 1 1 1 1 1 1 0 0 1 1 0 0 1 1 0 0 0 1 1 0 0 1 1 1 0 0 1 0 1 0 1 0 1 0 0 1 1 0 0 1 1 1 0 0 1 0 0 0 1 1 0 0 1 1 0 1 0 
quality : 342
======================================

========== print chromosome ==========
genes : 0 0 0 1 1 1 1 0 1 0 0 0 1 0 1 1 0 1 1 1 1 0 1 0 1 0 0 0 0 1 0 1 0 0 1 1 0 0 0 0 1 0 1 1 1 1 1 1 1 0 0 1 1 0 0 1 1 0 0 0 1 1 0 0 1 1 1 0 0 1 0 1 0 1 0 1 0 1 1 1 0 0 1 1 1 0 0 1 0 0 0 1 1 0 0 1 1 0 1 0 
quality : 342
======================================

========== print chromosome ==========
genes : 0 0 0 1 1 1 1 0 1 0 0 0 1 0 1 1 0 1 1 1 1 0 1 0 1 0 0 0 0 1 0 1 0 0 1 1 0 0 0 0 1 0 1 1 1 1 1 1 1 0 0 1 1 0 0 1 1 0 0 0 1 1 0 0 1 1 1 0 0 1 0 1 0 1 0 1 0 0 1 0 0 0 1 1 1 0 0 1 0 0 0 1 1 0 0 1 1 0 1 0 
quality : 342
======================================

========== print chromosome ==========
genes : 0 0 0 1 1 1 1 0 1 0 0 0 1 0 1 1 0 1 1 1 1 0 1 0 1 0 0 0 0 1 0 1 0 0 1 1 0 0 0 0 1 0 1 1 1 1 1 1 1 0 0 1 1 0 0 1 1 0 0 0 1 1 1 0 1 1 1 0 0 1 0 1 0 1 0 1 0 0 1 1 0 0 1 1 1 0 0 1 0 0 0 1 1 0 0 1 1 0 1 0 
quality : 342
======================================

========== print chromosome ==========
genes : 0 0 0 1 1 0 1 0 1 0 0 0 1 0 1 1 0 1 1 1 1 0 1 1 1 0 0 0 0 1 0 1 0 0 1 1 0 0 0 0 0 0 1 1 1 1 1 1 1 1 0 1 1 0 0 1 1 0 0 0 1 1 0 0 1 1 1 0 0 1 0 1 0 1 0 1 0 0 1 1 0 0 1 1 1 0 0 1 0 0 0 1 1 0 0 1 1 0 1 0 
quality : 342
======================================

========== print chromosome ==========
genes : 0 0 0 1 1 1 1 0 1 0 0 0 1 0 1 1 0 0 1 1 1 0 1 0 1 0 0 0 0 1 0 1 0 0 1 1 0 0 0 0 1 0 1 1 1 1 1 1 1 0 0 1 1 0 0 1 1 0 0 0 1 1 0 0 1 1 1 0 0 1 0 1 0 1 0 1 0 0 1 1 0 0 1 1 1 0 0 1 0 0 0 1 1 0 0 1 1 0 1 0 
quality : 342
======================================

========== print chromosome ==========
genes : 0 0 0 1 1 1 1 0 1 0 0 0 1 0 1 1 1 1 1 1 1 0 1 0 1 0 0 0 0 1 0 1 0 0 1 1 0 0 0 0 1 0 1 1 1 1 1 1 1 0 0 1 1 0 0 1 1 0 0 0 1 1 0 0 1 1 1 0 0 1 0 1 0 1 0 1 0 0 1 1 0 0 1 1 1 0 0 1 0 0 0 1 1 0 0 1 1 0 1 0 
quality : 342
======================================

========== print chromosome ==========
genes : 0 0 0 1 1 1 1 0 1 0 0 0 1 0 1 1 0 1 1 1 1 0 1 0 1 0 0 0 0 1 0 1 0 0 1 1 0 0 0 0 1 0 1 1 1 1 1 1 1 0 1 1 1 0 0 1 1 0 0 0 1 1 0 0 1 1 1 0 0 1 0 1 0 1 0 1 0 0 1 1 0 0 1 1 1 0 0 1 0 0 0 1 1 0 0 1 1 0 1 0 
quality : 342
======================================

========== print chromosome ==========
genes : 0 0 0 1 1 1 1 0 1 0 0 0 1 0 1 1 0 1 1 1 1 0 1 0 1 0 0 0 0 1 0 1 0 0 1 1 0 0 0 0 1 0 1 1 1 1 1 1 1 0 0 1 1 0 0 1 1 0 0 0 1 1 0 0 1 1 1 0 0 1 0 1 0 1 0 1 0 0 1 1 0 0 1 1 1 0 0 1 0 0 0 1 1 0 0 1 1 0 1 0 
quality : 342
======================================

========== print chromosome ==========
genes : 0 0 0 1 1 1 1 0 1 0 0 0 1 0 1 1 0 1 1 1 1 0 1 0 1 0 0 0 0 1 0 1 0 0 1 1 0 0 0 0 1 0 1 1 1 1 1 1 1 0 0 1 1 0 0 1 1 0 0 0 1 1 0 0 1 1 1 0 0 1 0 1 0 1 0 1 0 0 1 1 0 0 1 1 1 0 0 1 0 0 1 1 1 0 0 1 1 0 1 0 
quality : 342
======================================

========== print chromosome ==========
genes : 0 0 0 1 1 1 1 0 1 1 0 0 1 0 1 1 0 1 1 1 1 0 1 0 1 0 0 0 0 1 0 1 0 0 1 1 0 0 0 0 1 0 1 1 1 1 1 1 1 0 0 1 1 0 0 1 1 0 0 0 1 1 0 0 1 1 1 0 0 1 0 1 0 1 0 1 0 0 1 1 0 0 0 1 1 0 0 1 0 0 0 1 1 0 0 1 1 0 1 0 
quality : 342
======================================

========== print chromosome ==========
genes : 0 0 0 1 1 1 1 0 1 0 0 0 1 0 1 1 0 1 1 1 1 0 1 0 1 0 0 0 0 1 0 1 0 0 1 1 0 0 0 0 1 0 1 1 1 1 1 1 1 0 0 1 1 0 0 1 1 0 0 0 1 1 0 0 1 1 1 0 0 1 0 1 0 1 0 1 0 0 1 1 0 0 1 1 1 0 0 1 0 0 0 1 1 0 0 1 1 0 1 0 
quality : 342
======================================

========== print chromosome ==========
genes : 0 0 0 1 1 1 1 0 1 0 0 0 1 0 1 1 0 1 1 1 1 0 1 0 1 0 0 0 0 1 0 1 1 0 1 1 0 0 0 0 1 0 1 1 1 1 1 1 1 0 0 1 1 0 0 1 1 0 0 0 1 1 0 0 1 1 1 0 0 1 0 1 0 1 0 1 0 0 1 1 0 0 1 1 1 0 0 1 0 0 0 1 1 0 0 1 1 0 1 0 
quality : 342
======================================

========== print chromosome ==========
genes : 0 0 0 1 1 1 1 0 1 0 0 0 1 0 1 1 0 1 1 1 1 0 1 0 1 0 0 0 0 1 0 1 0 0 1 1 0 0 1 0 1 0 1 1 1 1 1 1 1 0 0 1 1 0 0 1 1 0 0 0 1 1 0 0 1 1 1 0 0 1 0 1 0 1 0 1 0 0 1 1 0 0 1 1 1 0 0 1 0 0 0 1 1 0 0 1 1 0 1 0 
quality : 342
======================================

========== print chromosome ==========
genes : 0 0 0 1 1 1 1 0 1 0 0 0 1 0 1 1 0 1 1 1 1 0 1 0 1 0 0 0 0 1 0 1 0 0 1 1 0 0 0 0 1 0 1 1 1 1 1 1 1 0 0 1 1 0 0 1 1 0 0 0 1 1 0 0 1 1 1 0 0 1 0 1 0 1 0 1 0 0 1 1 0 0 1 1 1 0 0 1 0 0 0 1 0 0 1 1 1 0 1 0 
quality : 342
======================================

========== print chromosome ==========
genes : 0 0 0 1 1 1 1 0 1 0 0 0 1 0 1 1 0 1 1 1 1 0 1 0 1 0 0 0 0 1 0 1 0 0 1 1 0 0 0 0 1 0 1 1 1 1 1 1 1 0 0 1 1 0 0 1 1 0 0 0 1 0 0 0 0 1 1 0 0 1 0 1 0 0 0 1 0 0 1 1 0 0 1 1 1 0 0 1 0 0 0 1 1 0 0 1 1 0 1 0 
quality : 342
======================================

========== print chromosome ==========
genes : 0 0 0 1 1 1 1 0 1 0 0 0 1 0 1 1 0 1 1 1 1 0 1 0 1 0 0 0 0 1 0 1 0 0 1 1 0 0 0 0 1 0 1 1 1 1 1 1 1 0 0 1 1 0 0 1 1 0 0 0 1 1 0 0 1 1 1 0 0 1 0 1 0 1 0 0 0 0 1 1 0 0 1 1 1 0 0 1 0 0 0 1 1 0 0 1 1 0 1 0 
quality : 342
======================================

========== print chromosome ==========
genes : 0 0 0 1 1 1 1 0 1 0 0 0 1 0 1 1 0 1 1 1 1 0 1 0 1 0 0 0 0 0 1 1 0 0 1 1 0 0 0 0 1 0 1 1 1 1 1 1 1 0 0 1 0 0 0 1 1 0 0 0 1 1 0 1 1 1 1 0 0 1 0 1 0 1 0 1 0 0 1 1 0 0 1 1 1 0 0 1 0 0 0 1 1 0 0 1 1 0 1 0 
quality : 342
======================================

========== print chromosome ==========
genes : 0 0 0 1 1 1 1 0 1 0 0 0 1 0 1 1 0 1 1 1 1 0 1 0 1 0 0 0 0 1 0 1 0 0 1 1 0 0 0 0 1 0 1 1 1 1 1 1 1 0 0 1 1 0 0 1 1 0 0 0 1 1 0 0 1 1 1 0 0 1 0 1 0 1 0 1 0 0 1 1 0 0 1 1 1 0 0 1 0 0 0 1 1 0 0 1 1 0 1 0 
quality : 342
======================================

========== print chromosome ==========
genes : 0 0 0 1 1 0 1 0 1 1 0 0 1 0 1 1 0 1 1 1 1 0 1 0 1 0 0 0 0 1 0 1 1 0 1 1 0 0 0 0 1 0 1 1 1 1 1 1 1 1 0 1 1 0 0 1 1 0 0 0 1 1 0 0 1 1 1 0 1 1 1 1 0 1 0 1 0 0 1 1 0 0 1 1 1 0 0 1 0 0 0 1 1 0 0 1 1 0 1 0 
quality : 342
======================================

========== print chromosome ==========
genes : 0 0 0 1 1 1 1 0 1 1 0 0 1 0 1 1 0 1 1 1 1 0 1 0 1 0 0 0 0 1 0 1 0 0 1 1 0 0 0 0 1 0 1 1 1 1 1 1 1 0 0 1 1 0 0 1 1 0 0 1 1 1 0 0 1 1 1 0 0 1 0 1 0 1 0 1 0 0 1 1 0 0 1 1 1 0 0 1 0 0 0 1 1 0 0 1 1 0 1 0 
quality : 342
======================================

========== print chromosome ==========
genes : 0 0 0 1 1 1 1 0 1 0 0 0 1 0 1 1 0 1 1 1 1 0 1 0 1 0 0 0 0 1 0 1 0 0 1 1 0 0 0 0 1 0 1 1 1 1 1 1 1 0 0 1 1 0 0 1 1 0 0 0 1 1 0 0 1 1 1 0 0 1 0 1 0 1 0 1 0 0 1 1 0 0 1 1 1 0 0 1 0 0 0 1 1 0 0 1 1 0 1 0 
quality : 342
======================================

========== print final result ==========
Generations evolved: 3384432
Best quality: 342
Mean quality: 340.766663
Standard deviation: 3.125902
======================================

4 5 6 7 9 13 15 16 18 19 20 21 23 25 30 32 35 36 41 43 44 45 46 47 48 49 52 53 56 57 61 62 65 66 67 70 72 74 76 79 80 83 84 85 88 92 93 96 97 99 