========== print final result ==========
Generations evolved: 224502
Best quality: 4295
Mean quality: 4271.266602
Standard deviation: 30.199251
======================================

Number of population: 30

========== print chromosome ==========
genes : 0 0 1 1 1 0 0 0 0 0 0 0 0 1 0 1 1 1 1 1 0 1 1 0 0 1 1 1 0 1 1 0 0 1 0 1 0 1 0 0 1 0 0 0 0 1 1 1 0 0 1 1 1 1 1 1 1 0 0 0 0 1 0 0 0 1 1 1 1 1 0 0 0 0 1 1 0 0 1 1 0 1 0 0 1 0 1 1 1 1 1 0 0 0 0 0 1 1 1 1 0 0 0 0 1 0 0 0 1 0 0 0 1 0 0 1 0 0 1 1 1 0 1 0 0 0 1 0 0 1 1 1 1 1 0 0 0 0 0 0 0 0 1 0 1 1 0 1 1 1 0 0 0 0 1 1 1 0 0 0 0 1 0 1 1 0 1 1 0 0 0 1 0 1 0 0 1 1 0 1 0 0 0 0 1 0 0 0 0 0 1 1 1 1 0 1 0 0 1 1 1 0 1 1 0 1 0 0 1 1 0 0 0 1 1 1 1 0 0 0 0 0 0 1 1 1 0 1 0 1 1 1 0 0 0 0 0 0 0 0 1 0 0 1 1 1 0 1 1 0 1 0 0 0 1 1 0 1 0 1 1 1 1 0 0 1 0 1 1 0 1 1 0 0 1 1 1 0 1 0 0 1 0 1 0 1 1 0 1 0 0 1 0 1 1 0 1 1 1 1 1 1 0 1 0 1 1 0 0 1 1 0 0 1 0 0 1 0 0 0 1 0 1 1 1 0 0 1 0 1 1 1 1 1 0 0 1 0 0 0 0 0 1 0 0 1 0 1 0 0 0 1 0 0 0 0 0 1 1 0 1 1 1 0 1 1 1 0 1 1 1 1 1 1 1 1 1 1 1 0 0 1 0 0 1 1 0 0 1 1 0 0 1 1 1 0 0 0 1 1 1 1 1 1 1 1 0 1 0 1 1 1 1 0 1 0 0 0 0 0 0 1 0 1 0 1 0 1 1 0 0 0 0 0 0 1 1 1 1 1 1 1 0 0 1 0 1 0 0 1 0 1 0 1 0 0 0 0 0 1 0 1 1 0 1 0 1 1 1 0 1 0 0 1 0 1 0 0 1 0 0 0 1 1 0 0 0 1 1 0 0 1 0 1 1 0 1 0 0 1 
quality : 4222
======================================

========== print chromosome ==========
genes : 0 0 1 1 1 0 0 0 0 0 0 0 0 1 0 1 1 1 1 1 0 1 1 0 0 1 1 1 0 1 1 0 0 1 0 1 0 1 0 0 1 0 0 0 0 0 1 1 1 0 1 0 1 1 1 1 1 0 0 0 0 1 0 0 0 1 1 1 1 1 0 0 0 0 1 1 0 0 1 1 0 1 1 0 1 0 1 1 1 1 1 0 0 0 0 0 1 1 1 1 0 0 0 0 1 0 0 0 1 0 0 0 1 0 0 1 0 0 1 1 1 0 1 0 0 0 0 0 0 1 1 1 1 1 0 0 0 0 0 0 0 0 1 0 1 1 0 1 0 1 0 0 1 0 0 1 1 1 0 0 0 1 0 1 1 0 1 1 0 0 0 0 0 0 0 0 1 1 0 1 0 0 0 0 1 0 0 0 0 0 1 1 1 1 0 1 0 0 0 1 1 0 1 1 0 1 0 0 1 1 0 0 0 1 1 1 1 0 1 0 0 0 0 0 1 1 0 1 0 1 1 1 0 0 0 0 0 0 0 0 1 0 0 1 1 1 0 1 1 0 1 0 0 0 0 1 0 1 0 1 1 1 1 0 0 1 0 1 1 0 1 1 0 0 1 1 1 1 1 0 0 1 0 0 0 1 1 0 1 0 1 1 0 1 1 0 1 1 1 1 1 1 0 1 1 1 1 0 0 1 1 0 0 1 0 0 1 0 0 0 1 0 0 1 0 0 0 1 0 1 1 0 1 1 1 0 1 0 0 0 0 0 1 0 0 1 0 1 0 0 0 1 0 0 0 0 0 1 0 0 1 1 1 1 1 1 1 1 1 1 1 1 1 1 1 1 1 1 1 0 0 1 1 0 1 1 0 0 1 1 0 0 1 1 1 0 0 0 1 1 1 1 1 1 1 1 0 1 0 1 1 1 1 0 1 0 0 0 0 0 0 1 0 1 0 1 0 1 1 0 0 0 0 0 0 1 1 1 1 1 1 1 0 0 1 0 1 0 0 1 0 1 0 1 0 1 0 0 0 1 0 1 1 0 1 0 1 1 1 0 1 0 0 1 0 1 0 0 1 0 0 0 1 1 0 0 0 1 1 0 0 1 0 1 1 0 1 0 0 1 
quality : 4224
======================================

========== print chromosome ==========
genes : 0 0 1 1 1 0 0 0 0 0 0 0 0 1 0 1 1 1 1 1 0 1 1 0 0 1 1 1 0 1 1 0 0 1 0 0 0 1 0 0 1 0 0 0 0 1 1 1 1 0 1 0 1 1 1 1 1 0 0 0 0 1 0 0 0 1 1 1 1 1 0 0 0 0 1 1 0 0 1 1 0 1 1 0 1 0 1 1 0 1 1 0 0 0 0 0 1 1 1 1 0 0 0 0 1 0 0 0 1 0 0 0 1 1 0 1 0 0 1 0 1 0 1 0 0 0 0 0 0 1 1 1 1 1 0 0 0 0 0 0 0 0 1 0 1 1 0 1 0 1 0 0 0 0 1 1 1 0 0 0 0 1 0 1 1 0 1 1 0 0 0 1 0 0 0 0 1 0 0 1 0 0 0 0 1 0 0 0 0 0 1 1 1 1 0 1 1 0 1 1 1 0 1 1 0 1 0 0 1 1 0 0 0 1 1 1 1 0 1 0 0 0 0 1 1 1 0 1 0 1 1 1 0 0 0 1 0 0 0 0 1 0 0 1 1 1 0 1 1 0 1 1 0 0 1 1 0 1 0 1 1 1 0 0 0 1 0 1 1 0 1 1 0 0 1 1 1 0 1 0 0 1 0 0 0 1 1 0 1 0 0 1 0 1 1 0 1 1 1 1 1 1 1 1 1 1 1 0 0 1 1 0 0 1 0 0 1 0 0 0 1 0 0 1 0 0 0 1 0 1 1 0 0 1 0 0 1 0 0 0 0 0 1 0 0 1 0 1 0 0 0 1 0 0 0 0 0 0 0 0 1 1 1 0 1 1 1 1 1 1 1 1 1 1 1 1 1 1 1 1 0 1 0 0 1 1 0 1 0 1 0 0 1 0 1 0 0 0 1 1 1 1 1 1 1 1 0 1 0 1 1 1 1 0 1 0 0 0 0 0 0 1 0 1 0 1 0 1 1 0 1 0 0 0 0 1 1 1 1 1 1 1 0 0 1 0 1 0 0 1 0 0 0 1 0 0 0 0 0 0 0 1 1 0 1 0 1 1 1 0 1 0 0 1 0 1 0 0 1 0 0 1 1 1 0 0 0 1 1 0 0 1 0 1 1 0 1 0 0 1 
quality : 4214
======================================

========== print chromosome ==========
genes : 0 0 1 1 1 0 0 0 0 0 0 0 0 1 1 0 1 1 1 1 0 1 1 0 0 1 1 1 0 1 1 0 0 1 0 1 0 1 0 0 1 0 0 0 0 1 1 1 1 0 1 0 1 1 1 0 1 0 0 0 0 1 0 0 0 1 1 1 1 1 0 0 0 0 1 1 0 0 1 1 0 1 1 0 1 0 1 1 1 1 1 0 0 0 0 0 1 1 1 1 0 0 0 0 1 0 0 0 0 0 0 0 1 0 0 1 0 0 1 1 1 0 1 0 0 0 0 0 1 1 1 1 1 0 0 0 0 0 0 0 0 0 1 0 1 1 0 1 0 1 0 0 0 0 1 1 0 0 0 0 0 1 0 1 0 0 1 1 0 0 0 1 0 0 0 0 1 1 0 1 0 0 0 0 1 0 0 0 0 0 1 1 1 1 0 1 0 0 1 1 1 0 1 1 1 1 0 1 1 1 0 0 0 1 1 1 1 0 0 0 0 0 0 1 1 1 0 1 0 1 1 1 0 0 0 0 0 0 0 0 1 0 0 1 1 1 0 1 1 0 1 0 0 0 1 1 0 1 0 1 1 1 1 0 0 1 1 1 1 0 1 1 0 0 1 1 1 0 1 1 0 1 0 0 0 1 1 0 1 0 0 1 0 1 1 0 1 1 1 1 1 1 0 1 1 1 1 0 0 1 1 0 0 1 0 0 1 0 0 0 1 0 0 1 0 0 0 1 0 1 1 0 1 1 0 0 1 0 0 0 0 0 1 0 0 1 0 1 0 0 0 1 0 0 0 0 0 1 0 0 1 1 1 0 1 1 1 1 1 1 1 1 1 1 1 1 1 1 1 0 0 1 0 0 1 1 0 0 1 1 0 0 1 1 1 0 0 0 1 1 1 1 1 1 1 1 0 1 0 1 1 1 1 1 1 0 0 1 0 0 0 1 0 1 0 1 0 1 1 0 0 1 0 0 0 1 1 1 1 1 1 1 0 0 1 0 1 0 0 1 0 1 0 1 0 0 0 0 0 1 0 1 1 0 1 0 1 1 1 0 1 0 0 1 0 1 0 0 1 0 0 0 1 1 0 0 0 1 1 0 0 1 0 1 1 0 1 0 0 1 
quality : 4229
======================================

========== print chromosome ==========
genes : 0 0 1 1 1 0 0 0 0 0 0 0 0 1 0 1 1 1 1 1 0 1 1 0 0 1 1 1 0 1 0 0 0 1 0 1 0 1 0 0 1 0 0 0 0 1 1 1 1 0 1 0 1 1 1 1 1 1 0 0 0 1 1 0 0 1 1 1 1 1 0 0 0 0 1 1 0 0 1 1 0 1 1 0 1 0 1 1 1 1 1 0 0 0 0 0 1 1 1 1 0 0 0 0 1 0 0 0 1 0 0 0 1 0 0 1 0 0 1 1 1 0 1 0 0 0 0 0 0 1 1 1 1 1 0 0 0 0 0 0 0 0 0 0 1 1 0 1 0 1 1 0 0 0 1 1 1 0 0 0 0 1 0 1 1 0 1 1 0 0 0 1 0 0 0 0 1 1 0 1 0 1 0 0 1 0 0 0 0 0 1 1 1 1 0 1 0 0 1 1 1 0 1 1 0 1 0 0 1 1 0 0 0 1 1 1 1 0 1 0 0 0 0 1 1 1 0 1 0 0 1 1 0 0 0 0 0 0 1 0 1 0 0 1 1 1 0 1 1 0 1 0 0 0 1 1 0 1 0 1 1 1 1 0 0 1 0 1 1 0 1 1 0 0 1 1 1 0 1 0 0 1 0 0 0 1 1 0 1 0 0 1 0 1 1 0 1 1 1 1 1 1 0 0 1 1 1 0 0 1 1 1 0 1 0 0 1 0 0 0 1 0 0 1 0 0 0 1 0 1 1 0 0 1 0 0 1 0 1 0 0 0 1 0 0 1 0 1 0 0 0 1 0 0 0 0 0 1 0 0 1 1 1 0 1 1 1 1 1 1 1 1 1 1 1 1 1 1 1 0 0 1 0 1 1 1 0 0 0 1 0 0 1 1 1 0 0 0 1 1 1 1 1 1 1 1 0 1 0 1 1 1 1 0 1 0 0 0 0 0 0 1 0 1 0 1 0 1 1 0 0 0 1 0 0 0 1 1 1 1 1 1 0 0 1 0 1 0 0 1 0 1 0 1 0 0 1 1 0 1 0 1 1 0 1 0 1 1 1 0 1 0 0 1 0 1 0 0 1 0 0 0 1 1 0 0 0 1 1 0 0 1 0 1 1 0 1 0 0 1 
quality : 4220
======================================

========== print chromosome ==========
genes : 0 1 1 1 1 0 0 1 0 1 0 0 0 1 0 1 1 1 1 1 0 1 0 0 0 1 1 1 0 1 1 1 0 1 0 1 0 1 0 0 1 0 0 0 0 1 1 1 1 0 1 0 1 1 1 1 1 0 0 0 0 1 0 0 0 1 1 1 1 1 0 0 0 0 1 1 0 0 1 1 0 1 1 0 1 0 1 1 1 1 1 0 0 0 0 0 1 1 1 1 0 0 0 0 1 0 0 0 1 0 0 0 1 0 0 1 0 0 1 1 1 0 1 0 1 0 0 0 0 1 1 1 1 1 0 0 0 0 0 0 1 0 1 0 1 1 0 1 0 1 0 0 0 0 1 0 1 0 0 0 0 1 0 1 1 0 1 0 0 0 0 1 0 0 0 0 1 1 0 1 0 0 0 0 1 0 0 0 0 0 1 1 1 1 1 1 0 0 1 1 1 0 1 1 0 1 0 0 1 1 0 0 0 1 1 0 1 0 1 0 0 0 0 1 1 1 0 1 0 1 1 0 0 0 0 0 0 0 0 0 1 0 0 1 1 1 0 1 1 0 1 0 0 0 1 1 0 1 0 1 1 1 1 0 0 1 0 1 1 0 1 1 0 0 1 1 1 0 1 0 0 1 0 0 1 1 1 0 1 0 0 1 0 1 1 0 1 1 1 1 1 1 0 1 1 1 1 0 0 1 1 0 0 1 0 0 1 0 0 0 1 0 0 1 0 0 0 1 0 1 1 0 1 1 0 0 1 0 0 0 0 0 1 0 0 1 0 1 0 0 0 1 0 0 0 0 0 1 0 0 1 1 1 0 1 1 1 1 1 1 1 1 1 1 1 1 1 1 1 0 0 1 0 0 1 1 0 0 1 1 0 0 0 1 1 0 0 0 1 1 1 1 1 1 1 1 0 1 0 1 1 1 1 0 1 0 0 0 0 0 0 1 0 1 0 1 0 1 1 0 0 0 0 0 0 1 1 1 1 1 1 1 1 0 1 0 1 0 0 1 0 1 0 1 0 0 0 0 0 1 0 1 1 0 1 0 1 1 1 1 1 0 0 1 0 1 0 0 0 0 0 0 1 0 0 0 0 1 1 0 0 1 0 1 1 0 1 0 0 1 
quality : 4230
======================================

========== print chromosome ==========
genes : 0 0 1 1 1 0 0 0 0 0 0 0 0 1 1 0 1 1 1 1 0 1 1 0 0 1 1 1 0 1 1 0 0 1 0 1 0 1 0 0 1 0 0 0 0 1 1 1 1 0 1 0 1 1 1 1 1 0 0 0 0 1 0 0 0 1 1 1 1 1 0 0 0 0 1 1 0 0 1 1 0 1 1 0 1 0 1 1 1 1 1 0 0 0 0 0 1 1 1 1 0 0 0 0 1 0 0 0 0 0 0 0 1 0 0 1 0 0 1 1 1 0 1 0 0 0 1 0 1 1 1 1 1 0 0 0 0 0 0 0 0 0 1 0 1 1 0 1 0 1 0 0 0 0 1 1 0 0 0 0 0 1 0 1 1 0 1 1 0 0 0 1 0 0 0 0 1 1 0 1 0 0 0 0 1 0 0 0 0 0 1 1 1 1 0 1 0 0 1 1 1 0 1 1 1 1 0 0 1 1 0 0 0 1 1 1 1 1 1 0 0 0 0 1 1 1 0 1 0 1 1 1 0 0 0 0 0 0 0 0 1 0 0 1 1 1 0 1 1 0 1 0 0 1 1 1 0 1 0 1 1 1 1 1 0 1 1 1 1 0 1 1 0 0 1 1 1 0 1 0 0 1 0 0 0 1 1 0 1 0 0 1 0 1 1 0 1 1 1 1 1 1 0 1 1 1 1 0 0 1 1 0 0 1 0 0 1 0 0 1 1 0 0 1 0 0 0 1 0 1 1 0 1 1 0 0 1 0 0 0 0 0 1 0 0 1 0 1 0 0 0 1 0 0 0 0 0 1 0 0 1 1 1 0 1 1 1 1 1 1 1 1 1 1 1 1 1 1 1 0 0 1 0 0 1 1 0 0 1 1 0 0 0 1 1 0 0 0 1 1 1 1 1 1 1 1 0 1 0 1 1 1 1 0 1 0 0 0 0 0 0 1 0 1 0 1 0 1 1 0 0 0 0 0 0 1 1 1 1 1 1 1 1 0 1 0 1 0 0 1 0 1 0 1 0 0 0 0 0 1 0 1 1 0 1 0 1 1 1 1 1 0 0 1 0 1 0 0 0 0 0 0 1 1 0 0 0 1 1 0 0 1 0 1 1 0 1 0 0 1 
quality : 4210
======================================

========== print chromosome ==========
genes : 0 0 1 1 1 0 0 0 1 0 0 0 0 1 0 1 1 1 1 1 0 1 1 0 0 1 1 1 0 1 1 1 0 1 0 1 0 1 0 0 1 0 0 0 0 1 1 1 1 0 1 0 1 1 1 1 1 0 0 0 0 1 0 0 0 1 1 1 1 1 0 0 0 1 1 1 0 0 0 1 0 1 1 0 1 0 1 1 1 1 1 0 0 0 0 0 1 1 1 1 0 0 0 0 1 0 1 0 1 1 0 0 1 0 0 1 0 0 1 1 1 0 1 0 1 0 0 0 0 1 1 1 1 1 0 0 0 0 0 0 0 0 1 0 1 1 0 1 0 1 0 0 0 0 1 1 1 0 0 0 0 1 0 1 1 0 1 1 0 0 0 1 0 0 0 0 1 1 0 1 0 0 0 0 1 0 0 0 0 1 1 1 1 1 0 1 0 0 1 1 1 0 1 1 0 0 0 0 0 1 0 0 0 1 1 0 1 0 1 0 0 0 0 1 1 1 0 1 0 1 1 0 0 0 0 0 0 0 0 0 1 0 0 1 1 0 0 1 1 0 1 0 0 0 1 1 0 1 1 1 1 1 1 0 0 1 0 1 1 0 1 1 0 0 1 1 1 0 1 0 0 1 0 1 0 1 1 0 1 1 0 1 0 1 1 0 1 1 1 1 1 1 0 1 1 1 1 0 0 1 1 0 0 1 0 0 1 0 0 0 1 0 0 1 0 0 0 1 0 1 1 0 1 1 0 0 1 0 0 0 0 0 1 0 0 1 0 1 0 0 0 1 0 1 0 0 0 1 0 0 1 1 1 0 1 1 1 1 1 0 1 1 1 1 1 1 1 1 1 0 0 1 0 0 1 1 0 0 1 1 0 0 1 1 1 0 0 0 1 1 1 1 1 1 1 1 0 1 0 1 1 1 1 0 1 0 0 0 0 0 0 1 0 1 0 1 0 1 1 0 0 0 0 0 0 1 1 0 1 1 1 1 0 0 1 0 1 0 0 1 0 1 0 1 0 0 0 0 0 1 0 1 1 0 1 0 1 1 1 0 1 0 0 1 0 1 0 0 1 0 0 0 1 1 0 0 0 1 1 0 0 1 0 1 1 0 1 0 0 1 
quality : 4231
======================================

========== print chromosome ==========
genes : 0 0 1 1 0 0 0 0 0 0 0 0 0 1 0 1 1 1 1 1 0 1 1 0 0 1 1 1 0 1 1 1 0 1 0 1 0 1 0 0 1 0 0 0 0 1 1 1 1 0 1 0 1 1 1 1 1 0 0 0 0 1 0 0 0 1 1 1 1 1 0 0 0 0 1 1 0 0 1 1 0 1 1 0 1 0 1 1 1 1 1 0 0 0 0 0 1 1 1 1 0 0 0 0 1 0 0 0 1 0 0 0 0 0 0 1 0 0 1 1 1 0 1 0 0 0 0 0 0 1 1 1 1 1 0 0 0 0 0 0 0 0 1 0 1 1 0 1 1 1 0 0 0 0 1 1 1 0 0 0 0 1 0 1 1 0 1 1 0 0 0 1 0 0 0 1 1 1 0 1 0 0 0 0 1 0 0 0 0 0 1 1 1 1 0 1 0 0 1 1 1 0 1 1 0 1 0 0 1 1 0 0 0 1 1 1 1 0 1 0 0 0 0 1 1 1 0 1 0 1 1 0 0 0 0 0 0 0 0 0 1 0 0 1 1 1 0 1 1 0 1 0 0 0 1 0 0 1 0 1 1 0 1 0 0 1 0 1 1 0 1 1 0 0 1 1 1 0 1 0 0 1 0 0 0 1 1 1 1 0 0 1 0 1 1 0 1 1 1 1 1 1 0 1 1 1 1 0 0 1 1 0 0 1 0 0 1 0 0 0 1 0 0 1 0 0 0 1 0 1 1 0 1 1 0 0 1 0 0 0 0 0 1 0 0 1 0 1 0 0 0 1 0 0 0 0 0 1 0 0 1 1 1 0 1 1 1 1 1 1 1 1 1 1 1 1 1 1 1 0 0 1 0 0 1 1 0 0 1 1 0 1 1 1 1 0 0 0 1 1 1 1 1 1 1 1 0 1 0 1 1 1 1 0 1 0 0 0 0 0 0 1 0 1 0 1 0 1 1 0 0 0 0 0 0 0 1 1 1 1 1 1 1 0 1 0 1 0 0 1 0 1 0 1 0 0 0 0 0 1 0 1 1 0 1 0 1 1 1 0 1 1 0 1 0 1 1 0 0 0 0 0 1 1 0 0 0 1 1 0 0 1 0 1 1 0 1 0 0 1 
quality : 4287
======================================

========== print chromosome ==========
genes : 0 0 1 1 1 0 0 0 0 0 0 0 0 1 0 1 1 1 1 1 0 1 1 0 0 1 1 1 0 1 1 0 0 1 0 1 0 1 0 0 0 0 0 0 0 1 1 1 1 0 1 0 1 1 1 1 1 0 0 0 0 1 0 0 0 1 1 1 1 1 0 0 0 0 1 1 0 0 1 1 0 1 1 0 1 0 1 1 1 1 1 0 0 0 0 0 1 1 1 1 0 0 0 0 1 0 0 0 1 0 0 0 1 0 0 1 0 0 1 1 1 0 1 0 1 0 0 0 0 1 1 1 1 1 1 0 0 0 0 0 0 0 1 0 1 1 0 1 0 1 0 0 0 0 1 1 1 0 0 0 0 1 1 1 1 0 1 1 0 0 0 0 0 0 0 0 1 1 0 1 0 0 0 0 1 0 0 0 0 0 1 1 1 1 0 1 0 0 1 1 1 0 1 1 0 1 0 0 1 0 0 0 0 1 1 1 1 0 1 0 0 0 0 1 1 1 0 0 0 1 1 1 0 0 0 0 0 0 0 0 1 0 0 1 1 1 0 1 1 0 1 0 0 0 1 1 0 1 0 1 1 1 1 0 0 1 0 1 1 0 1 1 0 0 1 1 1 0 1 0 0 1 0 0 0 1 1 0 1 0 0 1 0 1 1 0 1 1 1 1 1 1 0 1 1 1 1 0 0 1 1 1 0 1 0 0 1 0 0 0 1 0 0 1 0 0 0 1 0 1 1 0 1 1 0 0 1 0 0 0 0 0 1 0 0 1 0 1 0 0 0 1 0 0 0 0 0 1 0 0 1 1 1 0 1 1 1 1 1 1 1 1 1 1 1 1 1 1 1 0 0 1 0 0 1 1 0 0 1 1 0 0 1 1 1 0 0 0 1 1 1 1 1 1 1 1 0 1 0 1 1 1 1 0 1 0 0 0 0 0 0 1 0 1 0 1 0 1 1 0 0 0 0 0 0 1 1 1 1 1 1 1 0 0 1 0 1 0 0 1 0 1 0 1 0 0 0 0 0 1 0 1 1 0 1 0 1 1 1 0 1 0 0 1 0 1 0 0 1 0 0 0 1 0 0 0 0 1 1 0 0 1 0 1 1 0 1 0 0 1 
quality : 4287
======================================

========== print chromosome ==========
genes : 0 0 1 1 1 0 0 0 0 0 0 0 0 1 0 1 1 1 1 1 0 1 1 0 0 1 1 1 0 1 1 0 0 1 0 1 0 1 0 0 1 0 0 0 0 1 1 1 0 0 1 0 1 1 1 1 1 0 0 0 0 1 0 0 0 1 1 1 1 1 0 0 0 0 1 1 0 0 1 1 0 1 1 0 1 0 1 1 1 1 1 0 0 0 0 0 1 1 1 1 0 0 0 0 1 0 0 1 1 0 0 0 1 0 0 1 0 0 1 1 1 0 1 0 0 0 1 0 0 1 1 1 1 1 0 0 0 0 0 0 0 0 1 0 1 1 0 1 0 1 0 0 0 0 1 1 1 0 0 0 0 1 0 1 1 0 1 1 0 0 0 1 0 0 0 0 1 1 0 1 0 0 0 0 1 0 0 0 0 0 1 1 1 1 0 1 0 0 1 1 1 0 0 1 0 1 0 0 1 1 0 0 0 1 1 1 1 0 1 0 0 0 0 1 1 1 0 1 0 1 1 1 0 0 0 0 0 0 0 0 1 0 0 1 1 1 0 1 1 0 1 0 0 0 1 1 0 1 0 1 1 1 1 0 0 1 0 1 1 0 1 1 0 0 1 1 1 0 1 0 0 1 0 0 0 1 1 0 1 0 0 1 0 1 1 0 1 1 1 1 1 1 0 1 1 1 1 0 0 1 1 0 0 1 0 0 1 0 0 0 1 0 0 1 0 0 0 1 0 1 1 0 1 1 0 0 1 0 0 0 0 0 1 0 0 1 0 1 0 0 0 1 0 0 0 0 0 1 0 0 1 1 1 0 1 1 1 1 1 1 1 1 1 1 1 1 1 1 1 0 0 1 0 0 1 1 0 0 1 1 0 0 1 1 1 0 0 0 1 1 1 1 0 1 1 1 0 1 0 1 1 1 1 0 1 0 0 0 0 0 0 1 0 1 0 1 0 1 1 0 0 0 0 0 0 1 1 1 1 1 1 1 0 0 1 0 1 0 0 1 0 1 0 1 0 0 0 0 0 1 0 1 1 0 1 0 1 1 1 0 1 0 0 1 0 1 0 0 1 0 0 0 1 1 0 0 0 1 1 0 0 1 0 1 1 0 1 0 0 1 
quality : 4288
======================================

========== print chromosome ==========
genes : 0 0 1 1 1 0 0 0 0 0 0 0 0 1 0 1 1 1 1 1 0 1 1 0 0 1 1 1 0 1 1 0 0 1 0 1 0 1 0 0 1 0 0 0 0 1 1 1 1 0 1 0 1 1 1 1 1 0 0 0 0 1 0 0 0 1 1 1 1 1 0 0 0 0 1 1 0 0 1 1 0 1 1 0 1 0 1 1 1 1 1 0 0 0 0 0 1 1 1 1 0 0 0 0 1 0 0 0 1 0 0 0 1 0 0 1 0 0 1 1 1 0 1 0 0 0 0 0 0 1 1 1 1 1 0 0 0 0 0 0 0 0 1 0 1 1 0 1 1 1 0 0 0 0 1 1 1 0 0 0 0 1 0 1 1 0 1 1 0 0 0 1 0 0 0 0 1 1 0 1 0 0 0 0 1 0 0 0 0 0 1 1 1 1 0 1 0 0 1 1 1 0 1 1 0 1 0 0 1 1 0 0 0 1 1 1 1 0 0 0 0 0 0 1 1 1 0 1 0 1 1 1 0 0 0 0 0 0 0 0 1 0 0 1 1 1 0 1 1 0 1 0 0 0 1 1 0 1 0 1 1 1 1 0 0 1 0 1 1 0 1 1 0 0 1 1 1 0 1 0 0 1 0 1 0 1 1 0 1 0 0 1 0 1 1 0 1 1 1 1 1 1 0 1 0 1 1 0 0 1 1 0 0 1 0 0 1 0 0 0 1 0 0 1 0 0 0 1 0 1 1 0 1 1 0 0 1 0 0 0 0 0 1 0 0 1 0 1 0 0 0 1 0 0 0 0 0 1 0 0 1 0 1 0 1 1 1 1 1 1 1 1 1 1 1 1 1 1 1 0 0 1 0 0 1 1 0 0 1 1 0 0 1 1 1 0 0 0 1 1 1 1 1 1 1 1 0 1 0 1 1 1 1 0 1 0 0 0 0 0 0 1 0 1 0 0 0 1 1 0 0 0 0 0 0 1 1 1 1 1 1 1 0 0 1 0 1 0 0 1 0 1 0 1 0 0 0 0 0 1 0 1 1 0 1 0 1 1 1 0 1 0 0 1 0 1 0 0 1 0 0 0 1 1 0 0 1 1 1 0 0 1 0 1 1 0 1 0 0 1 
quality : 4288
======================================

========== print chromosome ==========
genes : 0 0 1 1 1 0 0 1 0 0 0 0 0 1 0 1 1 1 1 1 0 1 1 0 0 1 1 1 0 1 1 0 0 1 0 1 0 1 0 0 1 0 0 0 0 1 1 1 1 0 1 0 1 1 1 1 1 0 0 0 0 1 0 0 0 1 1 1 1 1 0 0 0 0 1 1 0 1 1 1 0 1 1 0 1 0 1 1 1 1 1 0 0 0 0 0 1 1 1 1 0 0 0 0 1 0 0 0 0 0 0 0 1 0 0 1 0 0 1 1 1 0 1 0 0 0 0 0 0 1 1 1 1 1 0 0 0 0 0 0 0 0 1 0 1 1 0 1 0 1 0 0 0 0 0 1 1 1 0 0 0 1 0 1 1 0 1 1 0 0 0 0 0 0 0 0 1 1 0 1 0 0 0 0 1 0 0 0 0 0 1 1 1 1 0 1 0 0 1 1 1 0 1 1 0 1 0 0 1 1 0 0 0 1 1 1 1 0 1 0 0 0 0 0 1 1 0 1 0 1 1 1 0 0 0 0 0 0 0 0 1 0 0 1 1 1 0 1 1 0 1 0 0 0 0 1 0 1 0 1 1 1 1 0 0 1 0 1 1 0 1 1 0 0 1 1 1 1 1 0 0 1 0 0 0 1 1 0 1 0 0 1 0 1 1 0 1 1 1 1 1 1 0 1 1 1 1 0 0 1 1 0 0 1 0 0 1 0 0 0 1 0 0 1 0 0 0 1 0 1 1 0 1 1 1 0 1 0 0 0 0 0 1 0 0 1 0 1 0 0 0 1 0 0 0 0 0 1 0 0 1 1 1 0 1 1 1 1 1 1 1 1 1 1 1 1 1 1 1 0 0 1 0 0 1 1 0 0 1 1 0 0 1 1 1 0 0 0 1 1 1 1 1 1 1 1 0 1 0 1 1 1 1 0 1 0 0 0 0 0 0 1 0 1 0 1 0 1 1 0 0 0 0 0 0 1 1 1 1 1 1 1 0 0 1 0 1 0 0 1 0 1 0 1 0 1 0 0 0 1 0 1 1 0 1 0 1 1 1 0 1 0 0 1 0 1 0 0 1 0 0 0 1 1 0 0 0 1 1 0 0 1 0 1 1 0 1 0 0 1 
quality : 4288
======================================

========== print chromosome ==========
genes : 0 0 1 1 1 0 0 0 0 0 0 0 0 1 0 1 1 1 1 1 0 1 1 0 0 1 1 1 0 1 1 0 0 1 0 1 0 1 0 1 1 0 0 0 0 1 1 1 0 0 1 0 1 1 1 1 1 0 0 0 0 1 0 0 0 1 1 1 1 1 0 0 0 0 1 1 0 0 1 1 0 1 1 0 1 0 1 1 1 1 1 0 0 0 0 0 1 1 1 1 0 0 0 0 1 0 0 0 1 0 0 0 1 0 0 1 0 0 1 1 1 0 1 0 0 0 0 0 0 1 1 1 1 1 0 0 0 0 0 0 0 0 1 0 1 1 0 1 0 1 0 0 0 0 1 1 1 0 0 0 0 1 0 1 1 0 1 1 0 0 0 1 0 0 0 0 0 1 0 1 0 0 0 0 1 0 0 0 0 0 1 1 1 1 0 1 0 0 1 1 1 0 1 1 0 1 0 0 1 1 0 0 0 1 1 1 1 0 1 0 0 0 0 1 1 1 0 0 0 1 1 1 0 0 0 0 0 0 0 0 1 0 0 1 1 1 0 1 1 0 1 0 0 0 1 1 0 1 0 1 1 1 1 0 0 1 0 1 1 0 1 1 0 0 1 1 1 0 1 0 0 1 0 0 0 1 1 0 1 0 0 1 0 1 1 0 1 1 1 1 1 1 0 0 1 1 1 0 1 1 1 0 0 1 0 0 1 0 0 0 1 0 0 1 0 0 0 1 0 1 1 1 1 1 0 0 1 0 0 0 0 0 1 0 0 1 0 1 0 0 0 1 0 0 0 0 0 1 0 0 1 1 1 0 1 1 1 1 1 1 1 1 1 1 1 1 1 1 1 0 1 1 0 0 1 1 0 0 1 1 0 0 1 1 1 0 0 0 1 1 1 1 1 1 1 1 0 1 0 1 1 1 1 0 1 0 0 0 0 0 0 1 0 1 0 1 0 1 1 0 0 0 0 0 0 1 1 0 1 1 1 1 0 0 1 0 1 0 0 1 0 1 0 1 0 0 0 0 0 1 0 1 1 0 1 0 1 1 1 0 1 0 0 1 0 1 0 0 1 0 0 0 1 1 0 0 0 1 1 0 0 1 0 1 1 0 1 0 0 1 
quality : 4288
======================================

========== print chromosome ==========
genes : 0 0 1 1 1 0 0 0 0 0 0 0 0 1 0 1 1 0 1 1 0 0 0 0 0 1 1 1 0 1 1 0 0 1 0 1 0 1 0 0 1 0 0 0 0 1 1 1 1 0 1 0 1 1 1 1 1 0 0 0 0 1 0 0 0 1 1 1 1 1 0 0 0 0 1 1 0 0 1 1 0 1 1 0 1 0 1 1 1 1 1 0 0 0 0 0 1 1 1 1 0 0 0 0 1 0 0 0 1 0 0 0 1 0 0 1 0 0 1 1 1 0 1 0 0 0 0 0 0 1 1 1 1 1 0 0 0 0 0 0 0 0 1 0 1 1 0 1 0 1 0 0 0 0 1 1 1 0 0 0 0 1 0 1 1 0 1 1 0 0 0 1 0 0 0 0 1 1 0 1 0 0 0 0 1 0 0 0 0 0 1 1 1 1 0 1 0 1 1 1 1 0 1 1 0 1 0 0 1 1 0 0 0 1 1 1 1 0 1 0 0 0 0 1 0 1 0 1 0 1 1 1 0 0 0 0 0 0 0 0 1 0 0 0 1 1 0 1 1 0 1 0 0 0 1 1 0 1 0 1 1 1 1 0 0 1 0 1 1 0 1 1 0 0 1 1 1 0 1 0 0 1 0 0 0 1 1 0 1 0 0 1 0 1 1 0 1 1 1 1 1 1 0 1 1 1 1 0 0 1 1 0 0 1 0 0 1 0 0 1 1 0 0 1 0 0 0 1 0 1 1 0 0 1 0 0 1 0 0 0 0 0 1 0 0 1 0 1 0 0 0 1 0 0 0 0 0 1 0 0 1 1 1 0 1 1 1 1 0 1 1 1 1 1 1 1 1 1 1 0 0 1 0 0 1 1 0 0 1 1 0 0 1 1 1 0 0 0 1 1 1 1 1 1 1 1 0 1 0 1 1 1 1 0 1 0 0 0 0 0 0 1 0 1 0 1 0 1 1 0 0 0 0 0 0 1 1 1 1 1 1 1 0 0 1 0 0 0 0 1 0 1 0 1 0 0 0 0 0 1 0 1 1 0 1 1 1 1 1 0 1 0 0 1 0 1 0 0 1 0 0 0 1 1 0 0 0 1 1 0 0 1 0 1 1 0 1 0 0 1 
quality : 4288
======================================

========== print chromosome ==========
genes : 0 0 1 1 1 0 0 0 0 0 0 0 0 1 0 1 1 1 1 1 0 1 1 0 0 1 1 1 0 1 1 0 0 1 0 0 0 1 0 0 1 0 0 0 0 1 1 1 1 0 1 0 1 1 1 1 1 0 0 0 0 1 0 0 0 1 1 1 1 1 0 0 0 0 1 1 0 0 1 1 0 1 1 0 1 0 1 1 0 1 1 0 0 0 0 0 1 1 1 1 0 0 0 0 1 0 0 0 1 0 0 0 1 0 0 1 0 0 1 1 1 0 1 0 0 0 0 0 0 1 1 1 1 1 0 0 0 0 0 0 0 0 1 0 1 1 0 1 0 1 0 0 0 0 1 1 1 0 0 0 0 1 0 1 1 0 1 1 0 0 0 1 0 0 0 0 1 1 0 1 0 0 0 0 1 0 0 0 0 0 1 1 1 1 0 1 0 0 1 1 1 0 1 1 0 1 0 0 1 1 0 0 0 1 1 1 1 0 0 0 0 0 0 1 1 1 0 1 0 1 1 1 0 0 0 0 0 0 0 0 1 0 0 1 1 1 0 1 1 0 1 0 0 0 1 1 0 1 0 1 1 1 1 0 0 1 0 1 1 0 1 1 0 0 1 1 1 0 1 0 0 1 0 0 0 1 1 0 1 0 0 1 0 1 1 0 1 1 1 1 1 1 0 1 1 1 1 0 0 1 1 0 0 1 0 0 1 0 0 0 1 0 0 1 0 0 0 1 0 1 1 0 1 1 0 0 1 0 0 1 0 0 1 0 0 1 0 1 0 0 0 1 0 0 0 0 0 1 0 0 1 1 1 0 1 1 1 1 1 1 1 1 1 1 1 1 1 1 1 0 0 1 0 0 1 1 0 0 1 1 0 0 1 1 1 0 0 1 1 1 1 1 1 1 1 1 0 1 0 1 1 1 1 0 1 0 0 0 0 0 0 1 0 1 0 1 0 1 1 0 0 0 0 0 0 1 1 1 1 1 1 1 0 0 1 0 1 0 0 1 0 1 0 1 0 0 0 0 0 1 0 1 1 0 1 0 0 1 1 0 1 0 0 1 0 1 0 0 1 0 0 0 1 1 0 0 0 1 1 0 0 1 0 1 1 0 1 0 0 1 
quality : 4288
======================================

========== print chromosome ==========
genes : 0 0 1 1 1 0 0 0 0 0 0 0 0 1 0 1 1 1 1 1 0 1 1 0 0 1 1 1 0 1 1 0 0 1 0 1 0 1 0 0 1 0 0 0 0 0 1 1 1 0 1 0 1 1 1 1 1 0 0 0 0 1 0 0 0 1 1 1 1 1 0 0 0 0 1 1 0 0 1 1 0 1 1 0 1 0 1 1 1 1 1 0 0 0 0 0 1 1 1 1 0 0 0 0 1 0 0 0 1 0 0 0 1 0 0 1 0 0 1 1 1 0 1 0 0 0 0 0 0 1 1 1 1 1 0 0 0 0 0 0 0 0 1 0 1 1 0 1 0 1 0 0 0 0 1 1 1 0 0 0 0 1 0 1 1 0 1 1 0 0 0 1 0 0 0 0 1 1 0 1 0 0 0 0 1 0 0 0 0 0 1 1 1 1 0 1 0 0 1 1 1 0 1 1 0 1 0 0 1 1 0 0 0 1 1 1 1 0 1 0 0 0 0 1 1 1 0 1 0 1 1 1 0 1 0 0 0 0 0 0 1 0 0 1 1 1 0 1 1 0 1 0 1 0 1 1 0 0 0 1 1 1 1 0 0 1 0 1 1 0 1 1 0 0 1 1 1 0 1 0 0 1 0 0 0 1 1 0 1 0 0 1 0 1 1 0 1 1 1 1 1 1 0 1 1 1 1 0 0 1 1 0 0 1 0 0 1 0 0 0 1 0 1 1 1 0 0 1 0 1 1 1 1 1 0 0 1 0 0 0 0 0 1 0 0 1 0 1 0 0 0 1 0 0 0 0 0 1 0 0 1 1 1 0 1 1 1 0 1 1 1 1 1 1 1 1 1 1 1 0 0 1 0 0 1 1 0 0 1 1 0 0 1 1 1 0 0 0 1 1 1 1 1 1 1 1 0 1 0 1 1 1 1 0 1 0 0 0 0 0 0 1 0 1 0 1 0 1 1 0 0 0 0 0 0 1 1 1 1 1 1 1 0 0 1 0 1 0 0 1 0 1 0 1 0 0 0 0 0 1 0 1 1 0 1 0 1 1 1 0 1 0 0 1 0 1 0 0 1 0 0 0 1 1 0 0 0 1 1 0 0 1 0 1 1 0 1 0 0 1 
quality : 4288
======================================

========== print chromosome ==========
genes : 0 0 1 1 1 0 0 0 0 0 0 0 0 1 1 0 1 1 1 1 0 1 1 0 0 1 1 1 0 1 1 0 0 1 0 1 0 1 0 0 1 0 0 0 0 1 1 1 1 0 1 0 1 1 1 1 1 0 0 0 0 1 0 0 0 1 1 1 1 1 0 0 0 0 1 1 0 0 1 1 0 1 1 0 1 0 1 1 1 1 1 0 0 0 0 0 1 1 1 1 0 0 0 0 1 0 0 0 1 0 0 0 1 0 0 1 0 0 1 1 1 0 1 0 1 0 0 0 0 1 1 1 1 1 0 0 0 0 0 0 0 0 1 0 1 1 0 1 0 1 0 0 0 0 1 1 1 0 0 0 0 1 0 1 1 0 1 1 0 0 0 1 0 0 0 0 1 1 0 1 0 0 0 0 1 0 0 0 0 0 1 1 1 1 0 1 0 0 1 1 1 0 1 1 0 1 0 0 1 1 0 0 0 1 1 1 1 0 1 0 0 0 0 1 1 1 0 1 0 1 1 0 0 0 0 0 0 0 0 0 1 0 0 1 1 1 0 1 1 0 1 0 0 0 1 1 0 1 0 1 1 1 1 0 0 1 0 1 1 0 1 1 0 0 1 1 1 0 1 0 0 1 0 0 0 1 1 0 1 0 0 1 0 1 1 0 1 1 1 1 1 1 0 1 1 1 1 0 0 1 1 0 0 1 0 0 1 0 0 0 1 0 0 1 0 0 0 1 0 1 1 0 1 1 0 0 1 0 0 0 0 0 1 0 0 1 0 1 0 0 0 1 0 0 0 0 0 1 0 0 1 1 1 0 1 1 1 1 1 1 1 1 1 1 1 1 1 1 1 0 0 1 0 0 1 1 0 0 1 1 0 0 0 1 1 0 0 0 1 1 1 1 1 1 1 1 0 1 0 1 1 1 1 0 1 0 0 0 0 0 0 1 0 1 0 1 0 1 1 0 0 0 0 0 0 1 1 1 1 1 1 1 1 0 1 0 1 0 0 1 0 1 0 1 0 0 0 0 0 1 0 1 1 0 1 0 1 1 1 1 1 0 0 1 0 1 0 0 0 0 0 0 1 1 0 0 0 1 1 0 0 1 0 1 1 0 1 0 0 1 
quality : 4288
======================================

========== print chromosome ==========
genes : 0 0 1 1 1 0 0 0 0 0 0 0 0 1 0 1 1 1 1 1 0 1 1 0 0 1 1 1 0 1 1 0 0 0 0 1 0 1 0 0 1 0 0 1 0 1 1 1 1 0 1 0 1 0 1 1 1 0 0 1 0 1 0 0 0 1 1 1 1 1 0 0 0 0 1 1 0 0 1 1 0 1 1 0 1 0 1 1 1 1 1 0 0 0 0 0 1 1 1 1 0 0 0 0 1 0 0 0 1 0 0 0 1 0 0 1 1 0 1 1 1 0 1 0 0 0 0 0 0 1 1 1 1 1 0 0 0 0 0 0 0 0 1 0 1 1 0 1 0 1 0 0 0 0 1 1 1 0 0 0 0 1 0 1 1 0 1 1 0 0 0 1 0 0 0 0 1 1 0 1 0 0 0 0 1 0 0 0 0 0 1 1 1 1 0 1 0 0 1 1 1 0 1 1 0 1 0 1 1 1 0 0 0 1 1 1 1 0 1 0 0 0 0 1 1 1 0 1 0 1 1 1 0 0 0 0 0 0 0 0 1 0 0 1 1 1 0 1 1 0 1 0 0 0 1 1 0 1 0 1 1 1 1 0 0 1 0 1 1 0 1 1 0 0 1 1 1 0 1 0 0 1 0 0 0 1 1 0 1 0 0 1 0 1 1 0 1 1 1 1 1 1 0 1 1 1 1 0 0 1 1 0 0 1 0 0 1 0 0 0 1 0 0 1 0 0 0 1 0 1 1 0 1 1 1 0 1 0 0 0 0 0 1 0 0 1 0 1 0 0 0 1 0 0 1 0 0 1 0 0 1 1 1 0 1 1 1 1 1 1 1 1 1 1 1 1 1 1 1 0 0 1 0 0 1 1 0 0 1 1 0 0 1 1 1 0 0 0 1 1 1 1 1 1 1 1 0 1 0 1 1 1 1 0 1 0 0 0 0 0 0 0 0 1 0 1 0 1 1 0 0 0 0 0 0 1 1 1 1 1 1 1 0 1 1 0 1 0 0 1 0 1 0 1 0 0 0 0 0 1 0 1 1 0 1 0 1 1 1 0 1 0 0 1 0 1 1 0 0 0 0 0 1 1 0 0 0 1 1 0 0 1 0 1 1 0 1 0 0 1 
quality : 4288
======================================

========== print chromosome ==========
genes : 0 0 1 1 1 0 0 0 0 0 0 0 0 1 0 1 1 1 1 1 0 1 1 0 0 1 1 1 0 1 1 0 0 1 0 1 0 1 0 0 1 0 0 0 0 1 1 1 1 0 1 0 1 1 1 1 1 1 0 0 0 1 0 0 0 1 1 1 1 1 0 0 0 0 1 1 0 0 1 1 0 1 1 0 1 0 1 1 1 1 1 0 0 0 0 0 1 1 1 1 0 0 0 0 1 0 0 0 1 0 0 0 1 0 0 1 0 0 1 1 1 0 1 0 0 0 0 0 0 1 1 1 1 1 0 0 0 0 0 0 0 0 1 0 1 1 0 1 0 1 0 0 0 0 1 1 1 0 0 0 0 1 0 1 1 0 1 0 0 0 0 1 0 0 0 0 1 1 0 1 0 0 0 0 1 0 0 0 0 0 1 1 1 1 0 1 0 0 1 1 1 0 1 1 0 1 0 0 1 1 0 0 0 1 1 1 1 0 1 0 0 0 0 1 1 1 0 1 0 1 1 1 0 0 0 0 0 0 0 0 1 0 0 1 1 1 0 1 1 0 1 0 0 0 1 1 0 1 0 1 1 1 1 0 0 1 0 1 1 0 1 1 0 0 1 1 1 0 1 0 0 1 0 0 0 1 1 0 1 0 0 1 0 1 1 1 1 1 1 1 1 1 0 1 1 1 1 0 0 1 1 0 0 1 0 0 1 0 0 0 1 0 0 1 0 0 0 1 0 1 1 0 1 1 0 0 1 0 0 0 0 0 1 0 0 1 0 1 0 0 0 1 0 0 0 0 0 1 0 0 1 1 1 0 1 1 1 1 1 1 1 1 1 1 1 1 1 1 1 0 0 1 0 0 1 1 0 0 1 1 0 0 1 1 1 0 0 0 1 1 1 1 1 1 1 1 0 1 0 1 1 1 1 0 1 0 0 0 0 0 0 1 0 1 0 1 0 1 1 0 0 0 0 0 0 1 1 1 1 1 1 1 0 0 1 0 1 0 0 1 0 1 0 1 0 0 0 0 0 1 0 1 1 0 1 0 1 1 1 0 1 0 0 1 0 1 0 0 1 0 0 0 1 1 0 0 0 1 1 0 0 1 0 1 1 0 0 0 0 1 
quality : 4288
======================================

========== print chromosome ==========
genes : 0 0 1 1 1 0 0 0 0 0 0 0 0 1 0 1 1 1 1 1 0 1 1 0 0 1 1 1 0 1 1 0 0 1 0 1 0 1 0 0 1 0 0 0 0 1 1 1 1 0 1 0 1 1 1 1 1 0 0 0 0 1 0 0 0 1 1 1 1 1 0 0 0 0 1 1 0 0 1 1 0 0 1 0 1 0 1 1 1 1 1 0 0 0 0 0 1 1 1 1 0 0 0 0 1 0 0 0 1 0 0 0 1 0 0 1 0 0 1 1 1 0 1 0 0 0 0 0 0 1 0 1 1 1 0 0 0 0 0 0 0 0 1 0 1 1 0 1 0 1 0 0 0 0 1 1 1 0 0 0 0 1 1 1 1 0 1 1 0 0 0 1 0 0 0 0 1 1 0 1 0 0 0 0 1 0 0 0 0 0 1 1 1 1 0 1 0 0 1 1 1 0 1 1 0 1 0 0 1 1 0 0 0 1 1 1 1 0 1 0 0 1 0 1 1 1 0 1 0 1 1 1 0 0 0 0 0 0 0 0 1 0 0 1 1 1 0 1 1 0 1 0 0 0 1 1 0 1 0 1 1 1 1 0 0 1 0 1 1 0 1 1 0 0 1 1 1 0 1 0 0 1 0 0 0 1 1 0 1 0 0 1 0 1 1 0 1 1 1 1 1 1 0 1 1 1 1 0 0 1 1 0 0 1 1 0 1 0 0 0 1 0 0 1 0 0 0 1 0 1 1 0 1 1 0 0 1 0 0 0 0 0 0 0 0 1 0 1 0 0 0 1 0 0 0 0 0 1 0 0 1 1 1 0 1 1 1 1 1 1 1 1 1 1 1 1 1 1 1 0 0 1 0 0 1 1 0 0 1 1 0 0 1 1 1 0 0 0 1 1 1 1 1 1 1 1 0 1 0 1 1 1 1 0 1 0 0 0 0 0 0 1 0 1 0 1 0 1 1 0 0 0 0 0 0 1 1 1 1 1 1 1 0 0 1 0 1 0 0 1 0 1 0 1 0 0 0 0 0 1 0 1 1 0 1 0 1 1 1 0 1 0 0 1 0 1 0 0 1 0 0 0 1 1 0 0 0 1 1 0 0 1 0 1 1 0 1 0 0 1 
quality : 4288
======================================

========== print chromosome ==========
genes : 0 0 1 1 1 0 0 0 0 0 0 0 0 1 1 1 1 1 1 1 0 1 1 0 0 1 1 1 0 1 1 0 0 1 0 1 0 1 0 0 1 0 0 0 0 1 1 1 1 0 1 0 1 1 1 1 1 0 0 0 0 1 0 0 0 1 1 1 1 1 0 0 1 0 1 1 0 0 1 1 0 1 1 0 1 0 1 1 1 1 1 0 0 0 0 0 1 1 1 1 0 0 0 0 1 0 0 0 1 0 0 0 1 0 0 1 0 0 1 1 1 0 1 0 0 0 0 0 0 1 1 1 1 1 0 0 0 0 0 0 0 0 0 0 1 1 0 1 0 1 0 0 0 0 1 1 1 0 0 0 0 1 0 1 1 0 1 1 0 0 0 1 0 0 0 0 1 1 0 1 0 0 0 0 1 0 0 0 0 0 1 1 1 1 0 1 0 0 1 1 1 0 1 1 0 1 0 0 1 1 0 0 0 1 1 1 1 0 1 0 0 0 0 1 1 1 0 1 0 1 1 1 0 0 0 0 0 0 0 0 1 0 0 1 1 1 0 1 1 0 1 0 0 0 1 1 0 1 0 1 1 1 1 0 0 1 0 1 1 0 1 1 0 0 1 1 1 0 1 0 0 1 0 0 0 1 1 0 1 0 0 1 0 1 1 0 1 1 1 1 1 1 0 1 1 1 1 0 0 1 1 0 0 1 0 0 1 0 0 0 1 0 0 1 0 0 0 1 0 1 1 0 1 1 0 0 1 0 0 0 0 0 1 0 0 1 0 1 0 0 0 1 0 0 0 0 0 1 0 0 1 1 1 0 1 1 1 1 1 1 1 1 1 1 1 1 1 1 1 0 0 1 0 0 1 1 0 0 0 1 0 0 1 1 1 0 0 0 1 1 1 1 1 1 1 1 0 1 0 1 1 1 1 0 1 0 0 0 0 0 0 1 0 1 0 1 0 1 1 0 0 0 1 0 0 0 1 1 1 1 1 1 0 0 1 0 1 0 0 1 0 1 0 1 0 0 1 1 0 1 0 1 1 0 1 0 1 1 1 0 1 0 0 1 0 1 0 0 1 0 0 0 1 1 0 0 0 1 1 0 0 1 0 1 1 0 1 0 0 1 
quality : 4288
======================================

========== print chromosome ==========
genes : 0 0 1 1 1 0 0 0 0 0 0 0 0 1 1 0 1 1 1 1 0 1 1 0 0 1 1 1 0 1 1 0 0 1 0 1 0 1 0 0 1 0 0 0 0 1 1 1 1 0 1 0 1 1 1 1 1 0 0 0 0 1 0 0 0 1 1 1 1 1 0 0 0 0 1 1 0 0 1 1 0 1 1 0 1 0 1 1 1 1 1 0 0 0 0 0 1 1 1 1 0 0 0 0 1 0 0 0 0 0 0 0 1 0 0 1 0 0 1 1 1 0 1 0 0 0 0 0 1 1 1 1 1 0 0 0 0 0 0 0 0 0 1 0 1 1 0 1 0 1 0 0 0 0 1 1 0 0 0 0 0 1 0 1 1 0 1 1 0 0 0 1 0 0 0 0 1 1 0 1 0 0 0 0 1 0 0 0 0 0 1 1 1 1 0 1 0 0 1 1 1 0 1 1 1 1 0 0 1 1 0 0 0 1 1 1 1 0 1 0 0 0 0 1 1 1 0 1 0 1 1 1 0 0 0 0 0 0 0 0 1 0 0 1 1 1 0 1 1 0 1 0 0 0 1 1 0 1 0 1 1 1 1 0 0 1 1 1 1 0 1 1 0 0 1 1 1 0 1 0 0 1 0 0 0 1 1 0 1 0 0 1 0 1 1 0 1 1 1 1 1 1 0 1 1 1 1 0 0 1 1 0 0 1 0 0 1 0 0 0 1 0 0 1 0 0 0 1 0 1 1 0 1 1 0 0 1 0 0 0 0 0 1 0 0 1 0 1 0 0 0 1 0 0 0 0 0 1 0 0 1 1 1 0 1 1 1 1 1 1 1 1 1 1 1 1 1 1 1 0 0 1 0 0 1 1 0 0 1 1 0 0 1 1 1 0 0 0 1 1 1 1 1 1 1 1 0 1 0 1 1 1 1 0 1 0 0 0 0 0 0 1 0 1 0 1 0 1 1 0 0 0 0 0 0 1 1 1 1 1 1 1 0 0 1 0 1 0 0 1 0 1 0 1 0 0 0 0 0 1 0 1 1 0 1 0 1 1 1 0 1 0 0 1 0 1 0 0 1 0 0 0 1 1 0 0 0 1 1 0 0 1 0 1 1 0 1 0 0 1 
quality : 4288
======================================

========== print chromosome ==========
genes : 0 0 1 1 1 0 0 0 0 0 0 0 0 1 0 1 1 1 1 1 0 1 1 0 0 1 1 1 0 1 1 0 0 0 0 1 0 1 0 0 1 0 0 1 0 1 1 1 1 0 1 0 1 0 1 1 1 0 0 1 0 1 0 0 0 1 1 1 1 1 0 0 0 0 1 1 0 0 1 1 0 1 1 0 1 0 1 1 1 1 1 0 0 0 0 0 1 1 1 1 0 0 0 0 1 0 0 0 1 0 0 0 1 0 0 1 1 0 1 1 1 0 1 1 0 0 0 0 0 1 1 1 1 1 0 0 0 0 0 0 0 0 1 0 1 1 0 1 0 1 0 0 0 0 1 1 1 0 0 0 0 1 0 1 1 0 1 1 0 0 0 1 0 0 0 0 1 1 0 1 0 0 0 0 1 0 0 0 0 0 1 1 1 1 0 1 0 0 1 1 1 0 1 1 0 1 0 1 1 1 0 0 0 0 1 1 1 0 1 0 0 0 0 1 1 1 0 1 0 1 1 0 1 0 0 0 0 0 0 0 1 0 0 1 1 1 0 1 1 0 1 0 0 0 1 1 0 1 0 1 1 1 1 0 0 1 0 1 1 0 1 1 0 0 1 1 1 0 1 0 0 1 0 0 0 1 1 0 1 0 0 1 0 1 1 0 1 1 1 1 1 1 0 1 0 1 1 0 0 1 1 0 0 1 0 0 1 0 0 0 1 0 0 1 0 0 0 1 0 1 1 0 1 1 0 0 1 0 0 0 0 0 1 0 0 1 0 1 0 0 0 1 0 0 0 0 0 1 0 0 1 1 1 0 1 1 1 1 1 1 1 1 1 1 1 1 1 1 1 0 0 1 0 0 1 1 0 0 1 1 0 0 0 1 1 0 0 0 1 0 1 1 1 1 1 1 0 1 0 1 1 1 1 0 1 0 0 0 0 0 0 1 0 1 0 1 0 1 1 0 0 0 1 0 0 1 1 1 1 1 1 1 0 0 1 0 1 0 0 1 0 1 0 1 0 0 0 0 0 1 0 1 1 0 1 0 1 1 1 0 1 0 0 1 1 1 0 0 1 1 0 0 1 1 0 0 0 1 1 0 0 1 0 1 1 0 1 0 0 1 
quality : 4289
======================================

========== print chromosome ==========
genes : 0 0 1 1 1 0 0 0 0 0 0 0 0 1 0 1 1 1 1 1 0 1 1 0 0 1 1 1 0 1 1 1 0 1 0 1 0 1 0 0 1 0 0 0 0 1 1 1 1 0 1 0 1 1 1 1 1 0 0 0 0 1 0 0 0 1 1 1 1 1 0 0 0 1 1 1 0 0 1 1 0 1 1 0 1 0 1 1 1 1 1 0 0 0 0 0 1 1 1 1 0 0 0 0 1 0 0 0 1 0 0 0 1 0 0 1 0 0 1 1 1 0 1 0 1 0 0 0 0 1 1 1 1 1 0 0 0 0 0 0 0 0 1 0 1 1 0 1 0 1 0 0 0 0 1 1 1 0 0 0 0 1 0 1 1 0 1 1 0 0 0 1 0 0 0 0 1 1 0 1 0 0 0 0 1 0 0 0 0 0 1 1 1 1 0 1 0 0 1 1 1 0 1 1 0 1 0 0 0 1 0 0 0 1 1 1 1 0 1 0 0 0 0 1 1 1 0 1 0 1 1 0 0 0 0 0 0 0 0 0 1 0 0 1 1 1 0 1 1 0 1 0 0 0 1 1 0 1 1 1 1 1 1 0 0 1 0 1 1 0 1 1 0 0 1 1 1 0 1 0 0 1 0 0 0 1 1 0 1 1 0 1 0 1 1 0 1 1 1 1 1 1 0 1 1 1 1 0 0 1 1 0 0 1 0 0 1 0 0 0 1 0 0 1 0 0 0 1 0 1 1 0 1 1 0 0 1 0 0 0 0 0 1 0 0 1 0 1 0 0 0 1 0 1 0 0 0 1 0 0 1 1 1 0 1 1 1 1 1 1 1 1 1 1 1 1 1 1 1 0 0 1 0 0 1 1 0 0 1 1 0 0 1 1 1 0 0 0 1 1 1 1 1 1 1 1 0 1 0 1 1 1 1 0 1 0 0 0 0 0 0 1 0 1 1 1 0 1 1 0 0 0 0 0 0 1 1 1 1 1 1 1 0 0 1 0 1 0 0 1 0 1 0 1 0 0 0 0 0 0 0 1 1 0 1 0 1 1 1 0 1 0 0 1 0 1 0 0 1 0 0 0 1 1 0 0 0 1 1 0 0 1 0 1 1 0 1 0 0 1 
quality : 4289
======================================

========== print chromosome ==========
genes : 0 0 1 1 1 0 0 0 0 0 0 0 0 1 0 1 1 1 1 1 0 1 1 0 0 1 1 1 0 1 1 0 0 1 0 1 0 1 0 0 1 0 0 0 0 0 1 1 1 0 1 0 1 1 1 1 1 0 0 0 0 1 0 0 0 1 1 1 1 1 0 0 0 0 1 1 0 0 1 0 0 1 1 0 1 0 1 1 1 1 1 0 0 0 0 0 1 1 1 1 0 0 0 0 1 0 0 0 1 0 0 0 1 0 0 1 0 0 1 1 1 0 1 0 0 0 0 0 1 1 1 1 1 1 0 0 0 0 0 0 0 0 1 0 1 1 0 1 0 1 0 0 0 0 1 1 1 0 0 0 0 1 0 1 1 0 1 1 0 0 0 1 0 0 0 0 1 1 0 1 0 0 0 0 1 0 0 0 0 0 1 1 1 1 0 1 1 0 1 1 1 0 1 1 0 1 0 0 1 1 0 0 0 1 1 1 1 0 1 0 0 0 0 1 1 1 0 1 0 1 1 1 0 0 0 0 0 0 0 0 1 0 0 1 1 1 0 1 1 0 1 1 0 0 1 1 0 1 0 1 1 1 1 0 0 1 0 1 1 0 1 1 0 0 1 1 1 0 1 0 0 1 0 0 0 1 1 0 1 0 0 1 0 1 1 0 1 1 1 1 1 1 0 1 1 1 1 0 0 1 1 0 0 1 0 0 1 0 0 0 1 0 0 1 0 0 0 1 0 1 1 0 0 1 0 0 1 0 0 0 0 0 1 0 0 1 0 1 0 0 0 1 0 0 0 0 0 0 0 0 1 1 1 0 1 1 1 1 1 1 1 1 1 1 1 1 1 1 1 1 0 1 0 0 1 1 0 0 0 1 0 0 1 0 1 0 0 0 1 1 1 1 1 1 1 1 0 1 0 1 1 1 1 0 1 0 0 0 0 0 0 1 0 1 0 1 0 1 1 0 0 0 0 0 0 1 1 1 1 1 1 1 0 0 1 0 1 0 0 1 0 0 0 1 0 0 0 0 0 0 0 1 1 0 1 0 1 1 1 0 1 0 0 1 0 1 0 0 1 0 0 1 1 1 0 0 0 1 1 0 0 1 0 1 1 0 1 0 0 1 
quality : 4290
======================================

========== print chromosome ==========
genes : 0 0 1 1 1 0 0 0 0 0 0 0 0 1 0 1 1 1 1 1 0 1 1 0 0 1 1 1 0 1 1 0 0 1 0 1 0 1 0 0 1 0 0 0 0 1 1 1 1 0 1 0 1 1 0 1 1 0 0 0 0 1 1 0 1 1 1 1 1 1 0 0 0 0 1 1 0 0 1 1 0 1 1 0 1 0 1 1 1 1 1 0 0 0 0 0 1 1 1 1 0 0 0 0 1 1 0 0 1 0 0 0 1 0 0 1 0 0 1 1 1 0 1 0 1 0 0 0 0 1 1 1 0 1 0 0 0 0 1 0 0 0 1 0 1 1 0 1 0 1 0 0 0 0 1 1 1 0 0 0 0 1 0 1 1 0 1 1 0 0 0 1 0 0 0 0 1 1 0 1 0 0 0 0 1 0 0 0 0 0 1 1 1 1 0 1 0 0 1 1 1 0 1 1 0 1 0 0 1 1 0 0 0 1 1 1 1 0 1 0 0 0 0 1 1 1 0 1 0 1 1 0 0 0 0 0 0 0 0 0 1 0 0 0 0 1 0 1 1 0 1 0 0 0 1 1 0 1 0 1 1 0 1 0 0 1 0 1 1 0 1 1 0 0 1 1 1 0 1 0 0 1 0 0 0 1 1 0 1 0 0 1 0 1 1 0 1 1 1 1 1 1 0 1 1 1 1 0 0 1 1 0 0 1 0 0 1 0 0 0 1 0 0 1 0 0 0 1 0 1 1 0 1 1 0 0 1 0 0 0 0 0 1 0 0 1 0 1 0 0 0 1 0 0 0 0 0 1 0 0 1 1 1 0 1 1 1 1 1 1 1 1 1 1 1 1 1 1 1 0 0 1 0 0 1 1 0 0 1 1 0 0 0 1 1 0 0 0 1 1 1 1 1 1 1 1 0 1 0 1 1 1 1 0 1 0 0 0 0 0 0 1 0 1 0 1 0 1 1 0 0 0 0 0 0 1 1 1 0 1 1 1 0 0 1 0 1 0 0 1 0 1 0 1 0 0 0 0 0 1 0 1 1 0 1 0 1 1 1 0 1 0 0 1 0 1 0 0 1 0 0 0 1 1 0 0 0 1 1 0 0 1 1 1 1 0 1 0 0 1 
quality : 4291
======================================

========== print chromosome ==========
genes : 0 0 1 1 1 0 0 1 0 1 0 0 0 1 0 1 1 1 1 1 0 1 1 0 0 1 1 1 0 1 1 1 0 1 0 0 0 1 0 0 1 0 0 0 0 1 1 1 1 0 1 0 1 1 1 1 1 0 0 0 0 1 0 0 0 1 1 1 1 1 0 0 0 0 1 1 0 0 1 1 0 1 1 0 1 0 1 1 0 1 1 0 0 0 0 0 1 1 0 1 0 0 0 0 1 0 0 0 1 0 0 0 1 0 0 1 0 0 1 1 1 1 1 0 0 0 0 0 0 1 1 1 1 1 0 0 0 0 0 0 0 0 1 0 1 1 0 1 0 1 0 0 0 0 1 1 1 0 0 0 0 1 0 1 1 0 1 1 0 0 0 1 0 0 0 0 1 1 0 1 0 0 0 0 1 0 0 0 0 0 1 1 1 1 0 1 0 1 1 1 1 0 1 1 0 1 0 0 1 1 0 0 0 1 1 1 1 0 0 0 0 0 0 1 1 1 0 1 0 1 1 1 0 0 0 0 0 0 0 0 1 0 0 1 1 1 0 1 1 1 1 0 0 1 1 1 0 1 0 1 1 1 1 0 0 1 0 1 1 0 1 1 0 0 1 1 1 0 1 0 0 1 0 0 0 1 1 0 1 0 0 1 0 1 1 0 1 1 1 1 1 1 0 1 1 1 1 0 0 1 1 1 0 1 0 0 1 0 0 0 1 0 0 1 0 0 0 1 0 1 1 0 1 1 0 0 1 0 0 0 0 0 1 0 0 1 0 1 0 0 0 1 0 0 0 0 0 1 0 0 1 1 1 0 1 1 1 1 0 1 1 1 1 1 1 1 1 1 1 0 0 1 0 0 1 1 0 0 1 1 0 0 1 1 1 0 0 0 1 1 1 1 1 1 1 1 0 1 0 1 1 1 1 0 0 0 0 0 0 0 0 1 0 1 0 0 0 1 1 0 0 0 0 0 0 1 1 1 1 1 1 1 0 0 1 0 1 0 0 1 0 1 0 1 0 0 0 0 0 1 0 1 1 0 1 0 1 1 1 0 1 0 0 1 0 1 0 1 1 0 0 0 1 1 0 0 0 1 1 0 0 1 0 1 1 0 1 0 0 1 
quality : 4292
======================================

========== print chromosome ==========
genes : 0 0 1 1 1 0 0 0 0 0 0 0 0 1 0 1 1 1 1 1 0 1 1 0 0 1 1 1 0 1 1 0 0 1 0 1 0 1 0 0 1 0 0 0 0 1 1 1 1 0 1 0 1 1 1 1 1 0 0 0 0 1 0 0 0 1 1 1 1 1 0 0 0 0 1 1 0 0 1 1 0 1 1 0 1 0 1 1 1 1 1 0 0 0 0 0 1 1 1 1 0 0 0 0 1 1 0 0 1 0 0 0 1 0 0 1 0 0 1 1 1 0 1 0 1 0 1 0 0 1 1 1 1 1 0 0 0 0 0 0 0 0 1 0 1 1 0 1 0 1 0 0 0 1 1 1 1 0 0 0 0 1 0 1 1 0 1 1 1 0 0 1 0 0 0 0 1 1 0 1 0 0 0 0 1 0 0 0 0 0 1 1 1 1 0 1 0 0 1 1 1 0 1 1 0 1 0 0 1 1 0 0 0 1 1 1 1 0 1 0 0 0 0 1 1 1 0 1 0 1 1 0 0 0 0 0 0 0 0 0 1 0 0 1 1 1 0 1 1 0 1 0 0 0 1 1 0 1 0 1 1 1 1 0 0 1 0 1 1 0 1 1 0 0 1 1 1 0 1 0 0 1 0 0 0 1 1 0 1 0 0 1 0 0 1 0 1 1 1 1 1 1 0 1 1 1 1 0 0 1 1 0 0 1 0 0 0 0 0 0 1 0 0 1 0 0 0 1 0 1 1 0 1 1 0 0 1 0 0 0 0 0 1 0 0 1 0 1 0 0 0 1 0 0 0 0 0 1 0 0 1 1 1 0 1 1 1 1 1 1 1 1 1 1 1 1 1 1 1 0 0 1 0 0 1 1 0 0 1 1 0 1 0 1 1 1 0 0 1 1 1 1 1 1 1 1 0 1 0 1 1 1 1 0 0 0 0 0 0 0 0 1 0 1 0 1 0 1 1 0 0 0 0 0 0 1 1 1 1 1 1 1 0 0 1 0 1 0 0 1 0 1 0 1 0 0 0 0 0 1 0 1 1 0 1 0 1 1 1 0 1 0 0 1 0 1 0 0 1 0 0 0 1 1 0 0 0 1 1 0 0 1 0 1 1 0 1 0 0 1 
quality : 4294
======================================

========== print chromosome ==========
genes : 0 0 1 1 1 0 0 1 0 0 0 0 0 1 0 1 1 1 1 1 0 1 1 0 0 1 1 1 0 1 1 0 0 1 0 1 0 1 0 0 1 0 0 0 0 1 1 1 1 0 1 0 0 1 1 1 1 0 0 0 0 1 0 0 0 1 1 1 1 1 1 0 0 0 1 1 0 0 1 1 0 1 1 1 1 0 1 1 1 1 1 0 0 0 0 0 1 1 1 1 0 0 0 0 1 0 0 0 1 0 0 0 1 0 0 1 0 0 1 1 0 1 1 0 1 0 0 0 0 1 1 1 1 1 0 0 0 0 1 0 0 0 1 0 1 1 0 1 0 1 0 0 0 0 1 1 1 0 0 0 0 1 0 1 1 0 1 1 0 0 0 1 0 0 0 0 1 1 0 1 0 0 0 0 1 0 0 0 0 0 1 1 1 1 0 1 0 0 1 1 1 0 1 1 0 1 0 0 1 1 0 0 0 1 1 1 1 0 1 0 0 0 0 1 1 1 0 1 0 1 1 0 0 0 0 0 0 0 0 0 1 0 0 1 1 1 0 1 1 0 1 0 0 0 1 0 0 1 0 1 1 1 1 0 0 1 0 1 1 0 1 1 0 0 1 1 1 0 1 0 0 1 0 0 0 1 1 0 1 0 0 1 0 1 1 0 1 1 1 1 1 1 0 1 1 1 1 0 0 1 1 0 0 1 0 0 1 0 0 0 1 0 0 1 0 0 0 1 0 1 1 0 1 1 0 0 1 0 0 0 0 0 1 0 0 1 0 1 0 0 0 1 0 0 0 0 0 1 0 0 1 1 0 0 1 1 1 1 1 1 1 1 1 1 1 0 1 1 1 0 0 1 0 0 1 1 0 0 1 1 0 0 0 1 1 0 0 0 1 1 1 1 1 1 1 1 0 1 0 1 1 1 1 0 1 0 0 0 0 0 0 1 0 1 0 1 0 1 1 0 0 0 0 0 0 1 1 1 1 1 1 1 1 0 1 0 1 0 0 1 0 1 0 1 0 0 0 0 0 1 0 1 1 0 1 0 1 1 1 0 1 0 0 1 0 1 0 0 1 0 0 0 1 1 0 0 0 1 1 0 0 1 0 1 1 0 1 0 0 1 
quality : 4295
======================================

========== print final result ==========
Generations evolved: 224502
Best quality: 4295
Mean quality: 4271.266602
Standard deviation: 30.199251
======================================

3 4 5 8 14 16 17 18 19 20 22 23 26 27 28 30 31 34 36 38 41 46 47 48 49 51 54 55 56 57 62 66 67 68 69 70 71 75 76 79 80 82 83 84 85 87 88 89 90 91 97 98 99 100 105 109 113 116 119 120 122 123 125 130 131 132 133 134 139 143 145 146 148 150 155 156 157 162 164 165 167 168 172 177 178 180 185 191 192 193 194 196 199 200 201 203 204 206 209 210 214 215 216 217 219 224 225 226 228 230 231 241 244 245 246 248 249 251 255 258 260 261 262 263 266 268 269 271 272 275 276 277 279 282 286 287 289 292 294 295 297 298 299 300 301 302 304 305 306 307 310 311 314 317 321 324 328 330 331 333 334 337 343 346 348 352 358 361 362 365 366 367 368 369 370 371 372 373 374 375 377 378 379 382 385 386 389 390 394 395 399 400 401 402 403 404 405 406 408 410 411 412 413 415 422 424 426 428 429 436 437 438 439 440 441 442 443 445 447 450 452 454 460 462 463 465 467 468 469 471 474 476 479 483 484 488 489 492 494 495 497 500 