========== print final result ==========
Generations evolved: 446817
Best quality: 4316
Mean quality: 4298.750000
Standard deviation: 21.662180
======================================

Number of population: 20

========== print chromosome ==========
genes : 0 0 0 0 0 1 0 1 0 1 0 0 1 0 1 1 0 1 1 0 0 0 0 1 0 1 0 0 1 1 1 1 1 1 1 1 1 0 0 0 1 0 0 1 1 0 0 0 0 0 0 1 0 0 1 0 1 1 1 0 1 1 1 1 0 1 1 1 1 0 1 1 1 1 0 0 1 1 1 0 0 0 0 0 1 0 1 1 1 0 1 1 0 0 0 1 0 0 0 0 1 0 1 0 0 1 1 1 0 1 1 1 1 1 1 0 0 1 1 1 0 1 0 0 0 0 1 1 1 1 1 0 1 1 1 1 1 1 1 0 1 1 0 0 0 0 1 0 0 0 1 0 0 1 1 1 0 0 0 0 1 0 1 1 0 1 1 0 1 0 1 1 1 1 0 1 0 0 1 0 1 1 1 0 0 0 1 0 1 1 0 0 1 0 0 0 1 0 0 1 0 1 0 0 1 0 1 1 0 0 0 1 1 1 0 0 1 0 1 0 0 1 0 0 0 0 1 1 0 1 0 0 0 1 0 1 0 0 1 1 1 0 1 0 0 0 0 0 0 1 0 0 0 1 0 0 1 0 1 0 1 0 1 0 1 0 0 0 1 1 1 0 0 0 0 1 0 0 0 0 0 1 0 0 0 0 0 0 0 1 1 1 1 0 1 0 1 1 0 0 1 1 1 0 0 1 0 1 1 0 0 1 1 1 1 1 1 1 0 1 0 0 1 1 0 1 0 0 1 0 0 1 1 0 1 0 0 1 0 0 0 1 0 1 0 0 0 1 0 1 1 1 0 1 1 1 1 0 1 0 0 1 1 0 0 1 1 0 1 1 1 0 0 1 0 1 0 0 0 0 0 0 1 1 0 0 1 0 0 1 1 1 1 1 1 1 1 1 0 1 1 0 0 0 1 0 1 0 1 1 1 0 0 1 1 1 1 1 1 0 1 1 1 0 1 0 1 1 0 1 1 0 1 1 1 1 1 1 0 1 0 0 0 0 1 1 0 1 1 1 1 0 0 1 0 1 1 0 1 0 0 1 0 1 0 1 1 0 0 1 1 1 1 0 1 1 1 0 0 1 0 1 1 0 1 1 1 0 1 1 0 1 0 1 1 0 0 1 0 0 
quality : 4250
======================================

========== print chromosome ==========
genes : 0 0 0 0 0 1 0 1 0 1 0 0 1 0 1 1 0 1 1 0 0 0 0 1 0 1 0 0 1 1 1 1 1 1 1 1 1 0 0 0 0 0 1 1 1 0 0 0 0 0 0 1 0 0 1 0 1 1 1 0 1 1 1 1 0 1 1 1 1 0 1 1 1 1 0 0 1 1 1 0 0 0 0 0 1 0 1 1 1 0 1 1 0 0 0 1 0 0 0 0 1 0 1 0 0 1 1 1 0 1 1 0 0 1 1 0 0 0 1 1 0 1 0 0 0 0 1 1 1 1 1 0 1 1 1 1 1 1 1 0 1 1 0 0 0 0 1 0 0 0 1 0 0 1 1 1 0 0 0 0 1 0 1 1 0 1 1 0 1 0 1 1 0 1 1 1 0 0 1 0 1 1 1 0 0 0 1 1 1 1 0 0 1 0 0 0 0 0 1 1 0 1 0 1 1 0 1 1 0 0 0 1 1 1 0 0 1 1 1 0 0 1 0 0 0 0 1 1 0 1 0 0 0 1 0 1 0 0 1 1 1 0 1 0 0 0 0 0 0 1 0 0 0 1 0 0 1 0 1 0 0 1 1 0 1 1 0 0 1 0 1 0 0 0 0 1 0 0 0 0 1 1 1 0 0 1 0 0 0 1 1 1 1 0 0 0 1 1 0 0 1 1 1 0 0 1 0 1 1 0 1 1 0 1 1 1 1 1 0 1 0 0 1 1 0 1 0 0 1 0 0 1 1 0 1 1 0 1 0 0 1 1 0 1 0 0 0 1 0 1 1 0 0 1 1 1 1 0 1 0 0 0 1 0 0 1 0 0 1 1 1 0 0 1 0 1 0 0 0 0 0 0 1 1 0 0 1 0 0 1 1 0 1 1 0 1 1 1 0 1 1 0 0 0 0 0 1 0 1 1 1 0 1 1 1 1 1 1 1 0 1 1 1 0 1 0 1 1 0 1 1 0 1 1 0 1 1 1 0 1 0 0 0 0 1 1 0 1 1 1 1 0 1 1 0 1 1 0 1 0 0 1 0 1 0 1 0 0 0 1 1 1 1 0 1 1 1 1 0 1 0 1 1 0 1 1 1 1 1 1 0 1 0 1 1 0 0 1 0 0 
quality : 4275
======================================

========== print chromosome ==========
genes : 0 0 1 0 0 1 0 1 0 1 0 0 1 1 1 1 0 1 1 0 0 1 0 1 0 1 0 0 1 1 1 1 1 1 1 1 1 0 0 0 0 0 1 1 1 0 0 0 0 0 0 1 0 0 1 0 1 1 1 0 1 1 0 1 0 1 1 1 1 0 1 1 1 1 0 0 1 1 1 0 0 0 0 0 1 0 1 1 1 1 1 1 0 0 0 1 0 0 0 0 1 0 1 0 0 1 1 1 0 1 1 0 1 1 1 0 0 1 1 1 0 1 0 0 1 0 1 1 1 1 1 0 1 1 1 1 1 1 1 0 1 1 0 0 0 0 1 0 0 0 1 0 0 1 1 1 0 1 0 0 1 0 1 1 0 1 1 1 1 0 1 1 1 1 1 1 0 0 1 1 0 1 1 0 0 0 1 1 1 1 1 0 1 0 0 0 1 0 1 1 0 1 0 1 1 0 1 1 0 0 0 1 1 0 0 0 1 0 1 0 0 1 0 0 0 0 1 1 0 1 0 0 0 1 0 1 0 0 1 1 0 0 1 0 0 0 0 0 0 1 0 0 0 1 0 0 1 0 1 0 0 0 1 0 1 0 0 0 1 1 1 0 0 1 0 1 0 0 0 0 1 1 0 0 0 0 0 0 0 1 1 1 1 0 1 0 1 1 0 0 1 1 1 0 0 1 0 1 1 0 1 1 0 1 1 1 1 1 0 1 0 0 1 1 0 1 0 0 1 0 0 1 1 0 1 1 0 1 0 0 1 1 0 1 0 0 0 1 0 1 1 0 0 1 1 1 1 0 0 0 0 0 1 0 0 1 0 0 1 1 1 0 0 1 0 1 0 0 0 0 0 0 1 1 0 0 1 0 0 1 1 1 1 1 0 1 1 1 0 1 1 0 0 0 0 0 1 0 1 1 1 0 1 1 1 1 1 1 1 0 1 1 1 0 1 0 1 1 0 1 1 0 1 1 0 1 1 1 0 1 0 0 0 0 0 1 0 1 1 1 1 0 1 1 0 1 1 0 1 0 0 1 0 1 0 1 0 0 0 1 1 1 1 0 1 1 1 1 0 1 0 1 1 0 1 1 1 1 1 1 0 1 0 1 1 0 0 1 0 0 
quality : 4252
======================================

========== print chromosome ==========
genes : 0 0 0 0 0 1 0 1 0 1 0 0 1 0 1 1 0 1 1 0 0 0 0 1 0 1 0 0 1 1 1 1 1 1 1 1 1 0 0 0 0 0 1 1 1 0 0 0 0 0 0 1 0 1 1 0 1 1 1 0 1 1 1 1 1 1 1 1 1 0 1 1 1 1 0 0 1 1 1 0 0 0 0 1 1 1 1 1 1 0 1 1 0 0 0 1 0 0 0 0 1 0 1 0 0 1 1 1 0 1 1 0 1 1 1 0 0 1 1 1 0 1 0 0 1 0 1 1 1 1 1 0 1 1 1 1 1 1 1 0 1 1 0 0 0 0 1 0 0 0 1 0 0 1 1 1 0 0 1 0 1 0 1 1 0 1 1 0 0 1 1 1 0 1 1 1 0 0 1 0 1 1 1 0 0 0 1 1 1 0 0 0 1 0 0 0 1 0 1 1 0 1 0 1 1 0 1 0 0 0 0 1 1 1 0 0 1 0 1 0 0 1 0 0 0 0 1 1 0 1 0 0 0 1 0 1 0 0 1 1 1 0 1 0 0 0 0 0 0 1 0 0 0 1 0 0 1 0 1 0 0 0 1 0 1 0 0 0 1 1 1 0 0 1 0 1 0 0 0 0 1 1 0 0 0 0 0 0 0 1 1 1 1 0 0 0 1 1 0 0 1 1 1 0 1 1 0 1 1 0 1 1 0 1 1 1 1 1 0 1 0 0 1 1 0 1 0 0 1 0 0 0 1 0 1 0 0 1 0 0 1 1 0 1 0 0 0 1 0 1 1 0 0 1 1 1 1 0 0 0 0 0 1 0 0 1 1 0 1 1 0 0 0 1 0 1 0 0 0 0 0 0 1 1 0 1 1 0 0 1 1 1 1 1 1 1 1 1 0 1 1 0 0 0 0 0 1 0 1 1 1 0 0 1 1 1 1 1 1 0 1 1 1 0 1 0 1 1 0 1 1 0 1 1 1 1 1 1 0 1 0 0 0 0 0 1 0 1 1 1 1 0 0 1 0 1 1 0 1 0 0 1 0 1 0 1 0 0 1 1 1 1 1 0 1 1 1 0 0 1 0 1 1 0 1 1 1 0 1 1 0 1 0 1 1 0 0 1 0 0 
quality : 4254
======================================

========== print chromosome ==========
genes : 0 0 0 0 0 1 0 1 0 1 0 0 1 0 1 1 0 1 1 0 0 0 0 1 0 1 0 0 1 1 1 1 1 1 1 1 1 0 0 0 0 0 1 1 1 0 0 0 0 0 0 1 0 0 1 0 1 1 1 0 1 1 1 1 0 1 1 1 1 0 1 1 1 0 0 0 1 1 1 0 0 0 0 0 1 0 1 1 1 0 1 1 0 0 1 1 0 0 0 0 1 0 1 0 0 1 1 1 0 1 1 0 0 1 1 0 0 1 1 1 0 1 0 0 0 0 1 1 1 1 1 0 1 1 1 1 1 1 1 0 1 1 0 0 0 0 1 0 0 0 1 0 0 1 1 1 0 0 0 0 1 0 1 1 0 1 1 0 1 0 0 1 0 1 1 1 0 0 1 0 1 1 1 0 0 0 1 1 1 1 0 0 1 0 0 0 1 0 1 1 0 1 0 1 1 0 1 1 0 0 0 1 1 1 0 0 1 0 1 0 0 1 0 0 0 0 1 1 0 1 0 0 0 1 0 1 0 0 1 1 1 0 1 0 1 0 0 0 0 1 0 1 0 1 0 0 1 0 1 0 0 0 1 0 1 0 0 0 1 1 1 0 0 1 0 1 0 0 1 0 1 0 0 0 0 0 0 0 0 1 1 1 1 0 1 0 1 1 0 0 1 1 1 0 0 1 0 1 1 0 1 1 0 1 1 1 1 1 0 1 0 0 1 1 0 1 0 0 1 0 0 1 1 0 1 0 0 1 0 0 0 1 0 1 0 0 0 1 0 1 1 0 0 1 1 1 1 0 0 0 0 0 1 0 0 1 1 0 1 1 1 0 0 1 0 1 0 0 0 0 0 0 1 1 0 0 1 0 0 1 1 1 1 1 1 1 1 1 0 1 1 0 0 0 0 0 1 0 1 1 1 0 0 1 1 1 1 1 1 0 1 1 1 0 1 0 1 1 0 1 1 0 1 1 1 1 1 1 0 1 0 0 0 0 0 1 0 1 1 1 1 0 0 1 1 1 1 0 1 0 0 1 0 1 0 1 0 0 0 1 1 1 1 0 1 1 1 1 0 1 0 1 1 0 1 1 1 0 1 1 0 1 0 1 1 0 0 1 0 0 
quality : 4306
======================================

========== print chromosome ==========
genes : 0 0 0 0 0 0 0 1 1 1 0 0 1 0 1 1 0 1 1 0 0 0 0 1 1 1 0 0 1 1 1 1 1 1 1 1 1 0 0 0 0 0 1 1 1 0 0 0 0 0 0 1 0 0 1 0 1 1 1 0 1 1 0 1 0 1 1 1 1 0 1 1 1 1 0 0 1 1 1 0 0 0 0 0 1 0 1 1 1 0 1 1 0 0 0 1 0 0 0 0 1 0 1 0 0 1 1 1 0 1 1 0 0 1 0 0 0 1 1 1 0 1 0 0 0 0 1 1 1 1 0 0 1 1 1 1 1 1 1 0 1 1 0 0 0 0 1 0 0 0 1 0 0 1 1 1 0 1 0 0 1 0 1 1 0 1 1 1 1 0 1 1 1 1 1 1 0 0 1 0 0 1 1 0 0 0 1 1 1 1 0 0 1 0 0 0 1 0 1 1 0 1 0 1 1 0 1 1 0 0 0 1 1 0 0 0 1 0 1 0 0 1 0 0 0 0 1 1 0 1 0 0 0 1 0 1 0 0 1 1 1 0 1 0 0 0 0 0 0 1 0 0 0 1 0 0 1 0 1 0 0 0 1 0 1 0 0 0 1 1 1 0 0 1 0 1 0 0 0 0 1 1 0 0 0 0 0 0 0 1 1 1 1 0 0 0 1 1 0 0 1 1 1 0 0 1 0 1 1 0 1 1 0 1 1 1 1 1 0 1 0 0 1 1 0 1 0 0 1 0 0 1 1 0 1 0 0 1 0 0 1 1 0 1 0 0 0 1 0 1 1 0 0 1 1 1 1 0 0 1 0 0 1 0 0 1 1 0 1 1 1 0 0 1 0 1 0 0 0 0 0 0 1 1 0 0 1 0 0 1 1 1 1 1 1 1 1 1 0 1 1 0 0 1 0 0 1 0 1 1 1 0 0 1 1 1 1 1 1 0 1 1 1 0 1 0 1 1 0 1 1 0 1 1 1 1 1 1 0 1 0 0 0 0 0 1 0 1 1 1 1 0 0 1 0 1 1 0 1 0 0 1 0 1 0 1 0 0 0 1 1 1 1 0 1 1 1 1 0 1 0 1 1 0 1 1 1 0 1 1 0 1 0 1 1 0 0 1 0 0 
quality : 4306
======================================

========== print chromosome ==========
genes : 0 0 0 0 0 1 0 1 0 1 0 1 1 0 1 1 0 1 1 0 0 0 0 1 0 1 0 0 1 1 1 1 1 1 1 1 1 0 0 0 0 0 1 1 1 0 0 0 0 0 0 1 0 0 1 0 1 1 1 0 1 1 1 0 0 1 1 1 0 0 1 1 1 1 0 0 1 1 1 0 0 0 0 0 1 0 1 1 1 0 1 1 0 0 0 1 0 0 0 0 1 0 1 0 0 1 1 1 0 1 1 0 0 1 1 0 0 1 1 1 0 1 0 0 1 0 1 1 1 1 1 0 1 1 1 1 1 1 1 0 1 1 0 0 0 0 1 0 0 0 1 0 0 1 1 1 0 0 0 0 1 0 1 1 0 1 1 0 1 0 1 1 0 1 1 1 0 0 1 0 1 1 1 0 0 0 1 1 1 1 0 0 1 0 0 0 1 0 1 1 0 1 0 1 1 0 1 1 0 0 0 1 1 1 0 0 1 0 1 0 0 1 0 0 0 1 1 1 0 1 0 0 0 1 1 1 0 0 1 1 1 0 0 0 0 0 0 0 0 1 0 0 0 1 0 0 1 0 1 0 0 0 1 0 1 0 0 0 1 1 1 0 0 1 0 1 0 0 0 0 1 1 0 0 0 0 0 0 0 1 1 1 1 0 1 0 1 1 0 0 1 1 1 0 0 1 0 1 1 0 1 1 0 1 1 1 1 1 0 1 0 0 1 1 0 1 0 0 1 0 0 1 1 0 1 1 0 1 0 0 1 1 0 1 0 0 0 1 0 1 1 0 0 1 1 1 1 0 0 0 0 0 1 0 0 1 0 0 1 1 1 0 0 1 0 1 0 0 0 0 0 0 1 1 0 0 1 0 0 1 1 0 1 1 0 1 1 1 0 1 1 0 0 0 0 0 1 0 1 1 1 0 1 1 1 1 1 1 1 0 1 1 1 0 1 0 1 1 0 1 1 0 1 1 0 1 1 1 0 1 0 0 0 0 0 1 0 1 1 1 1 0 1 1 0 1 1 0 1 0 0 1 0 1 0 1 0 0 0 1 1 1 1 0 1 1 1 1 0 1 0 1 1 0 1 1 1 1 1 1 0 1 0 1 1 0 0 1 0 0 
quality : 4307
======================================

========== print chromosome ==========
genes : 0 0 0 0 0 1 0 0 0 1 0 0 1 0 1 1 0 1 0 0 0 0 0 1 0 1 0 0 1 1 1 1 1 1 1 1 1 0 0 0 0 0 1 1 1 0 0 0 0 0 1 1 0 0 1 0 1 1 1 0 1 1 1 1 0 1 1 1 1 0 1 1 1 1 0 0 1 1 1 0 0 0 0 0 1 0 1 1 1 0 1 1 0 0 0 1 0 0 0 0 1 0 1 0 0 1 1 0 0 1 1 0 0 1 1 0 1 1 1 1 0 1 0 0 1 0 1 1 1 1 1 0 1 1 1 1 1 1 1 0 1 1 0 1 0 0 1 0 0 0 1 0 0 1 1 1 0 0 0 0 1 0 1 1 0 1 1 0 1 1 1 1 0 1 1 1 0 0 1 0 1 1 1 0 0 0 1 1 1 1 0 0 0 0 0 0 1 0 0 1 0 1 0 1 1 0 1 1 0 0 0 1 1 1 0 0 1 0 1 0 0 1 0 0 0 0 1 1 0 1 0 0 0 1 0 0 0 0 1 1 1 0 1 0 0 0 0 0 0 1 0 0 0 1 0 0 1 0 1 0 0 0 1 0 1 0 0 0 0 1 1 0 0 0 0 1 0 0 0 0 1 1 0 0 0 0 0 0 0 1 1 1 1 0 1 0 1 1 0 0 1 1 1 0 0 1 0 1 1 0 1 1 0 1 1 1 1 1 0 1 0 0 1 1 0 1 0 0 1 0 0 1 1 0 1 0 0 1 0 0 1 1 0 1 0 0 0 1 0 1 1 1 0 1 1 1 1 0 1 0 0 0 1 0 0 1 1 0 1 1 1 0 0 1 0 1 0 0 0 0 0 0 1 1 0 0 1 0 0 1 1 1 1 1 0 1 1 1 0 1 1 0 0 0 0 0 1 0 1 1 1 0 0 1 1 1 1 1 1 0 1 1 1 0 1 0 1 1 0 1 1 0 1 1 1 1 1 1 0 1 0 0 0 0 0 1 0 1 1 1 1 0 0 1 0 1 1 0 1 0 0 1 0 1 0 1 0 0 0 1 1 1 1 0 1 1 1 1 0 1 0 1 1 0 1 1 1 0 1 1 0 1 0 1 1 0 0 1 0 0 
quality : 4307
======================================

========== print chromosome ==========
genes : 0 0 0 0 0 1 1 1 0 1 0 0 1 0 1 1 0 1 1 0 0 0 0 1 0 0 0 0 1 1 1 1 1 1 1 1 1 0 0 0 0 0 1 1 1 1 0 0 0 0 0 1 0 0 1 0 1 1 1 0 1 1 1 1 0 1 1 1 1 0 1 1 1 1 0 0 1 1 1 0 0 0 0 0 1 0 1 1 1 0 1 1 0 0 0 1 0 0 0 0 1 0 1 0 1 1 1 1 0 1 1 0 0 1 1 0 0 1 1 1 0 1 0 0 0 0 1 1 1 1 0 0 1 1 1 1 1 1 1 0 1 1 0 0 0 0 1 0 0 0 1 0 0 1 1 1 0 0 0 0 1 0 1 1 0 1 1 0 1 0 1 1 0 1 1 1 0 0 1 0 1 1 1 0 0 0 1 1 1 1 0 0 1 0 0 0 1 0 1 1 0 1 0 1 0 0 1 1 0 0 0 1 1 1 0 0 1 0 1 0 0 1 0 0 0 0 1 1 0 1 0 0 0 1 0 1 0 0 1 1 1 0 1 0 0 0 0 0 0 1 0 0 0 1 0 0 1 0 1 0 0 0 1 0 1 1 0 0 1 1 1 0 0 1 0 1 0 1 1 0 1 1 0 0 0 0 0 0 0 1 1 1 1 0 1 0 1 1 0 0 1 1 1 0 0 1 0 1 1 0 0 1 0 1 1 1 1 1 0 1 0 0 1 1 0 1 0 0 1 0 0 1 1 0 1 0 0 1 0 0 1 1 0 1 0 0 0 1 0 1 1 0 0 1 1 1 1 0 0 0 0 0 1 0 0 1 1 0 1 1 1 0 0 1 0 1 0 0 0 0 0 0 1 1 0 0 1 0 0 1 1 1 1 1 1 1 1 1 0 1 1 0 0 0 0 0 1 0 1 1 1 0 0 1 1 1 1 1 1 0 1 1 1 0 1 0 1 1 0 1 0 0 1 1 1 1 1 1 0 1 0 0 0 0 0 1 0 1 1 1 0 0 0 1 0 1 1 0 1 0 0 1 0 1 0 1 0 0 0 1 1 1 1 0 1 1 1 1 0 1 0 1 1 0 1 1 1 0 1 1 0 1 0 1 1 0 0 1 0 0 
quality : 4307
======================================

========== print chromosome ==========
genes : 0 0 0 0 0 1 0 1 0 1 0 0 1 0 1 1 0 1 1 0 0 0 0 1 0 1 0 0 1 1 1 1 1 1 1 1 1 0 0 0 0 0 1 1 1 0 0 0 0 0 0 1 0 0 1 0 0 1 1 0 1 1 1 1 0 1 1 1 1 0 1 1 1 1 0 0 1 1 1 0 0 0 1 0 1 0 1 1 1 0 1 1 0 0 1 1 0 0 0 0 0 0 1 0 0 1 1 1 0 1 1 1 0 1 0 0 0 1 1 1 0 1 0 0 0 0 1 0 1 1 0 0 1 1 1 1 1 1 1 0 1 1 0 0 0 0 1 0 0 0 1 0 0 1 1 1 0 0 0 0 1 0 1 1 0 1 1 0 1 0 1 1 1 1 0 1 0 0 1 0 0 1 1 0 0 0 1 0 1 1 0 0 1 0 0 0 1 0 0 1 0 1 0 0 1 0 1 1 0 0 0 1 1 1 0 0 1 0 1 0 0 1 0 0 0 0 1 1 0 1 0 0 0 1 0 1 0 0 1 1 1 0 1 0 0 0 0 0 0 1 0 0 0 1 0 0 1 0 1 0 1 0 1 0 1 0 0 0 1 1 1 0 0 0 0 1 0 0 0 0 1 1 0 0 0 0 0 0 0 1 1 1 1 0 1 0 1 1 0 0 1 1 1 0 0 1 0 1 1 0 1 1 1 1 1 1 1 1 0 1 0 0 1 1 0 1 0 0 1 0 0 1 1 0 1 0 0 1 0 0 1 1 0 1 0 0 0 1 0 1 1 1 0 1 1 1 1 0 1 0 0 0 1 0 0 1 1 0 1 1 1 0 0 1 0 1 0 0 0 0 0 0 1 1 0 0 1 0 0 1 1 1 1 1 1 1 1 1 0 1 1 0 0 0 1 0 1 0 1 1 1 0 0 1 1 1 1 1 1 0 1 1 1 0 1 0 1 1 0 1 1 0 1 1 1 1 1 1 0 1 0 0 0 0 1 1 0 1 1 1 1 0 0 1 0 1 1 0 1 0 0 1 0 1 0 1 0 0 0 1 1 1 1 0 1 1 1 1 0 1 0 1 1 0 1 1 1 0 1 1 0 1 0 1 1 0 0 1 0 0 
quality : 4308
======================================

========== print chromosome ==========
genes : 0 0 0 0 0 1 0 1 0 1 0 0 1 0 1 1 0 1 1 0 0 0 0 1 0 1 0 0 1 1 1 1 1 1 1 1 1 0 0 0 0 0 1 1 1 0 0 0 0 0 0 1 0 0 1 0 1 1 1 0 1 1 1 1 0 1 1 1 1 0 1 1 1 1 0 0 1 1 1 0 0 0 0 0 1 0 1 1 1 0 1 1 0 0 0 1 0 0 0 0 1 0 1 0 0 1 1 1 0 1 1 1 0 1 1 0 0 0 1 1 0 1 0 0 0 0 1 1 1 1 1 0 1 1 1 1 1 1 1 0 1 1 0 0 0 0 1 0 0 0 1 0 0 1 1 1 0 0 0 0 1 0 1 1 0 1 1 0 1 0 1 1 0 1 1 1 0 0 1 0 1 1 1 0 0 0 1 1 1 1 0 0 1 0 0 0 1 0 1 1 1 1 0 1 1 0 1 1 0 0 0 1 1 1 0 0 1 0 1 0 1 1 0 0 0 0 1 1 0 1 0 0 0 1 0 1 0 0 1 1 1 0 1 0 0 0 0 0 0 1 1 0 0 1 0 0 1 0 1 0 0 0 1 0 1 0 0 0 1 1 1 0 0 1 0 1 0 1 0 0 1 1 0 0 0 0 0 0 0 1 1 1 1 0 1 0 1 1 0 0 1 0 1 0 0 1 0 1 1 0 1 1 0 1 1 1 1 1 0 1 0 0 1 1 0 1 0 0 1 0 0 1 1 0 1 0 0 1 0 0 1 1 0 1 0 0 0 1 0 1 1 1 0 1 1 1 1 0 1 0 0 0 1 0 0 1 1 0 1 1 1 0 0 1 0 1 0 0 0 0 0 0 1 1 0 0 1 0 0 1 1 1 1 1 0 1 1 1 1 1 1 0 0 0 0 0 1 0 1 1 1 0 0 1 1 1 1 1 1 1 1 1 1 0 1 0 1 1 0 1 1 0 1 1 1 1 0 1 0 1 0 0 0 0 0 1 0 1 1 1 1 0 0 1 0 1 1 0 1 0 0 1 0 1 0 1 0 0 0 1 1 1 1 0 1 1 1 1 0 1 1 1 1 0 1 1 1 0 1 1 0 1 0 1 1 0 0 1 0 0 
quality : 4309
======================================

========== print chromosome ==========
genes : 0 0 0 0 0 1 0 1 0 1 0 0 1 0 1 1 0 1 1 0 0 0 0 1 0 1 0 0 1 1 1 1 1 1 1 1 1 0 0 0 0 0 1 1 1 0 0 0 0 0 0 1 0 0 1 0 1 1 1 0 1 1 1 1 0 1 1 1 1 0 1 1 1 1 0 0 1 1 1 0 0 0 0 0 1 0 1 1 1 0 1 1 0 0 0 1 0 0 0 0 1 0 1 0 0 1 1 1 0 1 1 0 1 1 1 0 0 1 1 1 0 1 0 0 1 0 1 1 1 1 1 0 1 1 1 1 1 1 1 0 1 1 0 0 0 0 1 0 0 0 1 0 0 1 1 1 0 0 0 0 1 0 1 1 0 1 1 0 1 0 1 1 0 1 1 1 0 0 1 0 1 1 1 0 0 0 1 0 1 1 0 0 1 0 0 0 1 0 1 1 0 1 0 1 1 0 1 1 0 1 0 1 1 1 0 0 1 0 1 0 0 1 0 0 0 1 1 1 0 1 0 0 0 1 0 1 0 1 1 1 0 0 1 0 0 0 0 0 0 1 0 1 0 1 0 0 1 0 1 0 0 0 1 0 1 1 0 0 1 1 1 0 0 1 0 1 0 0 1 0 1 1 0 0 0 0 0 0 0 1 1 1 1 0 1 0 1 1 0 0 1 1 1 0 0 1 0 1 1 0 1 1 0 1 1 1 1 1 0 1 0 0 1 1 0 1 0 0 1 0 0 1 1 0 1 0 0 1 0 0 1 1 0 1 0 0 0 1 0 1 1 0 0 1 1 1 1 0 0 0 0 0 1 0 0 1 1 0 1 1 1 0 0 1 0 1 0 0 0 0 0 0 1 1 0 0 1 0 0 1 1 0 1 1 0 1 1 1 0 1 1 0 0 0 0 0 1 0 1 1 1 0 0 1 1 1 1 1 1 0 1 1 1 0 1 0 1 1 0 1 1 0 1 1 1 1 1 1 0 1 0 0 0 0 0 1 0 1 1 1 1 0 0 1 0 1 1 0 1 0 0 0 0 1 1 1 0 0 0 1 1 1 1 0 1 1 1 1 0 1 0 1 1 0 1 1 1 1 1 0 0 1 0 1 1 0 0 1 0 0 
quality : 4309
======================================

========== print chromosome ==========
genes : 0 0 0 0 0 1 0 1 0 1 0 0 1 0 1 1 0 1 1 0 0 0 0 1 0 1 0 0 1 1 1 1 1 1 1 1 1 0 0 0 1 0 1 1 1 0 0 0 0 0 0 1 0 0 1 0 1 1 1 0 1 1 1 1 0 1 1 1 1 0 1 1 1 1 0 0 1 1 1 0 0 0 0 0 1 0 1 1 1 0 1 1 0 0 0 1 0 0 0 0 1 0 1 0 0 1 1 1 0 1 1 1 1 1 1 0 0 1 1 1 0 1 0 0 0 0 1 1 1 1 1 0 1 1 1 1 1 1 1 0 1 1 0 0 0 0 1 0 0 0 1 1 0 1 1 1 0 0 0 0 1 0 1 1 0 1 1 0 1 0 1 1 0 1 1 1 0 0 1 0 1 1 1 0 0 0 1 1 1 1 0 0 1 0 0 1 1 0 1 1 0 1 0 1 1 0 1 1 0 0 0 1 1 1 0 0 1 0 1 0 0 1 0 0 0 1 1 1 0 1 0 0 0 1 0 1 0 0 1 1 1 0 1 0 0 0 0 0 0 1 0 0 0 1 0 0 1 0 1 0 0 0 0 0 1 1 0 0 1 0 1 0 0 1 0 1 0 0 0 0 1 1 0 0 0 0 0 0 0 1 1 1 1 0 1 0 1 1 0 0 1 1 1 0 0 1 0 1 1 0 1 1 0 1 1 1 1 1 0 1 0 0 1 1 0 1 0 0 1 0 0 1 1 0 1 0 0 1 0 0 1 1 0 1 0 0 0 1 0 1 1 0 0 1 1 1 1 0 0 0 0 0 1 0 0 1 1 0 1 1 1 0 0 1 0 1 0 0 0 0 0 0 1 1 0 0 1 0 0 1 1 0 1 1 0 1 1 1 0 1 1 0 0 0 0 0 0 0 1 1 1 1 0 0 1 1 1 1 1 0 0 1 1 0 1 0 1 1 0 1 1 0 1 1 1 1 1 1 0 1 0 0 0 0 0 1 0 1 1 1 1 0 0 1 0 1 1 0 1 0 0 1 0 1 0 1 0 0 0 1 1 1 1 0 1 1 1 1 0 1 0 1 1 0 1 1 1 1 1 1 0 1 0 1 1 0 0 1 0 0 
quality : 4309
======================================

========== print chromosome ==========
genes : 0 0 0 0 0 1 0 1 1 1 0 0 1 0 1 1 0 1 1 0 0 0 0 1 0 1 0 0 1 1 1 1 1 1 1 1 1 0 0 0 0 0 1 1 1 0 0 0 0 0 0 1 0 0 1 0 1 1 0 0 1 1 1 1 0 1 1 1 1 0 1 1 1 1 0 0 1 1 1 0 0 0 0 0 1 0 0 1 1 1 1 1 0 0 0 1 0 0 0 0 1 0 1 0 0 1 1 1 0 1 1 0 0 1 1 0 0 0 1 1 0 1 0 0 0 0 1 1 1 1 1 0 1 1 1 1 1 1 1 0 1 1 0 0 0 0 1 0 0 0 1 0 0 1 1 1 0 0 0 0 1 0 1 1 0 1 1 0 1 0 1 1 0 1 1 1 0 0 1 0 0 0 1 0 0 0 1 1 1 1 0 0 1 0 0 0 1 0 1 1 0 1 0 1 1 0 1 1 0 0 0 1 1 0 0 0 1 0 1 0 0 1 0 0 0 0 1 1 0 1 0 0 0 1 0 1 0 0 1 1 1 0 1 0 0 0 0 0 0 1 0 0 0 1 0 0 1 0 1 0 0 0 1 0 1 0 0 0 1 1 1 0 0 1 0 1 0 0 0 0 1 1 0 0 1 0 0 0 0 1 1 1 1 0 1 0 1 1 0 0 1 1 1 0 0 1 0 1 1 0 1 1 0 1 1 1 1 1 0 1 0 0 1 1 0 1 0 0 1 0 0 1 1 0 1 0 0 1 0 1 1 1 0 1 0 0 0 1 0 1 1 1 0 1 1 1 1 0 1 0 0 0 1 0 0 1 1 0 1 1 1 0 0 1 1 1 0 0 0 0 0 0 1 1 0 0 1 0 0 1 1 0 1 1 0 1 1 1 0 1 1 0 0 0 0 0 1 0 1 1 1 0 0 1 1 1 1 1 1 0 1 1 1 0 1 0 1 1 0 1 1 0 1 1 1 1 1 1 0 1 0 0 0 0 0 1 0 1 1 1 1 0 0 1 0 1 1 0 1 0 0 1 0 0 0 1 0 0 0 1 1 1 1 0 1 1 1 1 0 1 0 1 1 0 1 1 1 1 1 1 0 1 0 1 1 0 0 1 0 0 
quality : 4309
======================================

========== print chromosome ==========
genes : 0 0 0 0 0 1 0 1 0 1 0 0 1 0 1 1 0 1 1 0 0 0 0 1 0 1 0 0 1 1 1 1 1 1 1 1 1 0 0 0 0 0 1 1 1 0 0 0 0 0 0 1 0 1 1 0 1 1 1 0 1 1 1 1 0 1 1 1 1 0 1 1 1 1 0 0 1 1 1 0 0 0 0 1 1 0 1 1 1 0 1 1 0 0 0 1 0 0 0 0 1 0 1 0 0 1 1 1 0 1 1 0 0 1 1 0 0 1 1 1 0 1 0 0 1 0 1 1 1 1 1 0 1 1 1 1 1 1 1 0 1 1 0 0 0 0 1 0 0 0 1 0 0 1 1 1 0 0 1 0 1 0 1 1 0 1 1 0 0 1 1 1 0 1 1 1 0 0 1 0 1 1 1 0 0 0 1 1 1 1 0 0 1 0 0 0 1 0 1 1 0 1 0 1 1 0 1 1 0 0 0 1 1 1 0 0 1 0 1 0 0 1 0 0 0 0 1 1 0 1 0 0 0 1 0 1 0 0 1 1 1 0 1 0 0 0 0 0 0 1 0 0 0 1 0 0 1 0 1 0 0 0 1 0 1 0 0 0 1 1 1 0 0 1 0 1 0 0 0 0 1 1 0 0 0 0 0 0 0 1 1 1 1 0 0 0 1 1 0 0 1 1 1 0 0 1 0 1 1 0 1 1 0 1 1 1 1 1 0 1 0 0 1 1 0 1 0 0 1 0 0 0 1 0 1 0 0 1 0 0 1 1 0 1 0 0 0 1 0 1 1 0 0 1 1 1 1 0 0 0 0 0 1 0 0 1 1 0 1 1 1 0 0 1 0 1 0 0 0 0 0 0 1 1 0 0 1 0 0 1 1 1 1 1 1 1 1 1 0 1 1 0 0 0 0 0 1 0 1 1 1 0 0 1 1 1 1 1 1 0 1 1 1 0 1 0 1 1 0 1 1 0 1 1 1 1 1 1 0 1 0 0 0 0 0 1 0 1 1 1 1 0 0 1 0 1 1 0 1 0 0 1 0 1 0 1 0 0 1 1 1 1 1 0 1 1 1 1 0 1 0 1 1 0 1 1 1 0 1 1 0 1 0 1 1 0 0 1 0 0 
quality : 4309
======================================

========== print chromosome ==========
genes : 0 0 0 0 0 1 0 1 0 1 0 0 1 0 1 1 0 1 1 0 0 0 0 1 0 1 0 0 1 1 1 1 1 1 1 1 1 0 0 0 0 0 1 1 1 0 0 0 0 0 0 1 0 0 1 0 1 1 1 0 1 1 1 1 0 1 1 1 1 0 1 1 1 1 0 0 1 1 1 0 0 0 0 0 1 0 1 1 1 0 1 1 0 0 0 1 0 0 0 0 1 0 1 0 0 1 1 1 0 1 1 0 0 1 1 0 0 1 1 1 0 1 0 0 1 0 1 1 1 1 1 0 1 1 1 1 1 1 1 0 1 1 0 0 0 0 1 0 0 0 1 0 0 1 1 1 0 0 0 0 1 0 1 1 0 1 1 0 1 0 1 1 0 1 1 1 0 0 1 0 1 1 1 0 0 0 1 1 1 1 0 0 1 0 0 0 1 0 1 1 0 1 0 1 1 0 1 1 0 0 0 1 1 1 0 0 1 0 1 0 0 1 0 0 0 1 1 1 0 1 0 0 0 1 0 1 0 0 1 1 1 0 1 0 0 0 0 0 0 1 0 0 0 1 0 0 1 0 1 0 0 0 1 0 1 1 0 0 1 1 1 0 0 1 0 1 0 0 0 0 1 1 0 0 0 0 0 0 0 1 1 1 1 0 1 0 1 1 0 0 1 1 1 0 0 1 0 1 1 0 1 1 0 1 1 1 1 1 0 1 0 0 1 1 0 1 0 0 1 0 0 1 1 0 1 0 0 1 0 0 1 1 0 1 0 0 0 1 0 1 1 0 0 1 1 1 1 0 0 0 0 0 1 0 0 1 1 0 1 1 1 0 0 1 0 1 0 0 0 0 0 0 1 1 0 0 1 0 0 1 1 1 1 1 1 1 1 1 0 1 1 0 0 0 0 0 1 0 1 1 1 0 0 1 1 1 1 1 1 0 1 1 1 0 1 0 1 1 0 1 1 0 1 1 1 1 1 1 0 1 0 1 0 1 0 1 0 1 1 1 1 0 0 1 0 1 1 0 1 0 0 1 0 1 0 1 0 0 0 1 1 1 1 0 1 1 1 1 0 1 0 1 1 0 1 1 1 0 1 1 0 1 0 1 1 0 0 1 0 0 
quality : 4309
======================================

========== print chromosome ==========
genes : 0 0 0 0 0 1 0 1 0 1 0 0 1 0 1 1 0 1 1 0 0 0 0 1 0 1 0 0 1 1 1 1 1 1 1 1 1 0 0 0 0 0 1 1 1 0 0 0 0 0 0 1 0 0 1 0 1 1 1 0 1 1 1 1 0 1 1 1 1 0 1 1 1 1 0 0 1 1 1 0 0 0 0 0 1 0 1 1 1 0 1 1 0 0 0 1 0 0 0 0 1 0 1 0 0 1 1 1 0 1 1 0 0 1 1 0 0 0 1 1 0 1 0 0 0 0 1 1 1 1 1 0 1 1 1 1 1 1 1 0 1 1 0 0 0 0 1 0 0 0 1 0 0 1 1 1 0 0 0 0 1 0 1 1 0 1 1 0 1 0 1 1 0 1 1 1 0 0 1 0 1 1 1 0 0 0 1 1 1 1 0 0 1 0 0 0 1 0 1 1 0 1 0 1 1 0 1 1 0 0 0 1 1 1 0 0 1 1 1 0 0 1 0 0 0 0 1 1 0 1 0 0 0 1 0 1 0 0 1 1 1 0 1 0 0 0 0 0 0 1 0 0 0 1 0 0 1 0 1 0 0 0 1 0 1 1 0 0 1 1 1 0 0 0 0 1 0 0 0 0 1 1 0 0 0 0 0 0 0 1 1 1 1 0 0 0 1 1 0 0 1 1 1 0 0 1 0 0 1 0 1 0 0 1 1 1 1 1 0 1 0 0 1 1 0 1 0 0 1 0 0 0 1 1 1 0 0 1 0 0 1 1 0 1 0 0 0 1 0 1 1 0 0 1 1 1 1 0 0 0 0 0 1 0 0 1 1 0 1 1 1 0 0 1 0 1 0 0 0 0 0 0 1 1 0 0 1 0 0 1 1 0 1 1 1 1 1 1 0 1 1 0 0 0 0 0 1 0 1 1 1 0 0 1 1 1 1 1 1 0 0 1 1 0 0 0 1 1 0 1 1 0 1 1 1 1 1 1 0 0 0 0 0 0 0 1 0 1 1 1 1 0 0 1 0 1 1 0 1 0 0 1 0 1 0 1 0 0 0 1 1 1 0 0 1 1 1 1 0 1 0 1 1 0 1 1 1 0 1 1 1 1 0 1 1 0 0 1 0 0 
quality : 4309
======================================

========== print chromosome ==========
genes : 0 0 0 0 0 1 0 1 0 1 0 0 1 0 1 1 0 1 1 0 0 0 0 1 0 1 0 0 1 1 1 1 1 1 1 1 1 0 0 0 0 0 1 1 1 0 0 0 0 0 0 1 0 0 0 0 1 1 1 0 1 1 1 1 0 1 1 1 1 0 1 1 1 1 0 0 1 1 1 0 0 0 0 1 1 0 1 1 1 0 1 1 0 0 0 1 0 0 0 0 1 0 1 0 0 1 1 1 0 1 1 0 0 1 1 0 0 1 1 1 0 1 0 0 1 0 1 1 1 1 1 0 1 1 1 1 1 0 1 0 1 1 0 0 0 0 1 0 0 0 1 0 0 1 1 1 0 0 0 0 1 1 1 1 0 1 1 0 1 0 0 1 1 1 1 0 0 1 1 0 1 1 1 0 0 0 1 1 1 1 0 0 1 0 0 0 1 0 1 1 0 1 0 1 1 0 1 1 0 0 1 1 1 1 0 0 0 0 1 0 0 1 0 0 0 0 1 1 0 1 0 0 0 1 0 1 0 0 1 1 1 0 1 0 0 0 0 1 0 0 0 0 0 1 0 0 1 0 1 0 1 0 1 0 1 0 0 0 1 1 1 0 0 1 0 1 0 0 0 0 1 1 0 0 0 0 0 0 0 1 1 1 1 0 0 0 1 1 0 0 1 1 1 0 0 1 0 1 1 0 1 1 0 1 1 1 1 1 0 1 0 0 1 1 0 1 0 0 1 0 0 1 1 0 1 0 0 0 0 0 1 1 0 1 0 0 0 1 0 1 1 0 0 1 1 1 1 0 0 1 0 0 1 0 0 1 1 0 1 1 1 0 0 1 0 1 0 0 0 0 0 0 1 1 0 0 1 0 0 1 1 1 1 1 1 1 1 1 0 1 1 0 0 1 0 0 1 0 1 1 1 0 0 1 1 1 1 1 1 0 1 1 1 0 1 0 1 1 0 1 1 0 1 1 1 1 1 1 0 1 0 0 0 0 0 1 0 1 1 1 1 0 0 1 0 1 1 0 1 0 0 1 0 1 0 1 0 1 0 1 1 1 1 0 1 1 1 1 0 1 0 1 1 0 1 1 1 0 1 1 0 1 0 1 1 0 0 1 0 0 
quality : 4310
======================================

========== print chromosome ==========
genes : 0 0 0 0 0 1 0 1 0 1 0 0 1 1 1 1 0 1 1 0 0 0 0 1 0 1 0 0 1 1 1 1 1 1 1 1 1 0 0 0 0 0 1 1 1 0 0 0 0 0 0 1 0 0 1 0 1 1 1 0 1 1 1 1 0 1 1 1 1 0 1 1 1 1 0 0 1 1 1 0 0 0 0 0 1 0 1 1 1 0 1 1 0 0 0 1 0 0 0 0 1 0 1 0 0 1 1 1 0 1 0 0 0 1 1 0 0 1 1 1 0 1 0 0 0 0 1 1 0 1 1 0 1 1 1 1 1 1 1 0 1 1 0 0 0 0 1 0 0 0 1 0 0 1 1 1 0 0 0 0 1 0 1 1 0 1 1 0 1 0 1 1 0 1 1 1 0 0 1 0 1 1 1 0 0 0 1 1 1 1 0 0 1 0 0 0 1 0 1 1 0 1 0 1 1 0 1 1 0 0 0 1 1 1 0 0 1 0 1 0 0 1 0 0 0 0 1 1 0 1 0 0 0 1 0 0 0 0 1 1 1 0 1 0 0 0 0 0 0 1 0 0 0 1 0 0 1 0 1 1 0 0 1 0 1 0 0 0 1 1 1 0 0 1 0 1 0 0 0 0 1 1 0 0 0 0 0 0 0 1 1 1 1 0 1 0 1 1 0 0 1 1 1 0 0 1 0 1 1 0 1 1 0 1 1 1 1 1 0 1 0 0 1 1 0 1 0 0 1 0 0 1 1 0 1 0 0 1 0 0 1 1 0 1 0 0 0 1 0 1 1 0 1 1 1 1 1 0 0 0 0 0 1 0 0 1 1 0 1 1 1 0 0 1 0 1 0 0 0 0 0 0 1 1 0 0 1 0 0 1 1 1 1 1 1 1 1 1 0 1 1 0 0 0 0 0 1 0 1 1 1 0 0 1 1 1 1 1 1 0 1 1 1 0 1 0 1 0 0 1 1 0 1 1 1 1 1 1 0 1 0 0 0 0 0 1 0 1 1 1 1 0 0 1 0 1 1 0 1 0 0 1 0 1 0 1 0 0 0 1 1 1 1 0 1 1 1 1 0 1 0 1 1 0 1 1 0 0 1 1 0 1 0 1 1 0 0 1 0 0 
quality : 4314
======================================

========== print chromosome ==========
genes : 0 0 0 0 0 1 0 1 0 1 0 0 1 0 1 1 0 1 1 0 0 0 0 1 0 1 0 0 1 1 1 1 1 1 1 1 1 0 1 0 0 0 1 1 1 0 0 0 0 0 0 1 0 0 1 0 1 1 1 0 1 1 1 1 0 1 1 1 0 0 1 1 1 1 0 0 1 1 1 0 0 0 0 0 1 0 1 1 1 0 1 1 0 0 0 1 0 0 0 0 1 0 1 0 0 1 1 1 0 1 1 0 0 1 1 0 0 1 1 1 0 1 0 0 1 0 1 1 1 1 1 0 1 1 1 1 1 1 0 0 1 1 0 0 0 0 1 0 0 0 1 0 0 1 1 1 0 0 0 0 1 0 1 1 0 0 1 0 1 0 1 1 0 1 1 1 0 0 1 0 1 1 1 0 0 0 1 1 1 1 0 0 1 0 0 0 1 0 1 1 0 1 0 1 1 0 1 1 0 0 0 1 1 1 0 0 1 0 1 0 0 1 0 1 1 0 1 1 0 1 0 0 0 1 0 1 0 0 1 1 1 0 1 0 0 1 0 0 0 1 0 0 0 1 0 0 1 0 0 0 0 0 1 0 1 1 0 0 1 1 1 0 0 1 0 1 0 0 0 0 1 1 0 0 0 0 0 0 0 1 1 1 1 0 1 0 1 1 0 0 1 1 1 0 0 1 0 1 1 0 1 1 0 1 1 1 1 1 0 1 0 0 1 1 0 1 0 0 1 0 0 1 1 0 1 0 0 1 0 0 1 1 0 1 0 0 0 0 0 1 1 0 1 1 1 1 1 0 0 0 0 0 1 0 0 0 1 0 1 1 1 0 0 1 0 1 0 0 0 0 0 0 1 1 0 1 1 0 0 1 1 1 1 1 0 1 1 1 0 1 1 0 0 0 0 0 1 0 1 1 1 0 0 1 1 1 1 1 1 0 1 1 1 0 1 0 1 1 0 1 1 0 1 1 1 1 1 1 0 1 0 0 0 0 0 1 0 1 1 1 1 0 0 1 0 1 1 0 0 0 0 1 0 1 0 1 0 0 0 1 1 1 1 0 1 1 1 1 0 1 1 1 1 0 1 1 1 0 1 1 0 1 0 1 1 0 0 1 0 0 
quality : 4316
======================================

========== print final result ==========
Generations evolved: 446817
Best quality: 4316
Mean quality: 4298.750000
Standard deviation: 21.662180
======================================

6 8 10 13 15 16 18 19 24 26 29 30 31 32 33 34 35 36 37 39 43 44 45 52 55 57 58 59 61 62 63 64 66 67 68 71 72 73 74 77 78 79 85 87 88 89 91 92 96 101 103 106 107 108 110 111 114 115 118 119 120 122 125 127 128 129 130 131 133 134 135 136 137 138 141 142 147 151 154 155 156 161 163 164 167 169 171 172 174 175 176 179 181 182 183 187 188 189 190 193 197 199 200 202 204 205 207 208 212 213 214 217 219 222 224 225 227 228 230 234 236 239 240 241 243 246 250 254 257 263 265 266 269 270 271 274 276 281 282 290 291 292 293 295 297 298 301 302 303 306 308 309 311 312 314 315 316 317 318 320 323 324 326 329 332 333 335 338 341 342 344 350 351 353 354 355 356 357 363 367 369 370 371 374 376 383 384 386 387 390 391 392 393 394 396 397 398 400 401 407 409 410 411 414 415 416 417 418 419 421 422 423 425 427 428 430 431 433 434 435 436 437 438 440 446 448 449 450 451 454 456 457 462 464 466 470 471 472 473 475 476 477 478 480 481 482 483 485 486 487 489 490 492 494 495 498 