========== print final result ==========
Generations evolved: 6384525
Best quality: 352
Mean quality: 350.799988
Standard deviation: 2.912768
======================================

Number of population: 20

========== print chromosome ==========
genes : 0 0 0 1 1 0 1 1 0 0 0 0 1 0 1 1 0 1 1 1 1 1 0 1 0 0 1 1 1 0 1 1 1 0 1 0 0 1 0 0 1 0 1 1 0 0 1 0 0 0 0 0 1 0 0 1 1 0 1 1 1 0 0 1 0 1 0 1 0 1 0 0 0 1 0 1 0 0 1 0 0 1 0 1 0 0 1 0 1 0 0 1 0 0 0 1 1 1 1 1 
quality : 348
======================================

========== print chromosome ==========
genes : 0 0 0 1 1 0 1 1 0 0 0 0 1 0 1 1 0 1 1 1 1 1 0 1 0 0 1 1 1 0 1 1 1 0 1 1 0 1 0 0 1 0 1 1 0 0 1 0 0 0 0 0 1 0 0 1 1 0 1 1 1 0 0 1 0 1 0 1 0 1 0 0 0 1 1 0 0 0 1 0 0 1 0 1 0 0 1 0 1 0 0 1 0 0 0 1 1 1 1 1 
quality : 341
======================================

========== print chromosome ==========
genes : 0 0 0 1 1 0 1 1 0 0 0 0 1 0 1 1 0 1 1 1 1 1 0 1 0 0 1 1 1 0 0 1 1 0 1 1 0 1 0 0 1 0 1 1 0 0 1 0 0 0 0 0 1 0 0 1 1 0 1 1 1 0 0 1 0 1 0 1 0 0 0 0 0 1 1 1 1 0 1 0 0 1 0 1 0 0 1 0 1 0 1 1 0 0 0 1 1 1 1 1 
quality : 345
======================================

========== print chromosome ==========
genes : 0 0 0 1 1 0 1 1 0 0 0 0 1 0 1 1 0 1 1 1 1 1 0 1 0 0 1 1 1 0 1 1 1 0 1 1 0 1 0 0 1 0 1 1 0 0 1 0 0 0 0 0 1 0 0 1 1 0 1 1 0 0 0 1 0 1 0 1 0 0 0 0 0 1 1 1 0 0 1 0 0 1 0 1 0 0 1 0 1 0 1 1 0 0 0 1 1 1 1 1 
quality : 350
======================================

========== print chromosome ==========
genes : 0 0 0 1 1 0 1 1 0 0 0 0 1 0 1 1 0 1 1 1 1 1 0 1 0 0 1 1 1 0 1 1 1 0 1 1 0 1 0 0 1 0 1 1 0 0 1 0 0 0 0 0 1 0 0 1 1 0 1 1 1 0 0 1 0 1 0 1 0 1 0 0 0 1 1 1 0 0 1 0 0 1 0 1 0 0 1 0 1 0 1 1 0 0 0 1 1 1 1 1 
quality : 352
======================================

========== print chromosome ==========
genes : 0 0 0 1 1 0 1 1 0 0 0 0 1 0 1 1 0 1 1 1 1 1 0 1 0 0 1 1 1 0 1 1 1 0 1 1 0 1 0 0 1 0 1 1 0 0 0 0 0 0 0 0 1 0 1 1 1 0 1 1 1 0 0 1 0 1 0 1 0 1 0 0 0 1 1 1 0 0 1 0 0 1 0 1 0 0 1 0 1 0 1 1 0 0 1 1 1 1 1 1 
quality : 352
======================================

========== print chromosome ==========
genes : 0 0 0 1 1 0 1 1 0 0 0 0 1 0 1 1 0 1 1 1 1 1 0 1 0 0 1 1 1 0 1 1 1 0 1 1 0 1 0 0 1 1 1 1 0 0 1 0 0 0 0 0 1 0 0 1 1 0 1 1 1 0 0 1 0 1 0 1 0 0 0 0 0 1 1 1 0 0 1 0 0 1 0 1 0 0 1 0 1 0 1 1 0 0 0 1 1 1 1 1 
quality : 352
======================================

========== print chromosome ==========
genes : 0 0 0 1 1 0 1 1 0 0 0 0 1 0 1 1 0 1 1 1 1 1 0 1 0 0 1 1 1 0 1 1 1 0 1 1 0 1 0 0 1 0 1 1 0 0 1 0 0 0 0 0 1 0 0 1 1 0 0 1 1 0 0 1 0 1 0 1 0 1 0 0 0 1 1 1 0 0 1 0 0 1 0 1 0 0 1 0 1 0 1 1 0 0 0 1 1 1 1 1 
quality : 352
======================================

========== print chromosome ==========
genes : 0 0 0 1 1 0 1 1 0 0 0 0 1 0 1 1 0 1 1 1 1 1 0 1 0 0 1 1 1 0 1 1 1 0 1 1 0 1 0 0 1 0 1 1 0 0 1 0 0 0 0 0 1 0 0 1 1 0 1 1 1 0 0 1 1 1 0 1 0 1 0 0 0 1 1 1 0 0 1 0 0 1 0 1 0 0 1 0 1 0 1 1 0 0 0 1 1 1 1 1 
quality : 352
======================================

========== print chromosome ==========
genes : 0 0 0 1 1 0 1 1 0 0 0 0 1 0 1 1 0 1 1 1 1 1 0 1 0 0 1 1 1 0 1 1 1 0 1 1 0 1 0 0 1 0 1 1 0 0 1 0 0 0 0 0 1 0 0 1 1 0 1 1 1 0 0 1 0 1 0 1 0 1 0 0 0 1 1 1 0 1 1 0 0 1 0 1 0 0 1 0 1 0 1 1 0 0 0 1 1 1 1 1 
quality : 352
======================================

========== print chromosome ==========
genes : 0 0 0 1 1 0 1 1 0 0 0 0 1 0 1 1 0 1 0 1 1 1 0 0 0 0 1 1 1 0 1 1 1 0 1 1 0 1 1 0 1 0 1 1 0 0 1 0 0 0 0 0 1 0 0 1 1 0 1 1 1 0 0 1 0 1 0 1 0 1 0 0 0 1 1 1 0 0 1 0 0 1 0 1 0 0 1 0 1 0 1 1 0 0 0 1 0 1 1 1 
quality : 352
======================================

========== print chromosome ==========
genes : 0 0 0 1 1 0 1 1 0 0 0 1 1 0 1 0 0 1 1 1 1 1 0 1 0 0 1 1 1 0 1 1 1 0 1 1 0 1 0 0 1 0 1 1 0 0 1 0 0 0 0 0 1 0 0 1 1 0 1 1 1 0 0 1 0 1 0 1 0 0 0 0 0 1 1 1 1 0 1 0 0 1 0 1 0 0 1 0 1 0 1 1 0 0 0 1 1 1 1 1 
quality : 352
======================================

========== print chromosome ==========
genes : 0 0 1 1 0 0 1 1 0 0 0 0 1 0 1 1 0 1 1 1 1 1 0 1 0 0 1 1 1 0 1 1 1 0 1 1 0 1 0 1 1 0 1 1 0 0 1 0 0 0 0 0 1 0 0 1 1 0 1 1 1 0 0 1 0 1 0 1 0 0 0 0 0 1 1 1 0 0 1 0 0 1 0 1 0 0 1 0 1 0 1 1 0 0 0 1 1 1 1 1 
quality : 352
======================================

========== print chromosome ==========
genes : 0 0 0 1 1 0 1 1 0 0 0 0 1 0 1 1 0 1 1 1 1 1 0 1 0 0 1 1 1 0 1 1 1 0 1 1 0 1 0 0 1 0 1 1 0 0 1 0 0 0 0 0 1 1 0 1 1 0 1 1 1 0 0 1 0 1 0 1 0 1 0 0 0 1 1 1 0 0 1 0 0 1 0 1 0 0 1 0 1 0 1 1 0 0 0 1 1 1 1 1 
quality : 352
======================================

========== print chromosome ==========
genes : 0 0 1 1 1 0 1 1 0 0 0 0 1 0 1 1 0 1 1 1 1 1 0 1 0 0 1 1 1 0 1 1 1 0 1 1 0 1 0 0 1 0 1 1 0 0 1 0 0 0 0 0 1 0 0 1 1 0 1 1 1 0 0 1 0 1 0 1 0 1 0 0 0 0 1 1 0 0 1 0 0 1 0 1 0 0 1 0 1 0 1 1 0 0 0 1 1 1 1 1 
quality : 352
======================================

========== print chromosome ==========
genes : 0 0 0 1 1 0 1 1 0 0 0 0 1 0 1 1 0 1 1 1 0 0 0 1 0 1 1 1 1 0 1 1 1 0 1 1 0 1 0 0 1 0 1 1 0 0 1 0 0 0 0 0 1 0 0 1 1 0 1 1 1 0 0 1 0 1 0 1 0 1 0 0 0 1 1 1 0 1 1 0 0 1 0 1 1 0 1 0 1 0 0 1 0 0 0 1 1 1 1 1 
quality : 352
======================================

========== print chromosome ==========
genes : 0 0 0 1 1 0 1 1 0 0 0 0 1 0 1 1 0 1 1 1 1 1 0 1 0 0 1 1 1 0 1 1 1 0 1 1 0 1 0 0 1 0 1 1 0 0 1 0 0 0 0 0 1 0 0 1 1 0 1 1 1 0 0 1 0 1 0 1 0 1 0 0 0 1 1 1 0 0 1 0 0 1 0 1 0 0 1 0 1 0 1 1 0 0 0 1 1 1 1 1 
quality : 352
======================================

========== print chromosome ==========
genes : 0 0 0 1 1 0 1 1 0 0 0 0 1 0 1 1 0 1 1 1 1 1 0 1 0 0 1 1 1 0 1 1 1 0 1 1 0 1 0 0 1 0 1 1 0 0 1 0 0 0 0 0 1 0 0 1 1 0 1 1 0 0 0 1 0 1 0 1 0 0 0 0 0 1 1 1 0 0 1 0 0 1 0 1 0 0 1 0 1 0 1 1 0 0 0 1 1 1 1 1 
quality : 352
======================================

========== print chromosome ==========
genes : 0 0 0 1 1 0 1 1 0 0 0 0 1 0 1 1 0 0 1 1 1 1 0 1 0 0 0 1 1 0 1 1 1 0 1 1 0 1 0 0 1 0 1 1 0 0 1 0 0 0 0 0 1 0 0 1 1 0 1 1 1 0 0 1 0 1 0 1 0 0 0 0 0 1 1 1 0 0 1 0 0 1 0 1 0 0 1 0 1 0 1 1 0 0 0 1 1 1 1 1 
quality : 352
======================================

========== print chromosome ==========
genes : 0 0 0 1 1 0 1 1 0 0 0 0 1 0 1 1 0 1 1 1 1 1 0 1 0 0 1 1 1 0 1 1 1 0 1 1 0 1 0 0 1 0 1 1 0 0 0 0 0 0 0 0 1 0 0 1 1 0 1 1 1 0 0 1 1 1 0 1 0 1 0 0 0 1 1 1 0 0 1 0 0 1 0 1 0 0 1 0 1 0 1 1 0 0 0 1 1 1 1 1 
quality : 352
======================================

========== print final result ==========
Generations evolved: 6384525
Best quality: 352
Mean quality: 350.799988
Standard deviation: 2.912768
======================================

4 5 7 8 13 15 16 18 19 20 21 22 24 27 28 29 31 32 33 35 36 38 41 43 44 53 56 57 59 60 61 64 65 66 68 70 74 75 76 79 82 84 87 89 91 92 96 97 98 99 100 