========== print final result ==========
Generations evolved: 464699
Best quality: 3090
Mean quality: 3079.550049
Standard deviation: 12.559226
======================================

Number of population: 20

========== print chromosome ==========
genes : 0 0 0 1 0 1 1 1 0 0 1 1 1 1 1 1 1 1 1 1 1 0 0 0 1 0 1 0 0 1 0 1 0 0 1 1 1 0 0 0 1 1 0 0 0 1 0 1 1 1 1 0 1 1 0 1 0 1 1 0 0 0 0 0 0 1 0 1 0 1 0 1 0 0 1 1 1 0 0 0 1 1 0 1 0 0 1 1 1 0 0 0 0 1 0 0 0 0 0 1 1 1 0 1 0 0 1 0 1 1 1 0 0 1 1 1 0 1 1 0 1 0 0 1 0 0 0 0 0 1 1 0 1 1 1 0 1 0 0 1 0 1 0 1 1 0 1 1 0 1 1 1 0 0 1 0 1 1 0 1 0 0 0 0 0 1 0 0 1 0 0 1 1 0 0 1 1 1 0 0 0 0 1 1 1 1 1 1 0 0 1 0 1 0 1 1 0 0 0 0 1 0 1 0 1 1 1 1 0 0 1 0 1 0 0 1 1 0 0 1 0 0 0 1 0 1 0 1 1 1 0 0 1 1 1 1 0 1 1 1 0 0 1 1 1 1 0 0 1 1 0 0 0 1 0 0 1 0 0 0 1 0 1 1 0 1 0 0 0 1 0 1 1 0 0 0 1 1 0 0 0 0 0 1 1 0 1 1 1 1 0 1 0 0 1 1 1 1 1 0 0 1 0 0 1 1 0 1 1 0 0 0 1 0 0 1 0 0 0 1 1 0 0 1 1 0 0 0 1 0 1 1 0 1 0 1 1 1 0 0 0 1 0 1 0 0 1 1 1 1 1 0 1 1 1 1 1 1 1 0 0 0 0 0 0 1 0 1 1 1 1 1 1 0 1 1 1 1 1 0 1 0 1 1 1 0 0 1 1 0 0 1 1 0 0 0 1 1 1 1 1 0 1 1 1 0 1 1 0 0 1 1 0 0 0 0 1 0 0 1 0 1 0 0 0 1 0 0 0 0 0 1 1 0 1 1 1 1 0 0 0 0 0 1 1 0 0 0 0 0 0 1 0 1 0 0 1 0 1 1 0 0 0 0 0 1 0 0 1 1 1 0 0 1 1 1 0 0 1 0 1 1 0 0 1 1 0 0 1 0 1 1 1 0 1 0 0 0 1 0 
quality : 3049
======================================

========== print chromosome ==========
genes : 0 0 0 1 1 1 1 1 0 0 1 1 1 1 1 1 0 1 1 1 1 0 0 0 1 0 1 0 0 1 0 1 0 1 1 1 1 0 0 0 1 1 0 0 0 1 0 1 1 1 1 0 1 1 0 1 0 1 1 0 0 0 0 0 0 1 0 1 0 1 0 1 0 0 1 1 1 0 0 0 1 0 1 1 0 0 1 1 1 0 0 0 0 1 0 0 0 0 0 1 1 1 1 1 0 0 1 1 1 1 1 0 0 1 1 0 0 1 0 0 1 0 0 1 0 0 0 0 0 1 1 0 1 1 1 1 1 1 0 1 0 1 0 1 0 0 1 1 0 1 1 1 0 0 1 0 1 1 0 1 0 0 0 0 0 1 0 0 1 0 0 0 1 0 0 1 1 1 0 0 0 0 1 1 1 1 1 1 0 0 0 0 1 0 0 1 0 0 0 0 1 0 1 0 1 1 0 1 0 0 1 0 1 0 0 1 1 0 0 1 0 0 0 0 0 1 0 1 1 1 0 0 1 1 1 1 0 1 1 1 0 0 1 1 1 1 0 0 1 1 0 0 0 1 0 0 1 0 1 0 1 1 1 1 0 1 0 0 0 1 0 1 1 0 0 0 1 1 0 0 0 0 0 1 1 0 1 1 1 1 0 1 0 0 1 1 1 1 1 0 0 1 0 0 0 1 0 1 0 0 1 1 1 0 0 1 0 0 0 1 1 0 0 1 1 0 0 0 1 0 1 1 0 1 0 1 1 1 0 0 0 1 0 1 0 0 1 1 0 1 1 0 1 1 1 1 1 1 1 0 0 0 0 0 0 1 1 1 0 1 1 1 1 0 1 1 1 1 1 0 1 0 1 1 1 0 1 1 0 0 0 1 1 0 0 0 1 1 1 1 1 0 1 1 1 0 1 1 0 0 1 1 0 0 0 0 1 0 0 1 0 0 0 0 0 0 0 0 0 0 0 1 1 0 1 1 0 1 0 0 0 0 0 1 1 0 0 0 0 0 0 0 0 1 0 0 1 0 1 1 0 0 0 0 0 1 0 0 0 1 1 0 0 1 1 1 1 0 0 0 1 1 0 0 1 1 0 0 1 0 1 1 1 0 1 0 0 0 1 0 
quality : 3065
======================================

========== print chromosome ==========
genes : 0 0 0 1 1 1 1 1 0 0 1 1 1 1 1 1 0 1 1 1 1 0 0 0 1 0 1 0 0 1 1 1 0 1 1 1 1 0 0 0 1 1 0 0 0 1 0 1 1 1 1 0 1 1 0 1 0 1 1 0 0 0 0 0 0 1 0 1 0 1 0 1 0 0 1 1 1 0 0 0 1 0 1 1 0 0 1 1 1 0 0 0 0 1 0 0 0 0 0 1 1 1 1 1 0 0 1 1 1 1 1 0 0 1 1 0 0 1 0 0 1 1 0 1 0 0 0 0 0 1 1 0 1 1 1 0 1 1 0 1 0 1 0 1 0 0 1 1 0 1 1 1 0 0 1 0 1 1 0 1 0 0 1 0 0 1 0 0 1 0 0 0 1 0 0 1 1 1 0 0 0 0 1 1 1 1 1 1 0 0 0 0 1 0 0 0 0 0 0 0 1 0 1 0 1 1 0 1 0 0 1 0 1 0 0 1 1 0 0 1 0 0 0 1 0 1 0 1 1 1 0 0 1 1 1 1 0 1 1 1 0 0 1 1 1 1 0 0 1 1 0 0 0 0 0 0 0 0 0 0 1 0 1 1 0 1 0 0 0 1 0 1 1 0 0 0 1 1 0 0 0 0 0 1 1 0 1 1 1 1 0 1 0 0 1 1 1 1 1 0 0 1 0 0 1 1 0 1 1 0 1 0 1 0 0 1 0 0 0 1 1 0 0 1 1 0 0 0 1 0 1 1 0 1 0 1 1 1 0 0 0 1 0 1 0 0 1 1 1 1 1 0 1 1 1 1 1 1 1 0 0 0 0 0 0 1 0 1 1 1 1 1 1 0 1 1 1 1 1 0 1 0 1 1 1 0 0 1 1 0 0 1 1 1 0 0 1 1 1 1 1 0 1 1 1 0 1 1 0 0 1 1 0 0 0 0 1 0 0 1 0 1 0 0 0 1 0 0 0 0 0 1 1 0 1 1 1 1 0 0 0 0 1 1 1 0 0 0 0 0 0 1 0 1 0 0 1 0 1 1 0 0 0 0 0 1 0 0 1 1 1 0 0 1 1 1 0 0 1 0 1 1 0 0 1 1 0 0 1 0 1 1 1 0 1 0 0 0 1 0 
quality : 3052
======================================

========== print chromosome ==========
genes : 0 0 0 1 1 1 1 1 0 0 0 1 1 1 1 1 0 1 1 1 1 0 0 0 1 0 0 0 0 1 0 1 0 1 1 1 1 0 0 0 0 1 0 0 0 1 0 1 1 1 1 0 1 1 0 1 0 1 1 1 0 0 0 0 0 1 0 1 0 1 0 1 0 0 1 1 1 0 0 0 1 0 1 1 0 0 1 1 1 0 0 0 0 1 0 0 0 0 0 1 1 1 1 1 0 0 1 1 1 1 1 0 0 1 1 0 0 1 0 0 1 0 0 1 0 0 0 0 0 1 1 0 1 1 1 0 1 1 0 1 0 1 0 1 0 0 1 1 0 1 1 1 0 0 1 0 1 1 0 0 0 0 0 1 0 1 0 0 1 0 0 1 1 0 0 1 1 1 0 0 0 0 1 1 1 1 1 1 0 0 1 0 1 0 1 1 0 0 0 0 0 0 1 0 1 1 0 1 0 0 1 0 1 0 0 1 1 0 0 1 0 0 0 1 0 1 0 1 1 1 0 0 1 1 1 1 0 1 1 1 0 0 1 1 1 0 0 0 1 1 0 0 0 1 0 0 1 0 0 0 1 1 0 1 0 1 0 0 0 1 1 1 1 0 0 0 1 1 0 0 0 0 0 1 1 0 0 0 1 1 0 1 0 0 1 1 1 0 1 0 0 1 0 0 0 1 0 1 1 0 1 0 1 0 0 1 0 0 0 1 1 0 0 1 1 0 1 0 1 0 1 1 0 1 0 1 0 1 0 0 0 1 0 1 1 0 1 1 1 1 1 0 1 1 1 1 1 1 1 0 0 0 0 0 0 1 0 1 1 1 1 1 1 0 1 1 1 1 1 0 1 0 1 1 1 0 1 1 1 0 1 1 1 0 0 0 1 1 1 1 1 0 1 1 1 0 1 0 0 0 1 1 0 0 0 0 1 0 0 1 0 1 0 0 0 0 0 0 0 0 1 1 1 0 1 1 0 1 0 0 0 0 0 1 1 0 0 0 0 0 0 0 0 1 0 0 1 0 1 1 0 0 0 0 0 1 0 0 1 1 1 0 0 1 1 1 0 0 0 0 1 1 0 0 1 1 0 0 1 0 1 1 1 0 1 0 1 0 1 1 
quality : 3058
======================================

========== print chromosome ==========
genes : 0 0 0 1 1 1 1 1 0 0 1 1 1 1 1 1 0 1 1 1 1 0 0 0 1 0 1 0 0 1 0 1 0 1 1 1 1 0 0 0 1 1 0 0 0 1 0 0 1 1 1 0 1 1 0 1 0 1 1 0 0 0 0 0 0 1 0 1 0 1 0 1 0 0 1 1 1 1 0 0 1 0 1 1 0 0 1 1 1 0 0 0 0 1 0 0 0 0 0 1 1 0 1 1 0 0 1 1 1 1 1 0 0 0 0 0 0 1 0 0 1 0 0 1 1 0 0 0 0 1 1 0 1 1 1 0 1 1 0 1 0 1 0 1 0 0 1 1 0 1 1 1 0 0 1 0 1 1 0 1 0 0 0 0 0 1 0 0 1 0 0 0 1 0 0 0 1 1 0 0 0 0 1 1 1 1 1 1 0 0 0 0 1 0 0 1 0 0 0 0 1 0 1 0 1 1 0 1 0 0 1 0 1 0 0 1 1 0 0 1 0 0 0 1 0 1 0 1 1 0 0 0 1 1 1 1 0 0 1 1 0 0 1 1 1 1 0 0 1 1 0 0 0 1 0 0 1 0 0 0 1 1 1 1 0 1 0 0 0 1 0 1 1 0 0 0 1 1 0 0 0 0 0 1 1 0 1 1 1 1 0 1 1 0 1 1 1 1 1 0 0 1 0 0 0 1 0 1 1 0 1 0 1 0 0 1 1 0 0 1 1 0 0 1 1 0 0 0 1 0 1 1 0 1 0 1 1 1 0 0 0 1 0 1 0 0 0 1 1 1 1 0 1 1 1 1 1 1 1 0 0 1 0 0 0 1 0 1 1 1 1 1 1 0 1 1 1 1 1 0 1 0 1 1 1 0 1 1 1 0 0 1 1 0 0 0 1 1 1 1 1 0 1 1 1 0 1 1 0 0 1 1 0 0 0 0 1 0 0 1 0 1 0 0 0 0 0 0 0 0 0 1 1 0 1 1 0 1 0 0 0 0 0 1 1 0 0 0 0 0 0 0 0 1 0 0 1 0 1 1 0 1 0 0 0 1 0 0 1 1 1 0 0 1 1 1 0 0 0 0 1 1 0 0 1 0 0 0 1 0 1 1 1 0 1 0 0 0 1 0 
quality : 3084
======================================

========== print chromosome ==========
genes : 0 0 0 1 1 1 1 1 0 0 1 1 1 1 1 1 0 1 1 1 1 0 0 0 1 0 1 0 0 1 0 1 0 1 1 1 1 1 0 0 1 1 0 0 0 1 0 1 1 1 1 0 1 1 0 1 0 1 1 0 0 0 0 0 0 1 0 1 0 1 0 1 0 0 1 1 1 0 0 0 1 0 1 1 0 0 1 1 1 0 0 0 0 1 0 0 0 0 0 1 1 1 1 1 0 0 1 1 1 1 1 0 0 0 1 0 0 1 0 0 1 0 0 1 0 0 0 0 0 1 1 0 1 1 1 0 1 1 0 1 0 1 0 1 0 0 1 1 0 1 1 1 0 0 1 0 1 1 0 1 1 0 1 0 0 1 0 0 1 0 0 0 1 0 0 1 1 1 0 0 1 0 1 1 1 1 1 1 0 0 0 0 1 0 0 1 0 0 0 0 1 0 1 0 1 1 0 1 0 0 1 0 1 0 0 1 1 0 0 1 0 0 0 1 0 1 0 1 1 1 0 0 1 1 1 1 0 1 1 1 0 0 1 1 1 1 0 0 1 1 0 0 0 1 0 0 1 0 0 0 1 0 1 1 0 1 0 0 0 1 0 1 1 0 0 0 1 1 0 0 0 0 0 1 1 0 1 1 1 1 0 1 0 0 1 1 1 1 1 0 0 1 0 0 1 1 0 1 1 0 1 0 1 0 0 1 0 0 0 1 1 0 0 1 1 0 0 0 1 0 1 1 0 1 0 1 1 1 0 0 0 1 0 1 0 0 1 1 1 1 1 0 1 1 1 1 1 1 1 0 0 0 0 0 0 1 0 1 1 1 1 1 1 0 1 1 1 1 1 0 1 0 1 1 1 0 1 1 1 0 0 1 1 0 0 0 1 1 1 1 1 0 1 1 1 0 1 1 0 0 1 1 0 0 0 0 1 0 0 1 0 1 0 0 0 1 0 0 0 0 0 1 1 0 1 1 1 1 0 0 0 0 0 1 1 0 0 0 0 0 0 1 0 1 0 0 1 0 1 1 0 0 0 0 0 1 0 0 1 1 1 0 0 1 1 1 0 0 1 0 1 1 0 0 1 1 0 0 1 0 1 1 1 0 1 0 0 0 1 0 
quality : 3084
======================================

========== print chromosome ==========
genes : 0 0 0 1 1 1 1 1 0 0 0 1 1 1 1 1 0 1 1 1 1 0 0 0 1 0 1 0 0 1 0 1 0 1 1 1 1 0 0 0 1 1 0 0 0 1 0 1 1 1 1 0 1 1 0 1 0 1 1 1 0 0 0 0 0 1 0 1 0 1 0 1 0 0 1 1 1 0 0 0 1 0 1 1 0 0 1 1 1 0 0 0 0 1 0 0 0 0 0 1 1 1 1 1 0 0 1 1 1 1 1 0 0 1 1 0 0 1 0 0 1 0 0 1 0 0 0 0 0 1 1 0 1 1 0 0 1 1 0 1 0 1 0 1 0 0 1 1 1 1 1 1 0 0 1 0 1 1 0 1 0 0 0 0 0 1 0 0 1 0 0 0 1 0 0 1 1 1 0 0 1 0 1 1 1 1 1 1 0 0 0 0 1 0 0 1 0 0 0 0 1 0 1 0 1 1 0 1 0 0 0 0 1 0 0 1 1 0 0 1 0 0 0 1 0 1 0 1 1 1 0 0 1 1 1 1 0 1 1 1 0 0 1 1 1 1 1 0 1 1 0 0 0 1 0 0 1 0 0 0 1 1 1 1 0 1 0 0 0 1 0 1 1 0 0 0 1 1 1 0 0 0 0 1 1 0 1 1 1 1 0 1 0 0 1 1 1 1 1 0 0 1 0 0 0 1 0 1 1 0 1 0 1 0 0 1 0 0 0 1 1 0 0 1 1 0 0 0 1 0 1 1 0 1 0 1 1 1 0 0 0 1 0 1 0 0 1 1 1 1 1 0 1 1 1 1 1 1 1 0 0 0 0 0 0 1 0 1 1 1 1 1 1 0 1 0 1 1 1 0 1 0 1 1 1 0 1 1 1 0 0 1 1 0 0 0 1 1 1 1 1 0 1 1 1 0 1 1 0 0 1 1 0 0 1 0 1 0 0 1 0 1 0 0 0 0 0 0 0 0 0 1 1 0 1 1 0 1 0 0 0 0 1 1 1 0 0 0 0 0 0 0 0 1 0 0 1 0 1 1 0 0 0 0 0 1 0 0 1 1 1 0 0 1 1 1 0 0 0 0 1 1 0 0 1 1 0 0 1 0 1 1 1 0 1 0 0 0 1 0 
quality : 3084
======================================

========== print chromosome ==========
genes : 0 0 0 1 1 1 1 1 0 0 1 1 1 1 1 1 0 1 1 1 1 0 0 0 1 0 1 0 0 1 0 1 0 1 1 1 1 0 0 0 1 1 0 0 0 1 0 1 1 1 1 0 1 1 0 1 0 1 1 0 0 0 0 0 0 1 0 1 0 1 0 1 0 0 1 1 1 0 0 0 1 0 1 1 0 0 1 1 1 0 0 0 0 1 0 0 0 0 0 1 1 1 1 1 0 0 1 1 1 1 1 0 0 1 1 0 0 1 0 0 1 0 0 1 0 0 0 0 0 1 1 0 1 1 1 0 1 1 0 1 0 1 0 1 0 0 1 1 0 1 1 1 0 0 1 0 1 1 0 1 0 0 0 0 0 1 0 0 1 0 0 0 1 0 0 1 1 1 0 0 0 0 1 1 1 1 1 1 0 0 0 0 1 0 0 1 0 0 0 0 1 1 1 0 1 1 0 1 0 0 1 0 1 0 0 1 1 0 0 1 0 0 0 1 0 1 0 1 1 1 0 0 1 1 1 1 0 1 1 1 0 0 1 1 1 1 0 0 1 1 0 0 0 1 0 0 1 0 0 0 1 1 1 1 0 1 0 0 0 1 0 1 1 0 0 0 1 1 0 0 0 0 0 1 1 0 1 1 1 1 0 1 0 0 1 1 1 1 1 0 0 1 0 0 1 1 0 1 1 0 1 0 1 0 0 1 0 0 0 1 1 0 0 1 1 0 0 0 1 0 1 1 0 1 0 1 1 1 0 0 0 1 0 1 0 0 1 1 1 1 1 1 1 1 1 1 1 1 1 0 0 0 0 0 0 1 0 1 1 1 1 1 1 0 1 1 1 1 1 0 1 0 1 1 1 0 1 1 1 0 0 1 1 0 0 0 1 1 1 1 1 0 1 1 1 0 1 1 0 0 1 1 0 0 0 0 1 0 0 1 0 1 0 0 0 0 0 0 0 0 0 1 1 0 1 1 0 1 0 0 0 0 0 1 1 0 0 0 0 0 0 0 0 1 0 0 1 0 1 1 0 0 0 0 0 1 0 0 0 1 1 0 0 1 1 1 0 0 0 0 1 1 0 0 1 1 0 0 1 0 1 1 1 0 1 0 0 0 1 0 
quality : 3084
======================================

========== print chromosome ==========
genes : 0 0 0 1 1 1 1 1 0 0 1 1 1 1 1 1 0 1 1 1 1 0 0 0 1 0 1 0 0 1 0 1 0 1 1 1 1 0 0 0 1 1 0 0 0 1 0 1 1 1 1 0 1 1 0 1 0 1 1 0 0 0 0 0 0 1 0 1 0 1 0 1 0 0 1 1 1 0 0 0 1 0 1 1 0 0 1 1 1 0 0 0 0 1 0 0 0 0 0 1 1 1 1 1 0 0 1 1 1 1 1 0 0 1 1 0 0 1 0 0 1 0 0 1 0 0 0 0 0 1 1 0 1 1 1 1 1 1 0 1 0 1 0 1 0 0 1 1 0 1 1 1 0 0 1 0 1 1 0 1 0 0 0 0 0 1 0 0 1 0 0 0 1 0 0 1 1 1 0 0 0 0 1 1 1 1 1 1 0 0 0 0 1 0 0 1 0 0 0 0 1 0 1 0 1 1 0 1 0 0 1 0 1 0 0 1 1 0 0 1 0 0 0 1 0 1 0 1 1 1 0 0 1 1 1 1 0 1 1 1 0 0 1 1 1 1 0 0 1 1 0 0 0 1 0 0 1 0 0 0 1 1 1 1 0 1 0 0 0 1 0 1 1 0 0 0 1 1 0 0 0 0 0 1 1 0 1 1 1 1 0 1 0 0 1 1 1 1 1 0 0 1 0 0 0 1 0 1 1 0 1 0 1 0 0 1 0 0 0 1 1 0 0 1 1 0 0 0 1 0 1 1 0 1 0 1 1 1 0 0 0 1 0 1 0 0 1 1 0 1 1 0 1 1 1 1 1 1 1 0 0 0 0 0 0 1 1 1 1 1 1 1 1 0 1 1 1 1 1 0 1 0 1 1 1 0 1 1 1 0 0 1 1 0 0 0 1 1 1 1 1 0 1 1 1 0 1 1 0 0 1 1 0 0 0 0 1 0 0 1 0 1 0 0 0 0 0 0 0 0 0 1 1 0 1 1 0 1 0 0 0 0 0 1 1 0 0 0 0 0 0 0 0 1 0 0 1 0 1 1 0 0 0 0 0 1 0 0 1 1 1 0 0 1 1 1 1 0 0 0 1 1 0 0 1 1 0 0 1 0 1 1 1 0 1 0 0 0 1 0 
quality : 3084
======================================

========== print chromosome ==========
genes : 0 0 1 1 1 1 1 1 0 0 1 1 1 1 1 1 0 1 1 1 1 0 0 0 1 0 1 0 0 1 0 1 0 1 1 1 1 0 1 0 1 1 0 0 0 1 0 1 1 1 1 0 1 1 0 1 0 1 1 0 0 0 0 0 0 1 0 1 0 1 0 1 0 0 1 1 1 0 0 0 1 0 1 1 0 0 1 1 1 0 0 0 0 1 0 0 0 0 0 1 1 1 1 1 0 0 1 1 1 1 1 0 0 1 1 0 0 1 0 0 1 0 0 1 0 0 0 0 0 1 1 0 1 1 1 0 1 1 0 1 0 1 0 1 0 0 1 1 0 1 1 1 0 0 1 0 1 1 0 1 0 0 0 0 0 1 0 0 1 0 0 0 1 0 0 1 1 1 0 0 0 0 1 1 1 1 1 1 0 0 0 0 1 0 0 1 0 0 0 0 1 0 1 0 1 1 1 1 0 0 1 0 1 0 0 1 1 0 0 1 0 0 0 1 0 1 0 1 1 1 0 0 1 1 1 1 0 1 1 1 1 0 1 1 1 1 0 0 1 1 0 0 0 1 0 0 1 0 0 0 1 1 1 1 0 1 0 0 0 1 0 1 1 0 0 0 1 1 0 0 0 0 0 1 1 0 1 1 1 1 0 1 1 0 1 1 1 1 1 0 0 1 0 0 0 1 0 1 1 0 1 0 1 0 0 1 0 0 0 1 1 0 0 1 1 0 0 0 1 0 1 1 0 1 0 1 1 1 0 0 0 1 0 1 0 0 1 1 1 1 1 0 1 1 1 1 1 1 1 0 0 0 0 0 0 1 0 1 1 1 1 1 1 0 1 1 1 1 1 0 1 0 1 1 1 0 1 1 0 0 0 1 1 0 0 0 1 1 1 1 1 0 1 1 1 0 1 1 0 0 1 1 0 0 0 0 1 0 0 1 0 1 0 0 0 0 0 0 0 0 0 1 1 0 1 1 0 1 0 0 0 0 0 1 1 0 0 0 0 0 0 0 0 1 0 0 1 0 1 1 0 0 0 0 0 1 0 0 1 1 1 0 0 1 1 1 0 0 0 0 1 1 0 0 1 1 0 0 1 0 1 1 1 0 1 0 0 0 1 0 
quality : 3084
======================================

========== print chromosome ==========
genes : 0 0 0 1 1 1 1 1 0 0 1 1 1 1 1 1 0 1 1 1 1 0 0 0 1 0 1 0 0 1 0 1 0 1 1 1 1 0 0 0 1 1 0 0 0 1 0 1 1 1 1 0 1 1 0 1 0 1 1 0 0 0 0 0 0 1 0 1 0 1 0 1 0 0 1 1 1 0 0 0 1 0 1 1 0 1 1 1 1 0 0 0 0 1 0 0 0 0 0 1 1 1 1 1 0 0 1 1 1 1 1 0 0 1 1 0 0 1 0 0 1 0 0 1 0 0 0 0 0 1 1 0 1 1 1 0 1 1 0 1 0 1 0 1 0 0 1 1 0 1 1 1 0 0 1 0 1 1 0 1 0 0 1 0 0 1 0 0 1 0 0 0 1 0 0 1 1 1 0 0 0 0 1 1 0 1 1 1 0 0 0 0 1 0 0 1 0 0 0 0 1 0 1 0 1 1 0 1 0 0 1 0 1 0 0 1 1 0 0 1 0 0 0 1 0 1 0 1 1 1 0 0 1 1 1 1 0 1 1 1 0 0 1 1 1 1 0 0 1 1 0 0 0 1 0 0 1 0 0 0 1 1 1 1 0 1 0 0 0 1 0 1 1 0 0 0 1 1 0 0 0 0 0 1 1 0 1 1 1 1 0 1 0 0 1 1 1 1 1 0 0 1 0 0 0 1 0 1 1 0 1 0 1 0 0 1 0 0 0 1 1 0 0 1 1 0 0 0 1 0 1 1 0 1 0 1 1 1 0 0 0 1 0 1 0 0 1 1 1 1 1 0 1 1 1 1 1 1 1 0 0 0 0 0 0 1 1 1 1 1 1 1 1 0 1 1 1 1 1 0 1 0 1 1 1 0 1 1 1 0 0 1 1 0 0 0 1 1 1 1 1 0 1 1 1 0 1 1 0 0 1 1 0 0 0 0 1 0 0 1 0 1 0 0 0 0 0 0 0 0 0 1 1 0 1 1 0 1 0 0 0 0 0 1 1 0 0 0 0 0 0 0 0 1 0 0 1 0 1 1 0 0 0 0 0 1 0 0 1 1 1 0 0 1 1 1 0 0 0 0 0 1 0 0 1 1 0 0 1 0 1 1 1 0 1 0 0 0 1 0 
quality : 3084
======================================

========== print chromosome ==========
genes : 0 0 0 1 1 1 1 1 0 0 1 1 1 1 0 1 0 1 1 1 1 0 0 0 1 0 1 0 0 1 0 1 0 1 1 1 1 0 0 0 1 1 0 0 0 1 0 1 1 1 1 0 1 1 0 1 0 1 1 0 0 0 0 0 0 1 0 1 0 1 0 1 0 0 1 1 1 0 0 0 1 0 1 1 0 0 1 1 1 0 0 0 0 1 0 0 0 0 0 1 1 1 1 1 0 0 1 1 1 1 1 0 0 1 1 0 0 1 0 0 1 0 0 1 0 0 0 0 0 1 1 0 1 1 1 0 1 1 0 1 0 1 0 1 0 0 1 1 0 1 1 1 0 0 1 0 1 1 0 1 0 0 0 0 0 1 0 0 1 0 0 0 1 0 0 1 1 1 0 0 0 0 1 1 1 1 1 1 0 0 0 1 1 0 0 1 0 0 0 0 1 0 1 0 1 1 0 1 0 0 1 0 1 0 0 1 1 0 0 1 0 0 0 1 0 1 0 1 1 1 0 0 1 1 1 1 0 1 1 1 0 0 1 1 1 1 0 0 1 1 0 0 0 1 0 0 1 0 0 0 1 1 1 1 0 1 0 0 0 1 0 1 1 0 0 0 1 1 0 0 0 0 0 1 1 0 1 1 1 1 0 1 0 0 1 1 1 1 1 0 0 1 0 0 0 1 0 1 1 0 1 0 1 0 0 1 0 0 0 1 1 0 0 1 1 0 0 0 1 1 1 1 0 1 0 1 1 1 0 0 0 1 0 1 0 0 1 1 1 1 1 0 1 1 1 1 1 1 1 0 0 1 0 0 0 1 0 1 1 1 1 1 1 0 1 1 1 1 1 0 1 0 1 1 1 0 1 1 1 0 1 1 1 0 0 0 1 1 1 0 1 0 1 1 1 0 1 1 0 0 1 1 0 0 0 0 1 0 0 1 0 1 0 0 0 0 1 0 0 0 0 1 1 0 1 1 0 1 0 0 0 1 0 1 1 0 0 0 0 0 1 0 0 1 0 0 1 0 1 1 0 0 0 0 0 1 0 0 1 1 1 0 0 1 1 1 0 0 0 0 1 1 0 0 1 1 0 0 1 0 1 1 1 0 1 0 0 0 1 0 
quality : 3084
======================================

========== print chromosome ==========
genes : 0 0 0 1 1 1 1 1 0 0 1 1 1 1 1 1 0 1 1 1 1 0 0 0 1 0 1 0 0 1 0 1 0 1 1 1 1 0 0 0 1 1 0 0 0 1 0 1 1 1 1 0 1 1 0 1 0 1 1 0 0 0 0 0 0 1 0 1 0 1 0 1 0 0 1 1 1 0 0 0 1 0 1 1 0 0 1 1 1 0 0 0 0 1 0 0 0 0 0 1 1 1 1 1 0 0 1 1 1 1 1 0 0 1 1 0 0 1 0 0 1 0 0 1 0 0 0 0 0 1 1 0 1 1 1 0 1 1 0 1 0 1 0 1 0 0 1 1 0 1 1 1 0 0 1 0 1 1 0 1 0 0 1 0 0 1 0 0 1 0 0 0 1 0 0 1 1 1 0 0 0 0 1 1 1 1 1 1 0 0 0 0 1 0 0 1 0 0 1 0 1 0 1 1 1 1 0 1 0 0 1 0 1 0 0 1 1 0 0 1 0 0 0 1 0 1 0 1 1 1 0 0 1 1 1 1 0 1 1 1 0 0 1 1 1 1 0 0 1 1 0 0 0 1 0 0 1 0 0 0 1 1 1 1 0 1 0 0 0 1 0 1 1 0 0 0 1 1 0 0 0 0 0 1 1 0 1 1 1 1 0 1 0 0 1 1 1 1 1 0 0 1 0 0 0 0 0 1 1 0 1 0 1 0 0 1 0 0 0 1 1 0 0 0 1 0 0 0 1 0 1 1 0 1 0 1 1 1 0 0 0 1 0 1 0 0 1 1 1 1 1 0 1 1 1 1 1 1 1 0 0 0 0 0 0 1 0 1 1 1 1 1 1 0 1 1 1 1 1 0 1 0 1 1 1 0 1 1 1 1 0 1 1 0 0 0 1 1 1 1 1 0 1 1 1 0 1 1 0 0 1 1 0 0 0 0 1 0 0 1 0 1 0 0 0 0 0 0 0 0 0 1 1 0 1 1 0 1 0 0 0 1 0 1 1 0 0 0 0 0 0 0 0 1 0 0 1 0 1 1 0 0 0 0 0 1 0 0 1 1 1 0 0 1 1 1 0 0 0 0 1 1 0 0 1 1 0 0 1 0 1 1 0 0 1 0 0 0 1 0 
quality : 3084
======================================

========== print chromosome ==========
genes : 0 0 0 1 0 1 1 1 0 0 1 1 1 1 1 1 1 1 1 1 1 0 0 0 1 0 1 0 0 1 0 1 0 0 1 1 1 0 0 0 1 0 0 0 0 1 0 1 1 1 1 0 1 1 0 1 0 1 1 0 0 0 0 0 0 1 0 1 0 1 0 1 0 0 1 1 1 0 0 0 1 1 0 1 0 0 1 1 1 0 0 0 0 1 0 0 0 0 0 1 1 1 0 1 0 0 1 0 1 1 1 0 0 1 1 1 0 1 1 0 1 0 0 1 0 0 0 0 0 1 1 0 1 1 1 0 1 1 0 1 0 1 0 1 0 0 1 1 0 1 1 1 0 0 1 0 1 1 0 1 0 0 0 0 0 1 0 1 1 0 0 1 1 1 0 0 1 1 0 0 0 0 1 1 1 1 1 1 0 0 1 0 1 0 1 1 0 0 0 0 0 0 1 0 1 1 1 1 0 0 1 0 1 0 0 1 1 0 0 1 0 0 0 1 0 1 0 1 1 1 0 0 1 1 1 1 0 1 1 1 0 0 1 1 1 0 1 0 1 1 0 0 0 0 0 0 1 0 0 0 1 1 1 1 0 1 0 0 0 0 0 1 1 0 0 0 1 1 0 0 0 0 0 1 1 0 1 1 1 1 0 1 0 0 1 1 1 1 1 0 0 1 0 0 0 0 0 1 1 0 1 0 1 0 0 1 0 0 0 1 1 0 0 1 1 0 0 0 1 0 1 1 0 0 0 1 1 1 0 0 0 1 0 1 0 0 1 1 1 1 1 0 1 0 1 1 1 1 1 0 0 0 0 1 0 1 0 1 1 1 1 1 1 0 1 1 1 1 1 0 1 0 1 1 1 0 1 1 1 0 0 1 1 0 0 0 1 1 1 1 1 0 1 1 1 0 1 1 0 0 1 1 0 0 0 0 1 0 0 1 0 1 0 0 0 1 0 0 0 0 1 1 1 0 1 1 0 1 0 0 0 0 0 1 1 0 0 0 0 0 0 0 0 1 0 0 1 0 1 1 0 0 0 0 0 0 0 0 1 1 1 0 0 1 1 1 0 0 0 0 1 1 0 1 1 1 0 0 1 0 1 1 1 0 1 0 0 0 1 0 
quality : 3085
======================================

========== print chromosome ==========
genes : 0 0 0 1 0 1 1 1 0 0 1 1 1 1 1 1 1 1 1 1 1 0 0 0 1 0 1 0 0 1 0 1 0 0 1 1 1 0 0 0 1 1 0 0 0 1 0 1 1 1 1 0 1 1 0 1 0 1 1 0 0 0 0 0 0 1 0 1 0 1 0 1 0 0 1 1 1 0 0 0 1 1 0 1 0 0 1 1 1 0 0 0 0 1 0 0 0 0 0 1 1 1 0 1 0 0 1 0 1 1 1 0 0 1 1 1 0 1 1 0 1 0 0 1 0 0 0 0 0 1 1 0 1 1 1 0 1 1 0 1 0 1 0 1 0 0 1 1 0 1 1 1 0 0 1 0 1 1 0 1 0 0 0 0 0 1 0 0 1 0 0 1 1 0 0 1 1 1 0 0 0 0 1 1 1 1 1 1 0 0 1 0 1 0 1 1 0 0 0 0 0 0 1 0 1 1 1 1 0 0 1 0 1 0 0 1 1 0 0 1 0 0 0 1 0 1 0 1 1 1 0 0 1 1 1 1 0 1 1 1 0 0 1 1 1 1 1 0 1 1 0 0 0 1 0 0 1 0 0 0 1 1 1 1 0 1 0 0 0 1 0 1 1 0 0 0 1 1 0 0 0 0 0 1 1 0 1 1 1 1 0 1 0 0 1 1 1 1 1 0 0 1 1 0 0 1 0 1 1 0 1 0 1 0 0 1 0 0 0 1 1 0 0 1 1 0 0 0 1 0 1 1 0 0 0 1 1 1 0 0 0 1 0 1 0 0 1 1 1 1 1 0 1 0 1 1 0 1 1 0 0 0 0 0 0 1 0 1 1 1 1 1 1 0 1 1 1 1 1 0 1 0 1 1 1 0 1 1 1 0 0 1 1 0 0 0 1 1 1 1 1 0 1 1 1 0 1 1 0 0 1 1 0 0 0 0 1 0 0 1 0 1 0 0 0 0 0 1 0 0 0 1 1 0 1 1 0 1 0 0 1 0 0 1 1 0 0 0 0 0 0 0 0 1 0 0 1 0 1 1 0 0 0 0 0 0 0 0 1 1 1 0 0 1 1 1 0 0 0 0 1 1 0 1 1 1 0 0 1 0 1 1 1 0 1 0 0 0 1 0 
quality : 3085
======================================

========== print chromosome ==========
genes : 0 0 0 1 0 1 1 1 0 0 1 1 1 1 1 1 1 1 1 1 1 0 0 0 1 0 1 0 0 1 0 1 0 0 1 1 1 0 0 0 1 0 0 0 0 1 0 1 1 1 1 0 1 1 0 1 0 1 1 0 0 0 0 0 0 1 0 0 0 1 0 1 0 0 1 1 1 0 0 0 1 0 1 1 0 0 1 1 1 0 0 0 0 1 1 0 0 0 0 1 1 1 1 1 0 0 1 0 1 1 1 0 0 1 1 1 0 1 1 0 1 0 0 1 0 0 0 0 0 1 1 0 1 1 1 0 1 1 0 1 0 1 0 1 0 0 1 1 0 1 1 1 0 0 1 0 1 1 0 1 0 0 0 0 0 1 0 0 1 0 0 1 1 0 0 1 1 1 0 0 0 0 1 1 1 1 1 1 0 0 1 0 1 0 1 1 0 0 0 0 0 0 1 0 1 1 1 1 0 0 1 0 1 0 0 1 1 0 0 1 0 0 0 1 0 1 0 1 1 1 0 0 1 1 1 1 0 1 1 1 0 1 1 1 1 1 1 0 1 1 0 0 0 1 0 0 1 0 0 0 1 1 1 1 0 1 0 0 0 1 0 1 1 0 0 0 1 1 0 0 0 0 0 1 1 0 1 1 1 1 0 1 0 0 1 1 1 1 1 0 0 1 0 0 0 1 0 1 1 0 1 0 1 0 0 1 0 0 0 1 1 0 0 1 1 0 0 0 1 0 1 1 0 1 0 1 1 1 0 0 0 1 0 1 0 0 1 1 1 1 1 0 1 1 1 1 1 1 1 0 0 0 0 0 1 1 0 1 1 1 1 1 1 0 1 1 1 1 1 0 1 0 1 1 1 0 1 1 1 0 0 1 1 0 0 0 1 1 1 1 1 0 1 1 1 0 0 1 0 0 1 1 0 0 0 0 1 0 0 1 0 1 0 0 0 0 0 0 0 0 0 1 1 0 1 1 0 1 0 0 0 0 0 1 1 0 0 0 0 0 0 0 0 1 0 0 1 0 1 1 0 0 0 0 0 1 0 1 1 1 1 0 0 1 1 1 0 0 0 0 1 1 0 1 1 1 0 0 1 0 1 1 1 0 1 0 0 0 1 0 
quality : 3085
======================================

========== print chromosome ==========
genes : 0 0 0 1 1 1 1 1 0 0 1 1 1 1 1 1 0 1 1 1 1 0 0 0 1 0 1 0 0 1 0 1 0 1 1 1 1 0 0 0 1 1 0 1 0 1 0 1 1 1 1 0 1 1 0 1 0 1 1 0 0 0 0 0 0 1 0 1 1 1 0 1 0 0 1 1 1 0 0 0 1 0 1 1 0 0 1 1 1 0 0 0 0 1 0 0 0 0 0 1 1 1 1 1 0 0 1 1 1 1 1 0 0 1 1 0 0 1 0 0 1 0 0 1 0 0 0 0 0 1 1 0 1 1 1 0 1 1 0 0 0 1 0 1 0 0 1 1 0 1 1 1 0 0 1 0 1 1 0 1 0 0 0 0 0 1 0 0 1 0 0 1 1 0 0 1 1 1 0 0 0 0 1 1 1 1 1 1 1 0 1 0 1 0 1 1 0 0 0 0 0 0 1 0 1 1 1 1 0 0 1 0 1 0 0 1 1 0 0 0 0 0 0 1 0 1 0 1 1 1 0 0 1 1 1 1 0 1 0 1 0 0 1 1 0 1 1 0 1 1 0 0 0 1 0 0 1 0 0 0 1 1 1 1 0 1 0 0 0 1 0 1 1 0 0 0 1 1 0 0 0 0 0 1 0 0 1 1 1 1 0 1 0 0 1 1 1 1 0 0 0 1 1 0 0 1 0 1 1 0 1 0 1 0 0 1 0 0 0 1 1 0 0 1 1 0 0 0 1 0 1 1 0 0 0 1 1 1 0 0 0 1 0 1 0 0 1 1 1 1 1 1 1 1 1 1 1 1 1 0 0 0 0 0 0 1 0 1 1 1 1 1 1 0 1 1 1 1 1 0 1 0 1 1 1 0 1 1 1 0 0 1 1 0 0 0 1 1 1 1 1 0 1 1 1 0 1 1 0 0 1 0 0 0 0 0 1 0 1 1 0 1 0 0 0 0 0 0 0 0 0 1 1 0 1 1 0 1 0 0 0 0 0 1 1 0 0 0 0 0 1 0 0 1 0 0 1 0 1 1 0 0 0 0 0 1 0 0 0 1 1 0 0 1 1 1 0 0 0 0 1 1 0 0 1 1 0 0 1 0 1 1 1 0 1 0 0 0 1 0 
quality : 3088
======================================

========== print chromosome ==========
genes : 0 0 0 1 1 1 1 1 0 0 1 1 1 1 1 1 0 1 1 1 1 0 0 0 0 0 1 0 0 1 0 1 0 1 1 1 1 0 0 0 1 1 0 0 0 1 0 1 1 1 1 0 1 1 0 1 0 1 1 0 0 0 0 0 0 1 0 1 0 1 0 1 0 0 1 1 1 0 0 0 1 0 1 1 1 0 1 1 1 0 0 0 0 1 0 0 0 0 0 1 1 1 1 1 0 0 1 0 1 1 1 0 0 1 1 1 0 1 1 0 1 0 0 0 0 0 0 0 0 1 1 0 1 1 1 0 1 1 0 1 0 1 0 1 0 0 1 1 0 1 1 1 0 0 1 0 1 1 0 1 0 0 0 0 0 1 0 0 1 0 0 1 1 0 0 1 1 1 0 0 0 0 1 1 1 1 1 1 0 0 1 0 1 0 1 1 0 0 0 0 0 0 1 0 1 1 1 1 0 0 1 0 1 0 0 1 1 0 0 1 0 0 0 1 0 1 0 1 1 1 0 0 1 1 1 1 0 1 1 1 0 0 1 1 1 1 0 0 1 1 0 0 0 1 0 0 1 0 0 0 1 1 1 1 0 1 0 0 0 1 1 1 1 0 0 0 1 1 0 0 0 0 0 1 1 0 1 1 1 1 0 1 0 0 1 1 1 1 1 0 0 1 0 0 0 1 0 1 1 0 1 0 1 0 0 1 0 0 0 1 1 0 0 1 1 0 1 0 1 0 1 1 0 1 0 1 0 1 0 0 0 1 0 1 0 0 1 1 1 1 1 0 1 1 1 1 1 1 1 0 0 0 0 0 0 1 0 1 1 1 1 1 1 0 1 1 0 1 1 0 1 0 1 1 1 0 1 1 1 0 0 1 1 0 0 0 1 1 1 1 1 0 1 1 1 0 1 1 0 0 1 1 0 0 0 0 1 0 0 1 0 1 0 0 1 0 0 0 0 0 0 1 1 0 1 1 0 1 0 0 0 0 0 1 1 0 0 0 0 0 0 0 0 0 0 0 1 0 1 1 0 0 0 0 0 1 1 0 1 1 1 0 0 1 1 1 0 0 0 0 1 0 0 0 1 1 0 0 0 0 1 1 1 0 1 0 0 0 1 0 
quality : 3088
======================================

========== print chromosome ==========
genes : 0 0 0 1 1 1 1 1 0 0 1 1 1 1 1 1 0 1 1 1 1 0 0 0 1 0 1 0 0 1 0 1 0 1 1 1 1 0 0 0 1 1 0 0 0 1 0 1 1 1 1 0 1 1 0 1 0 1 1 0 0 0 1 0 0 1 0 1 0 1 0 1 0 0 1 0 1 0 0 0 1 0 1 1 0 0 1 1 1 0 0 1 0 1 0 0 0 0 0 1 1 1 1 1 1 0 1 1 1 1 0 0 0 1 1 0 0 1 0 0 1 0 0 1 0 0 0 0 0 1 1 0 1 1 1 0 1 1 0 1 0 1 0 1 0 0 1 1 0 1 1 1 0 0 1 0 1 1 0 1 0 0 0 1 0 1 0 0 1 0 0 1 1 0 0 1 1 1 0 0 0 0 1 1 1 1 1 1 0 0 1 0 1 0 1 1 0 0 0 0 0 0 1 0 1 1 1 1 0 0 1 0 1 0 0 1 1 0 0 1 0 0 0 1 0 1 0 1 1 1 0 0 1 1 1 1 0 1 1 1 0 0 1 1 1 0 0 0 1 1 1 0 0 1 0 0 1 0 0 0 1 1 1 1 0 1 0 0 0 1 1 1 1 0 0 0 1 1 0 0 0 0 0 1 1 0 0 0 1 1 0 1 0 0 1 1 1 1 1 0 0 1 0 0 0 1 0 1 1 0 1 0 1 0 0 1 0 0 0 1 1 0 0 1 1 0 1 0 1 0 1 1 0 1 0 1 0 1 0 0 0 1 0 1 1 0 1 1 1 1 1 0 1 1 1 1 1 1 1 0 0 0 0 0 0 1 0 1 1 1 1 1 1 0 1 1 1 1 1 0 1 0 1 1 1 0 1 1 1 0 1 1 1 0 0 0 1 1 1 1 1 0 1 1 1 0 1 0 0 0 1 1 0 0 0 0 1 0 0 1 0 1 0 0 1 0 0 0 0 0 0 1 1 0 1 1 0 1 0 0 0 0 0 1 1 0 0 0 0 0 0 0 0 1 0 0 1 0 1 1 0 0 0 0 0 1 0 0 1 1 1 0 0 1 1 1 0 0 0 0 1 1 0 0 1 1 0 0 1 0 1 1 1 0 1 0 1 0 1 0 
quality : 3090
======================================

========== print chromosome ==========
genes : 0 0 0 1 1 1 1 1 0 0 1 1 1 1 1 0 0 1 1 1 1 0 0 0 1 0 1 0 0 1 0 1 0 1 1 1 1 0 0 0 1 1 0 0 0 1 0 1 1 1 1 0 1 1 0 1 0 1 1 0 0 0 0 0 0 1 0 1 0 1 0 1 0 0 1 1 1 0 0 0 1 0 1 1 0 0 1 1 1 0 0 0 0 1 0 0 0 0 1 1 1 1 1 1 0 1 1 0 1 1 1 0 0 0 1 1 0 1 1 0 1 0 0 1 0 0 0 0 0 1 1 0 1 1 1 0 1 1 0 1 0 1 0 1 0 0 1 1 0 1 1 1 0 0 1 0 1 1 0 1 0 0 0 0 0 1 0 0 1 0 0 1 1 0 0 1 1 1 0 0 0 0 1 1 1 1 1 1 0 0 1 0 1 0 1 1 0 0 0 0 0 0 1 0 1 1 1 1 1 0 1 0 1 0 0 1 1 0 0 1 0 0 0 1 0 1 0 1 1 1 0 0 1 1 1 1 0 1 1 1 0 0 1 1 1 1 0 0 1 1 0 0 0 1 0 0 1 0 0 0 1 1 1 1 0 1 0 0 0 1 1 1 1 0 0 0 1 1 0 0 0 0 0 1 1 0 1 1 1 1 0 1 0 0 1 1 1 1 1 0 0 1 0 0 0 1 0 1 1 0 1 0 1 0 0 1 0 0 0 1 1 0 0 1 1 0 1 0 1 0 1 1 0 1 0 1 0 1 0 0 0 1 0 1 0 0 1 1 1 1 1 0 1 1 1 1 1 1 1 0 0 0 0 0 0 1 0 1 1 1 1 1 1 0 1 1 1 1 1 0 0 0 1 1 1 0 1 1 1 0 0 1 1 0 0 0 1 1 1 1 1 0 1 1 1 0 1 1 0 0 1 1 0 0 0 0 1 0 0 1 0 1 0 0 1 0 0 0 0 0 0 1 1 0 1 1 0 1 0 0 0 0 0 1 1 0 0 0 0 0 0 0 0 1 0 0 1 0 1 1 0 0 0 0 0 1 0 0 1 1 1 0 0 1 1 1 0 0 0 0 1 1 0 0 1 1 0 0 1 0 1 1 1 0 1 0 0 0 1 0 
quality : 3090
======================================

========== print final result ==========
Generations evolved: 464699
Best quality: 3090
Mean quality: 3079.550049
Standard deviation: 12.559226
======================================

4 5 6 7 8 11 12 13 14 15 18 19 20 21 25 27 30 32 34 35 36 37 41 42 46 48 49 50 51 53 54 56 58 59 66 68 70 72 75 76 77 81 83 84 87 88 89 94 99 100 101 102 103 104 106 107 109 110 111 115 116 118 119 121 124 130 131 133 134 135 137 138 140 142 144 147 148 150 151 152 155 157 158 160 166 169 172 173 176 177 178 183 184 185 186 187 188 191 193 195 196 203 205 206 207 208 209 211 213 216 217 220 224 226 228 229 230 233 234 235 236 238 239 240 243 244 245 246 249 250 254 257 261 262 263 264 266 270 271 272 273 277 278 284 285 287 288 289 290 292 295 296 297 298 299 302 306 308 309 311 313 316 320 321 324 325 327 329 331 332 334 336 338 342 344 347 348 349 350 351 353 354 355 356 357 358 359 366 368 369 370 371 372 373 375 376 377 378 379 383 384 385 387 388 389 392 393 397 398 399 400 401 403 404 405 407 408 411 412 417 420 422 425 432 433 435 436 438 444 445 454 457 459 460 466 469 470 471 474 475 476 481 482 485 486 489 491 492 493 495 499 