========== print final result ==========
Generations evolved: 19583118
Best quality: 98
Mean quality: 97.800003
Standard deviation: 0.410391
======================================

Number of population: 20

========== print chromosome ==========
genes : 1 1 0 0 0 0 0 0 1 0 0 0 1 0 0 1 1 1 1 1 0 0 1 1 1 1 0 0 0 0 0 0 0 1 1 1 0 1 0 1 1 1 1 1 1 0 1 0 1 0 
quality : 97
======================================

========== print chromosome ==========
genes : 1 1 0 0 0 0 0 0 1 0 0 0 1 0 0 1 1 1 1 1 0 0 1 1 1 1 0 0 0 0 0 0 0 1 1 1 0 1 0 1 1 1 1 1 1 0 1 0 1 0 
quality : 97
======================================

========== print chromosome ==========
genes : 1 1 0 0 0 0 0 0 1 0 0 0 1 0 0 1 1 1 1 1 0 0 1 1 1 1 0 0 0 0 0 0 0 1 1 1 0 1 0 1 1 1 1 1 1 0 1 0 1 0 
quality : 97
======================================

========== print chromosome ==========
genes : 1 1 0 0 0 0 0 0 1 0 0 0 1 0 0 1 1 1 1 1 0 0 1 1 1 1 0 0 0 0 0 0 0 1 1 1 0 1 0 1 1 1 1 1 1 0 1 0 1 0 
quality : 97
======================================

========== print chromosome ==========
genes : 1 1 0 0 0 0 0 0 1 0 0 0 1 0 0 1 1 1 1 1 0 0 1 1 1 1 0 0 0 0 0 0 0 0 1 1 0 1 0 1 1 1 0 1 1 0 1 0 1 0 
quality : 98
======================================

========== print chromosome ==========
genes : 1 1 0 0 0 0 0 0 1 0 0 0 1 0 0 1 1 1 1 1 0 0 1 1 1 1 0 0 0 0 0 0 0 0 1 1 0 1 0 1 1 1 1 1 1 0 1 0 1 0 
quality : 98
======================================

========== print chromosome ==========
genes : 1 1 0 0 0 0 0 0 1 0 0 0 1 0 0 1 1 1 1 1 0 0 1 1 1 1 0 0 0 0 0 0 0 0 1 1 0 1 0 1 1 1 1 1 1 0 1 0 1 0 
quality : 98
======================================

========== print chromosome ==========
genes : 1 1 0 0 0 0 0 0 1 0 0 0 1 0 0 1 1 1 1 1 0 0 1 1 1 1 0 0 0 0 0 0 0 0 1 1 0 1 0 1 1 1 1 1 1 0 1 0 1 0 
quality : 98
======================================

========== print chromosome ==========
genes : 1 1 0 0 0 0 0 0 1 0 0 1 1 0 0 1 1 1 1 1 0 0 1 1 1 1 0 0 0 0 0 0 0 0 1 1 0 1 0 1 1 1 1 1 1 0 1 0 1 0 
quality : 98
======================================

========== print chromosome ==========
genes : 1 1 0 0 0 0 0 0 1 0 0 0 1 0 0 1 1 1 1 1 0 0 1 1 1 1 0 0 0 0 1 0 0 0 1 1 0 1 0 1 0 1 1 1 1 0 1 0 1 0 
quality : 98
======================================

========== print chromosome ==========
genes : 1 1 0 0 0 0 0 0 1 0 0 0 1 0 0 1 1 1 1 1 0 0 1 1 1 1 0 0 0 0 0 0 0 0 1 1 0 1 0 1 1 1 1 1 1 0 1 0 1 0 
quality : 98
======================================

========== print chromosome ==========
genes : 1 1 0 0 0 0 0 0 1 0 0 0 1 0 0 1 1 1 0 0 0 0 1 1 1 1 0 0 0 0 0 0 0 0 1 1 1 1 0 1 1 1 1 1 1 0 1 0 1 0 
quality : 98
======================================

========== print chromosome ==========
genes : 1 1 0 0 0 0 0 0 1 0 0 0 1 0 0 1 1 1 1 1 0 0 1 1 1 1 0 0 0 0 0 0 0 0 1 1 0 1 1 1 1 1 1 1 1 0 1 0 1 0 
quality : 98
======================================

========== print chromosome ==========
genes : 1 1 0 0 0 0 0 0 1 0 0 0 1 0 0 1 1 0 1 1 0 0 1 1 1 1 0 0 0 0 0 0 0 0 1 1 0 1 0 1 0 1 1 1 1 0 1 0 1 0 
quality : 98
======================================

========== print chromosome ==========
genes : 1 1 0 0 0 0 0 0 1 0 0 0 1 0 0 1 1 1 1 1 0 0 1 1 1 1 0 0 0 0 0 0 0 0 1 1 0 1 0 1 1 1 1 1 1 0 1 0 0 0 
quality : 98
======================================

========== print chromosome ==========
genes : 1 1 0 0 0 0 0 0 1 0 0 0 1 0 0 1 1 1 1 1 0 0 1 1 1 1 0 0 0 0 0 0 0 0 1 1 0 1 0 1 1 1 1 1 1 0 1 0 1 0 
quality : 98
======================================

========== print chromosome ==========
genes : 1 0 0 0 0 0 0 0 1 0 0 0 1 0 0 1 1 1 1 1 0 0 1 1 1 1 0 0 0 0 0 0 0 0 1 1 0 1 0 1 1 1 1 1 1 0 1 0 1 0 
quality : 98
======================================

========== print chromosome ==========
genes : 1 1 0 0 0 0 0 0 1 0 0 0 1 0 0 0 1 1 1 1 0 0 1 1 1 1 0 0 0 0 0 0 0 0 1 1 0 1 0 1 1 1 1 1 1 0 1 0 1 0 
quality : 98
======================================

========== print chromosome ==========
genes : 1 1 0 0 0 0 1 0 1 0 0 0 1 0 0 1 1 1 1 1 0 0 1 1 1 1 0 0 0 0 0 0 1 0 1 1 0 1 0 1 1 1 1 1 1 0 1 0 1 0 
quality : 98
======================================

========== print chromosome ==========
genes : 1 1 0 0 0 0 0 0 1 0 0 0 1 0 0 1 1 1 1 1 0 0 1 1 1 1 0 0 0 0 0 0 0 0 1 1 0 1 0 1 1 1 1 1 1 0 1 0 1 0 
quality : 98
======================================

========== print final result ==========
Generations evolved: 19583118
Best quality: 98
Mean quality: 97.800003
Standard deviation: 0.410391
======================================

1 2 9 13 16 17 18 19 20 23 24 25 26 35 36 38 40 41 42 43 44 45 47 49 