========== print final result ==========
Generations evolved: 991908
Best quality: 341
Mean quality: 340.459991
Standard deviation: 1.903847
======================================

Number of population: 100

========== print chromosome ==========
genes : 0 1 0 0 1 0 1 0 1 1 0 0 1 0 0 1 1 1 1 0 1 1 1 1 0 0 0 0 1 1 0 1 1 0 1 0 0 0 0 1 1 1 1 1 0 1 1 1 0 1 0 1 1 0 0 0 1 0 1 1 1 1 1 1 0 0 0 0 0 1 0 1 0 0 1 0 1 1 1 0 0 0 0 1 1 1 0 1 0 1 1 1 0 0 0 0 0 0 1 0 
quality : 341
======================================

========== print chromosome ==========
genes : 0 1 0 1 1 0 1 0 1 1 0 0 1 1 0 1 1 1 1 0 1 1 1 1 0 0 0 0 1 1 0 1 1 0 0 0 0 0 0 1 1 1 1 1 0 1 1 1 1 1 0 1 1 0 1 0 1 0 1 1 1 1 1 1 0 0 0 0 0 1 0 1 0 0 1 0 1 1 1 0 0 0 0 1 1 1 0 1 1 1 1 1 0 0 0 0 0 0 1 0 
quality : 331
======================================

========== print chromosome ==========
genes : 0 1 0 0 1 0 1 0 1 1 0 0 1 0 0 1 1 1 1 0 1 1 1 1 0 0 0 0 1 1 0 1 1 0 0 0 0 0 0 1 1 1 1 1 0 1 1 1 0 1 0 1 1 1 0 0 1 0 1 1 1 1 1 1 0 0 0 0 0 1 0 1 0 0 1 0 1 1 1 0 0 0 0 1 0 1 0 1 1 1 1 1 0 0 0 0 0 0 1 0 
quality : 341
======================================

========== print chromosome ==========
genes : 0 1 0 0 1 0 1 0 1 1 0 0 1 0 0 1 1 1 1 0 1 1 1 1 0 0 0 0 1 1 0 0 1 0 0 1 0 0 0 1 1 1 1 1 0 1 1 1 0 1 0 1 1 0 0 0 1 0 1 1 1 1 1 1 0 0 0 0 0 1 0 1 0 0 1 0 1 1 1 0 0 0 0 1 0 0 0 1 0 1 1 1 0 0 0 0 0 0 1 0 
quality : 340
======================================

========== print chromosome ==========
genes : 0 1 0 0 1 0 1 0 1 1 0 0 1 0 0 1 1 1 1 0 1 1 1 1 0 0 0 0 1 1 0 1 1 0 0 0 0 0 0 1 1 1 1 1 0 1 1 1 0 1 0 1 1 0 0 0 1 0 1 1 1 1 1 1 0 0 0 0 0 1 0 1 0 0 1 0 1 1 1 0 0 0 0 1 1 1 0 1 0 1 1 1 0 0 0 0 0 0 1 0 
quality : 341
======================================

========== print chromosome ==========
genes : 0 1 0 0 1 1 1 0 1 1 0 0 1 0 0 1 1 0 1 0 1 1 1 1 0 0 0 0 1 1 0 1 1 0 0 0 0 0 0 1 1 1 1 1 0 1 1 1 0 1 1 1 1 1 0 0 1 0 1 1 1 1 1 1 0 0 0 0 0 1 0 1 0 0 1 0 1 1 1 0 0 0 0 1 1 1 0 1 0 0 1 1 0 0 0 0 0 0 1 0 
quality : 332
======================================

========== print chromosome ==========
genes : 0 1 0 0 1 0 1 0 1 1 0 0 1 0 0 1 1 1 1 0 1 1 1 1 0 0 0 0 0 1 0 1 1 0 0 0 0 0 0 1 1 1 1 1 0 1 1 1 0 1 0 1 1 1 1 0 1 0 1 1 0 1 1 1 0 0 0 0 0 1 0 1 0 0 1 0 1 1 1 0 0 0 0 1 0 1 0 1 0 1 1 1 0 0 0 0 0 0 1 0 
quality : 337
======================================

========== print chromosome ==========
genes : 1 1 0 0 1 0 1 0 1 1 0 0 1 0 0 1 1 1 1 0 1 1 1 1 0 0 0 0 1 1 0 1 1 0 0 0 0 0 0 1 1 1 1 1 0 1 1 1 0 1 0 0 1 1 0 0 1 0 1 1 1 1 1 1 0 0 0 0 0 1 0 1 0 0 1 0 1 1 1 0 0 0 0 1 1 1 0 1 0 1 1 1 0 0 0 0 0 0 1 0 
quality : 338
======================================

========== print chromosome ==========
genes : 0 1 0 0 1 0 1 0 1 1 0 0 1 0 0 1 1 1 1 0 1 1 1 1 0 0 0 0 1 1 0 1 1 0 0 0 0 0 0 1 1 1 1 1 0 1 1 1 0 1 0 1 1 1 0 0 1 0 1 1 1 1 1 1 0 0 0 0 0 1 0 1 0 0 1 0 1 0 1 0 0 0 0 1 0 1 0 1 0 1 1 1 0 0 0 0 0 0 1 0 
quality : 341
======================================

========== print chromosome ==========
genes : 0 1 0 0 1 0 1 0 1 1 0 0 1 1 0 1 1 1 1 0 1 1 1 1 0 0 0 0 1 1 0 1 1 0 0 0 0 0 0 1 1 1 1 1 0 1 1 1 0 1 0 1 1 1 1 0 1 0 1 1 1 1 1 1 0 0 0 0 0 1 0 1 0 0 1 0 1 1 1 0 0 0 0 1 0 1 0 1 0 1 1 1 0 1 0 0 0 0 1 0 
quality : 341
======================================

========== print chromosome ==========
genes : 0 1 0 0 1 0 1 0 1 1 0 0 1 0 0 1 1 1 1 0 1 1 1 1 0 0 0 0 1 1 0 1 1 0 0 0 0 0 0 1 1 1 1 1 0 1 1 1 0 1 0 1 1 1 0 0 1 0 1 1 1 0 1 1 0 0 0 1 0 1 0 1 0 0 1 0 1 1 1 0 0 0 0 1 0 1 0 1 1 1 1 1 0 0 0 0 0 0 1 0 
quality : 341
======================================

========== print chromosome ==========
genes : 0 1 0 0 1 0 1 0 1 1 0 0 1 0 0 1 1 1 1 0 1 1 0 1 0 0 0 0 1 1 0 1 1 0 0 0 0 0 0 1 1 1 1 1 0 1 1 1 0 1 0 1 1 1 0 0 1 0 1 1 1 1 1 1 0 0 0 0 0 1 0 1 0 0 1 0 1 1 1 0 0 0 0 1 0 1 0 1 1 1 1 1 0 0 0 0 0 0 1 0 
quality : 341
======================================

========== print chromosome ==========
genes : 0 1 0 0 1 0 1 0 1 1 0 0 1 0 0 1 1 1 1 0 1 1 1 1 0 0 0 0 1 1 0 1 1 0 0 0 0 0 0 1 1 1 1 1 0 1 1 0 0 1 0 0 1 1 0 0 1 0 1 1 1 1 1 1 0 0 0 0 0 1 0 1 0 0 1 0 1 1 1 0 0 0 0 1 1 1 0 1 0 1 1 1 1 0 0 0 0 0 1 0 
quality : 337
======================================

========== print chromosome ==========
genes : 0 1 0 0 1 0 1 0 1 1 0 0 1 0 0 1 1 1 1 0 1 1 1 1 0 0 0 0 1 1 0 1 1 0 1 0 0 0 0 1 1 1 1 1 0 1 1 0 0 1 0 1 1 1 0 0 1 0 0 1 1 1 1 1 0 0 0 0 0 1 0 1 0 0 1 0 1 1 1 0 0 0 0 1 0 1 0 1 0 1 1 1 0 0 0 0 0 0 1 0 
quality : 337
======================================

========== print chromosome ==========
genes : 0 1 1 0 1 0 1 0 1 1 0 0 1 1 0 1 1 1 1 0 1 1 1 1 0 0 1 0 1 1 0 1 1 0 0 0 0 0 0 1 1 1 1 1 0 1 1 1 0 1 0 1 1 1 0 0 1 0 1 1 1 0 1 1 0 0 0 0 0 1 0 1 0 0 1 0 1 1 1 0 0 0 0 1 0 1 0 0 0 1 1 1 0 0 0 0 0 0 1 0 
quality : 333
======================================

========== print chromosome ==========
genes : 0 0 0 0 1 0 1 0 1 1 0 0 1 0 0 1 1 1 1 0 1 1 1 1 0 0 0 0 1 1 0 1 1 0 0 0 0 0 0 1 1 1 1 1 0 1 1 1 0 1 0 1 1 1 0 0 1 0 1 1 1 1 1 1 0 0 0 0 0 1 0 1 0 0 1 0 1 1 1 0 1 0 0 1 0 1 0 1 0 1 1 1 0 0 0 0 0 0 1 0 
quality : 341
======================================

========== print chromosome ==========
genes : 0 1 0 0 1 0 1 0 1 1 0 0 1 0 0 1 1 1 1 0 1 1 1 1 0 0 0 0 1 1 0 1 1 0 0 1 0 0 0 1 1 1 1 1 0 1 1 1 1 1 0 1 1 1 0 0 1 0 1 1 0 1 1 1 0 0 0 0 0 1 1 0 0 0 1 0 1 1 1 0 1 0 0 1 0 1 0 1 1 1 1 1 0 0 0 0 0 0 1 0 
quality : 332
======================================

========== print chromosome ==========
genes : 0 1 0 0 1 0 1 0 1 1 0 0 1 0 0 1 1 1 1 0 1 1 1 1 0 0 0 0 1 1 0 1 1 0 0 0 0 0 0 1 1 1 1 1 0 1 1 1 0 1 0 1 1 0 0 0 1 0 1 1 1 1 1 1 0 0 0 0 0 1 0 1 0 0 1 0 1 1 1 0 0 0 0 1 0 1 0 1 0 1 1 1 0 0 0 0 0 0 1 0 
quality : 341
======================================

========== print chromosome ==========
genes : 0 1 0 0 1 0 1 0 1 1 0 0 1 0 0 1 1 1 1 0 1 1 1 1 0 0 0 0 1 1 0 1 1 0 0 0 0 0 0 1 1 1 1 1 0 1 1 1 0 1 0 1 1 1 0 0 1 0 1 1 1 1 1 1 0 0 0 0 0 1 0 1 0 0 1 0 1 1 1 0 0 0 0 1 1 1 0 1 0 1 1 1 1 0 0 0 1 0 1 0 
quality : 341
======================================

========== print chromosome ==========
genes : 0 1 0 0 1 0 1 0 1 1 0 0 1 0 0 1 1 1 1 0 1 1 1 1 0 0 0 0 1 1 0 1 1 0 0 0 0 0 0 0 1 1 1 1 0 1 1 1 0 1 0 1 1 1 0 0 1 0 1 1 1 1 1 1 0 0 0 0 0 1 0 1 0 0 1 0 1 1 1 0 0 0 0 1 1 1 0 1 0 1 1 1 0 0 0 0 0 0 1 0 
quality : 339
======================================

========== print chromosome ==========
genes : 0 1 0 0 1 0 0 0 1 1 0 0 1 0 0 1 1 1 1 0 1 1 1 1 0 0 0 0 1 1 0 1 1 0 0 0 0 0 0 1 1 1 1 0 0 1 1 1 0 1 0 1 1 1 0 0 1 0 1 1 1 1 1 1 0 0 0 0 0 1 0 1 0 0 1 0 1 1 1 0 0 0 0 1 0 1 0 1 0 1 1 1 0 0 0 0 0 1 1 0 
quality : 341
======================================

========== print chromosome ==========
genes : 0 1 0 0 1 0 1 0 1 1 0 0 1 0 0 1 1 1 1 0 1 1 1 1 0 0 0 1 1 1 0 1 1 0 0 0 0 0 0 1 1 1 0 1 0 1 1 1 0 1 0 1 1 1 0 0 1 0 1 1 1 1 1 1 0 0 0 0 0 1 0 1 0 0 1 0 1 1 1 0 0 0 0 1 0 1 0 1 0 1 1 1 0 0 0 0 0 0 1 0 
quality : 341
======================================

========== print chromosome ==========
genes : 0 1 0 0 1 0 1 0 1 1 0 0 1 0 0 1 1 1 1 0 1 1 1 1 0 0 0 0 1 1 0 1 1 0 0 0 0 0 1 1 0 1 1 1 0 1 1 1 0 1 0 1 1 0 0 0 1 0 1 1 1 1 1 1 0 0 0 0 0 1 0 1 0 0 1 0 1 1 1 0 0 0 0 1 1 1 0 1 0 1 1 1 0 0 0 0 0 0 1 0 
quality : 341
======================================

========== print chromosome ==========
genes : 0 1 1 0 1 0 1 0 1 1 0 0 1 0 0 1 1 1 1 0 1 1 1 1 0 0 0 0 1 1 0 1 1 0 0 0 0 0 0 1 1 1 1 1 0 1 0 1 0 1 0 1 1 1 0 0 1 0 1 1 1 1 1 1 0 0 0 0 0 1 0 1 0 0 1 0 1 1 1 0 0 0 0 1 0 1 0 1 0 1 0 1 0 0 0 0 0 0 1 0 
quality : 341
======================================

========== print chromosome ==========
genes : 0 1 1 0 1 0 1 0 1 1 0 0 1 0 0 1 1 1 1 0 1 1 1 1 0 0 0 0 1 1 0 1 1 0 0 0 0 0 0 1 1 1 1 1 0 1 1 1 0 1 0 1 1 1 0 0 1 0 1 1 1 1 1 1 0 0 0 0 0 1 1 1 0 0 1 0 1 1 1 0 0 0 0 1 1 1 0 1 0 1 1 1 0 0 0 0 0 0 1 0 
quality : 341
======================================

========== print chromosome ==========
genes : 0 1 0 0 1 0 1 0 1 1 0 0 1 0 0 1 1 1 1 0 1 1 1 1 0 0 0 0 1 1 0 1 1 0 0 0 0 0 0 1 1 1 1 1 0 1 1 1 0 1 0 1 1 0 0 0 1 0 1 1 1 1 1 1 0 0 0 0 0 1 0 1 0 0 1 0 1 1 1 0 0 0 0 1 1 1 0 1 0 1 1 1 0 0 0 0 0 0 1 0 
quality : 341
======================================

========== print chromosome ==========
genes : 0 1 0 0 1 0 1 0 1 1 1 0 1 1 0 1 1 1 1 0 1 1 1 1 0 0 0 0 1 1 0 1 1 0 0 0 0 0 0 1 1 1 1 1 0 1 1 1 0 1 0 1 1 1 0 0 1 0 1 1 1 1 1 1 0 0 0 0 0 1 0 1 0 0 1 0 1 1 1 0 0 0 0 1 0 1 0 1 0 1 1 0 0 0 0 0 1 0 1 0 
quality : 341
======================================

========== print chromosome ==========
genes : 0 1 0 0 1 0 1 0 1 1 0 0 1 0 0 1 1 1 1 0 1 1 1 1 0 0 0 0 1 1 0 1 1 0 0 0 0 0 0 1 1 1 1 1 0 1 1 0 0 1 0 1 1 1 0 0 1 0 1 1 1 1 1 1 0 0 0 0 0 1 0 1 0 0 1 0 1 1 1 0 0 0 0 1 1 1 0 1 0 1 1 0 0 0 0 0 0 0 1 0 
quality : 341
======================================

========== print chromosome ==========
genes : 0 1 0 0 1 0 1 0 1 1 0 0 0 1 0 1 1 1 1 0 1 1 1 1 0 0 0 0 1 1 0 1 1 0 0 0 1 0 0 1 1 1 1 1 0 1 1 1 0 1 0 1 1 1 0 0 1 0 1 1 1 1 1 1 0 0 0 0 0 1 0 1 0 0 1 0 1 1 1 0 0 0 0 1 1 1 0 1 0 1 1 1 0 0 0 0 0 0 1 0 
quality : 341
======================================

========== print chromosome ==========
genes : 0 1 0 0 1 0 1 0 1 1 0 0 1 0 0 1 1 1 1 0 1 1 1 1 0 0 0 0 1 1 0 0 1 0 0 0 0 0 0 1 1 1 1 1 0 1 1 1 0 1 0 1 1 1 0 0 1 0 1 1 1 1 1 1 0 0 0 0 0 1 0 0 0 0 1 0 1 1 1 0 0 0 0 1 0 1 0 1 0 1 1 1 0 0 0 0 0 0 1 0 
quality : 341
======================================

========== print chromosome ==========
genes : 0 1 0 0 1 0 1 0 1 1 0 0 1 0 0 1 1 1 1 0 1 1 1 1 0 0 0 0 1 1 0 1 1 0 0 0 0 0 1 1 1 1 1 1 0 1 1 1 0 1 0 1 1 1 0 0 1 0 1 1 1 1 1 1 0 0 0 0 0 1 0 1 0 0 1 0 1 1 1 0 0 0 0 1 0 1 0 1 0 1 1 1 0 0 0 0 0 0 1 0 
quality : 341
======================================

========== print chromosome ==========
genes : 0 1 0 0 1 0 1 0 1 1 0 0 1 0 0 1 1 1 1 0 1 1 1 1 0 0 0 0 1 1 0 1 1 0 0 0 0 0 0 1 1 1 1 1 0 1 1 0 0 1 0 1 1 1 0 0 1 0 1 1 1 1 1 1 0 0 0 0 0 1 0 1 0 0 1 0 1 1 1 0 0 0 0 1 0 1 0 1 0 1 1 1 0 0 0 0 0 0 1 0 
quality : 341
======================================

========== print chromosome ==========
genes : 0 1 0 0 1 0 1 1 1 1 0 0 1 0 0 1 1 1 1 0 1 1 1 1 0 0 0 0 1 1 0 1 1 0 0 0 0 0 0 1 1 1 1 1 0 1 1 1 0 1 0 1 1 1 0 0 0 0 1 1 1 1 1 1 0 0 0 0 0 1 0 1 0 0 1 0 1 1 1 0 0 0 0 1 0 1 0 1 0 1 1 1 0 0 0 0 0 0 1 0 
quality : 341
======================================

========== print chromosome ==========
genes : 0 1 0 0 1 0 1 0 1 1 0 0 1 0 0 1 1 1 1 0 1 1 1 1 0 0 0 0 1 1 0 1 1 0 0 0 0 0 0 1 1 1 1 1 0 1 1 1 0 1 0 1 1 0 0 0 1 0 1 1 1 1 1 1 0 0 0 0 0 1 0 1 0 0 1 0 1 1 1 0 0 0 0 1 0 1 0 1 0 1 1 1 0 0 0 0 0 0 1 0 
quality : 341
======================================

========== print chromosome ==========
genes : 0 1 0 0 1 0 1 0 1 1 0 0 1 0 0 1 1 1 1 0 1 1 1 1 0 1 0 0 1 1 0 1 1 0 0 0 0 0 0 1 1 1 1 1 0 1 1 1 0 1 0 1 1 0 0 0 1 0 1 1 1 1 1 1 0 0 0 0 0 1 0 1 0 0 1 0 1 1 1 0 0 0 0 1 1 1 0 1 1 1 1 1 0 0 0 0 0 0 1 0 
quality : 341
======================================

========== print chromosome ==========
genes : 0 1 0 0 1 0 1 0 1 1 0 0 0 0 0 1 1 1 1 0 1 1 1 1 0 0 0 0 1 1 0 1 1 0 0 0 0 0 0 1 1 1 1 1 0 1 1 1 0 1 0 1 1 0 0 0 1 0 1 1 1 1 1 1 0 0 0 0 0 1 0 1 0 0 1 0 1 1 1 0 0 0 0 1 1 1 0 1 0 1 1 1 0 0 0 0 0 0 1 0 
quality : 341
======================================

========== print chromosome ==========
genes : 0 1 0 0 1 0 1 0 1 1 0 0 1 1 0 1 1 1 1 0 1 1 1 1 0 0 0 0 1 1 0 1 1 0 0 0 0 0 0 1 1 1 1 1 0 1 1 1 0 1 0 1 1 1 0 0 1 0 1 1 1 0 1 1 0 0 0 0 0 1 0 1 0 0 1 0 1 1 1 0 0 0 0 1 0 1 0 1 0 1 1 1 0 0 0 0 0 0 1 0 
quality : 341
======================================

========== print chromosome ==========
genes : 0 1 0 0 1 0 1 0 1 1 0 0 1 0 0 1 1 1 1 0 1 1 1 1 0 0 0 0 1 1 0 1 1 0 0 0 0 0 0 1 1 1 1 1 0 1 1 1 0 1 0 1 1 0 0 0 0 0 1 1 1 1 1 1 0 0 0 0 0 1 0 1 0 0 1 0 1 1 1 0 0 0 0 1 0 1 0 1 0 1 1 1 0 1 0 0 0 1 1 0 
quality : 341
======================================

========== print chromosome ==========
genes : 0 1 0 0 1 0 1 0 1 1 0 0 1 0 0 1 1 1 1 0 1 1 1 1 0 0 0 0 1 1 0 1 1 0 0 0 0 0 0 1 1 1 1 1 0 1 1 1 0 1 0 1 1 0 0 0 1 0 1 1 1 1 1 1 0 0 0 0 0 1 0 1 0 0 1 0 1 1 1 0 0 0 0 1 1 1 0 1 0 1 1 1 0 0 0 0 0 0 1 0 
quality : 341
======================================

========== print chromosome ==========
genes : 0 1 0 0 1 0 1 0 1 1 0 0 1 0 0 1 1 1 1 0 1 1 1 1 0 0 0 0 1 1 0 1 1 0 0 0 0 0 0 1 1 1 1 1 0 1 1 1 0 1 0 1 1 0 1 0 1 0 1 1 1 1 1 1 0 0 0 0 0 1 0 1 0 0 1 0 1 1 1 0 0 0 0 1 0 1 0 1 0 1 1 1 0 0 0 0 0 0 1 0 
quality : 341
======================================

========== print chromosome ==========
genes : 0 1 0 0 1 0 1 0 1 1 0 0 1 1 0 1 1 1 1 0 1 1 0 1 0 0 0 0 1 1 0 1 1 0 0 0 0 0 0 1 1 1 1 1 0 1 1 1 0 1 0 1 1 1 0 0 1 0 1 1 1 1 1 1 0 0 0 0 0 1 0 1 0 0 1 0 1 1 1 0 0 0 0 1 1 1 0 1 0 1 1 1 0 0 0 0 0 0 1 0 
quality : 341
======================================

========== print chromosome ==========
genes : 0 1 0 0 1 0 0 0 1 1 0 1 1 0 0 1 1 1 1 0 1 1 1 1 0 0 0 0 1 1 0 1 1 0 0 0 0 0 0 1 1 1 1 1 0 1 1 1 0 1 0 1 1 1 0 0 1 0 1 1 1 1 1 1 0 0 0 0 0 1 0 1 0 0 1 0 1 1 1 0 0 0 0 1 1 1 0 1 0 1 1 1 0 0 0 0 0 0 1 0 
quality : 341
======================================

========== print chromosome ==========
genes : 0 1 0 0 1 0 1 0 1 1 0 0 1 0 0 1 1 1 1 0 1 1 1 1 0 1 0 0 1 1 0 1 1 0 0 0 0 0 0 1 1 1 1 1 0 1 1 1 0 1 0 1 1 1 0 0 1 0 1 1 1 1 1 1 0 0 0 0 0 1 0 0 0 0 1 0 1 1 1 0 0 0 0 1 0 1 0 1 0 1 1 1 0 0 0 0 0 0 1 0 
quality : 341
======================================

========== print chromosome ==========
genes : 0 1 0 0 1 0 1 0 1 1 0 0 1 0 0 1 1 1 1 0 1 1 1 1 0 0 1 0 1 1 0 1 1 0 0 0 0 0 0 1 1 1 1 1 0 1 1 1 0 1 0 1 1 1 1 0 1 1 1 1 1 1 1 1 0 0 0 0 0 1 0 1 0 0 1 0 1 1 1 0 0 0 0 1 0 1 0 1 0 1 1 1 0 0 0 0 0 0 1 0 
quality : 341
======================================

========== print chromosome ==========
genes : 0 1 0 0 1 0 1 0 1 1 0 0 1 1 0 1 1 1 1 0 1 1 1 1 0 0 0 0 1 1 0 1 1 0 0 0 0 0 0 1 1 1 1 1 0 1 1 1 0 1 0 1 1 1 0 0 1 0 1 1 1 1 1 1 0 0 0 0 0 1 0 1 0 0 1 0 1 1 1 0 0 0 0 1 0 1 0 1 0 1 1 1 0 0 0 0 0 0 1 0 
quality : 341
======================================

========== print chromosome ==========
genes : 0 1 0 0 1 0 1 0 1 1 0 0 1 1 0 1 1 1 1 0 1 1 1 1 0 0 0 0 1 1 0 1 1 0 0 0 0 0 0 1 1 1 1 1 0 1 1 1 0 1 0 1 1 1 0 0 1 0 1 1 1 1 1 1 0 0 0 0 0 1 0 1 0 0 1 0 1 1 1 0 0 0 0 1 0 1 0 1 0 1 1 1 0 0 0 0 0 0 1 0 
quality : 341
======================================

========== print chromosome ==========
genes : 0 1 0 0 1 0 1 0 1 1 0 0 1 0 0 1 1 1 1 0 1 1 1 1 0 0 0 0 1 1 0 1 1 0 0 0 0 0 0 1 1 1 1 1 0 1 1 1 0 1 0 1 1 1 0 0 1 0 1 1 1 1 1 1 0 0 0 0 1 1 0 1 0 0 1 0 1 1 1 0 0 0 0 1 1 1 0 1 0 1 1 1 0 0 0 0 0 0 1 0 
quality : 341
======================================

========== print chromosome ==========
genes : 0 1 0 0 1 0 1 0 1 1 0 0 1 0 0 1 1 1 1 0 1 1 1 1 0 0 0 0 1 1 0 1 1 0 0 0 0 0 0 1 1 1 1 1 0 1 1 1 0 1 0 1 1 1 0 0 1 0 1 1 1 1 1 1 0 0 0 0 0 1 0 1 0 0 1 0 1 1 1 0 1 0 0 1 1 1 0 1 0 1 1 1 0 0 0 0 0 0 1 0 
quality : 341
======================================

========== print chromosome ==========
genes : 0 1 0 0 1 0 1 0 1 1 0 0 1 0 0 1 1 1 1 0 1 1 1 1 0 0 0 0 1 1 0 1 1 0 0 0 0 0 0 1 1 1 1 1 0 1 1 1 0 1 0 1 1 1 0 0 1 0 1 1 1 1 1 1 0 0 0 0 0 1 0 1 0 0 1 0 1 1 1 0 0 0 0 1 0 1 0 1 0 1 1 1 0 0 0 1 0 0 1 0 
quality : 341
======================================

========== print chromosome ==========
genes : 0 1 0 0 1 0 1 0 1 1 0 0 1 0 0 1 1 1 1 0 1 1 1 1 0 0 0 0 1 1 0 1 1 0 0 0 0 0 0 1 1 1 1 1 0 1 1 1 0 1 0 1 1 0 0 0 1 0 1 1 1 1 1 1 0 0 0 0 0 1 0 1 1 0 1 0 1 1 1 0 0 0 0 1 1 1 0 1 0 1 1 1 0 0 0 0 0 0 1 0 
quality : 341
======================================

========== print chromosome ==========
genes : 0 1 0 0 1 0 1 0 1 1 0 0 1 0 0 1 1 1 1 0 1 1 0 1 0 0 0 0 1 1 0 1 1 0 0 0 0 0 0 1 1 1 1 1 0 1 1 1 0 1 0 1 1 1 0 0 1 0 1 1 1 1 1 1 0 0 0 0 0 1 0 1 0 0 1 0 1 1 1 0 0 0 0 1 1 1 0 1 0 1 1 1 0 0 0 0 0 0 1 0 
quality : 341
======================================

========== print chromosome ==========
genes : 0 1 0 0 1 0 0 0 1 1 0 0 1 0 0 1 1 1 1 0 1 1 1 1 0 0 0 1 1 1 0 1 1 0 0 0 0 0 0 1 1 1 1 1 0 1 1 1 0 1 0 1 1 1 0 0 1 0 1 1 1 1 1 1 0 0 0 0 0 1 0 1 0 0 1 0 1 1 1 0 0 0 0 1 0 1 0 1 0 1 1 1 0 0 0 0 0 0 1 0 
quality : 341
======================================

========== print chromosome ==========
genes : 0 1 0 0 1 0 1 0 1 1 0 0 1 0 0 1 1 1 1 0 1 1 1 1 0 0 0 0 1 1 0 1 1 0 0 0 0 0 0 1 1 1 1 1 0 0 1 1 0 1 0 1 1 1 0 0 1 0 1 1 1 1 1 1 0 0 0 0 0 1 0 1 0 0 1 0 1 1 1 0 0 0 0 1 0 1 0 1 0 1 1 1 0 0 0 0 0 0 1 0 
quality : 341
======================================

========== print chromosome ==========
genes : 0 1 0 0 1 0 1 0 1 1 0 0 1 0 0 1 1 1 1 0 1 1 1 1 0 0 0 0 0 1 0 1 1 0 0 0 0 0 0 1 1 1 1 1 0 1 1 1 0 1 0 1 1 0 0 1 1 0 1 1 1 1 1 1 0 0 0 0 0 1 0 1 0 0 1 0 1 1 1 0 0 0 1 1 1 1 0 1 0 1 1 1 0 0 1 0 0 0 1 0 
quality : 341
======================================

========== print chromosome ==========
genes : 0 1 0 0 1 0 1 0 1 1 0 0 1 0 0 1 1 1 1 0 1 1 1 1 0 0 0 0 1 1 0 1 1 0 0 0 0 0 0 1 1 1 1 1 0 1 1 1 0 1 0 1 1 0 0 0 1 0 1 1 1 1 1 1 0 0 0 0 0 1 0 1 0 0 1 0 1 1 1 0 0 0 0 1 0 1 0 1 0 1 1 1 0 0 0 0 0 0 1 0 
quality : 341
======================================

========== print chromosome ==========
genes : 0 1 0 0 1 0 1 0 1 1 0 0 1 0 0 1 1 1 1 0 1 1 1 1 0 0 0 0 1 1 0 1 1 0 0 0 0 0 0 1 1 1 1 1 0 1 1 1 0 1 0 1 1 0 0 0 1 0 1 1 1 1 1 1 0 0 0 0 0 1 0 1 0 0 1 0 1 1 1 0 0 0 0 1 1 1 0 1 0 1 1 1 0 0 0 0 0 0 1 0 
quality : 341
======================================

========== print chromosome ==========
genes : 0 1 0 0 1 0 1 0 1 1 0 0 1 0 0 1 1 1 1 0 1 1 1 1 0 0 0 0 1 1 1 1 1 0 0 0 0 0 0 1 1 1 1 1 0 1 1 1 0 1 0 1 1 1 0 0 1 0 1 1 1 1 1 1 0 0 0 0 0 1 0 1 0 0 1 0 1 1 1 0 0 0 1 1 0 1 0 1 0 1 1 1 0 0 0 0 0 0 1 0 
quality : 341
======================================

========== print chromosome ==========
genes : 0 1 0 0 1 0 1 0 1 1 0 0 1 0 0 1 1 1 1 0 1 1 1 1 0 0 0 0 1 1 0 1 1 0 0 0 0 0 0 1 1 1 1 1 0 1 1 1 0 1 0 1 1 1 0 0 1 1 1 1 1 1 1 1 0 0 0 0 0 1 0 1 0 0 1 0 1 1 1 0 0 0 0 1 1 1 0 1 0 1 1 1 0 0 0 0 0 0 1 0 
quality : 341
======================================

========== print chromosome ==========
genes : 0 1 0 0 1 0 1 0 1 1 0 0 1 0 0 1 1 1 1 0 1 1 1 1 0 0 0 0 1 1 0 1 1 0 0 0 0 0 0 1 1 1 1 1 0 1 1 1 0 1 0 1 1 1 1 0 1 0 1 1 1 1 1 1 0 0 0 0 0 1 0 1 0 0 1 0 1 1 1 0 0 0 0 1 0 1 0 1 0 1 1 1 0 0 0 0 0 0 1 0 
quality : 341
======================================

========== print chromosome ==========
genes : 0 1 0 0 1 0 1 0 1 1 0 0 1 0 0 1 1 1 1 0 1 1 1 1 0 0 0 0 1 1 0 1 1 0 0 0 0 0 0 1 1 1 1 1 0 1 1 1 0 1 0 1 1 1 0 0 1 0 1 1 1 1 1 1 0 0 0 0 0 1 0 1 0 0 1 0 1 1 1 0 0 0 0 1 0 1 0 1 0 1 1 1 0 0 0 0 0 0 1 0 
quality : 341
======================================

========== print chromosome ==========
genes : 0 1 0 0 0 0 1 0 1 1 0 0 1 0 0 1 1 1 1 0 1 1 1 1 0 0 0 0 1 1 0 1 1 0 0 0 0 0 0 1 1 1 1 1 0 1 1 1 0 1 0 1 1 1 0 0 1 0 1 1 1 1 1 1 0 0 0 0 0 1 0 1 0 0 1 0 1 1 1 0 0 0 0 1 0 0 0 1 0 1 1 1 0 0 0 0 0 0 1 0 
quality : 341
======================================

========== print chromosome ==========
genes : 0 1 0 0 1 0 1 0 1 1 0 0 1 0 0 1 1 1 1 0 1 1 1 1 0 0 0 0 1 1 0 1 1 0 0 0 0 0 0 1 1 1 1 1 0 1 1 1 0 1 0 0 1 1 0 0 1 0 1 1 1 1 1 1 0 0 0 0 0 1 0 1 0 0 1 0 1 1 1 0 0 0 0 1 0 1 0 1 0 1 1 1 0 0 0 0 0 0 1 0 
quality : 341
======================================

========== print chromosome ==========
genes : 0 1 0 0 1 0 1 0 1 1 0 0 1 0 1 1 1 1 1 0 1 1 1 1 0 0 0 0 1 1 0 1 1 0 0 0 0 0 0 1 1 1 0 1 0 1 1 1 0 1 0 1 1 1 0 0 1 0 1 1 1 1 1 1 0 0 0 0 0 1 0 1 0 0 1 0 1 1 1 0 0 0 0 1 0 1 0 1 0 1 1 1 0 0 0 0 0 0 1 0 
quality : 341
======================================

========== print chromosome ==========
genes : 0 1 0 0 1 0 1 0 1 1 0 0 1 1 0 1 1 1 1 0 1 1 1 1 0 0 0 0 1 1 0 1 1 0 0 0 0 0 0 1 1 1 1 1 0 1 1 1 0 1 0 1 1 1 0 0 1 0 1 1 1 1 1 1 0 0 0 0 0 1 0 1 0 0 1 0 1 1 1 0 0 0 0 1 1 1 0 1 0 1 1 1 0 0 0 0 0 0 1 0 
quality : 341
======================================

========== print chromosome ==========
genes : 0 1 0 0 1 0 0 0 1 1 0 0 1 0 0 1 1 1 1 0 1 1 1 1 0 0 0 0 1 1 0 1 1 0 0 0 0 0 0 1 1 1 1 1 0 1 1 1 0 1 0 1 1 1 0 0 1 0 1 1 1 1 1 1 0 0 0 0 0 1 0 1 0 0 1 0 1 1 1 0 0 0 0 1 0 1 0 1 0 1 1 1 0 0 0 0 0 0 1 0 
quality : 341
======================================

========== print chromosome ==========
genes : 0 1 0 0 1 0 1 0 1 1 0 0 1 0 0 1 1 1 1 0 1 1 1 1 0 0 0 0 1 1 0 0 1 0 0 0 0 0 0 1 1 1 1 1 0 1 1 1 0 1 0 1 1 1 0 0 1 0 1 1 1 1 1 1 0 1 0 0 0 1 0 1 0 0 1 0 1 1 1 0 0 0 0 1 1 1 0 1 0 1 1 1 0 0 0 0 0 0 1 0 
quality : 341
======================================

========== print chromosome ==========
genes : 0 1 0 0 1 0 1 0 1 1 0 0 1 0 0 1 1 1 1 0 1 1 1 1 0 0 0 0 1 1 0 1 1 0 0 0 0 0 0 1 1 1 1 1 0 1 1 1 0 1 0 1 1 0 0 0 1 0 1 1 1 1 1 1 0 0 0 0 0 1 0 1 0 0 1 0 1 1 1 0 0 0 0 1 1 1 0 1 0 1 1 1 0 0 0 0 0 0 1 0 
quality : 341
======================================

========== print chromosome ==========
genes : 0 1 0 0 1 0 1 0 1 1 0 0 1 1 0 1 1 1 1 0 1 1 1 1 0 0 0 0 1 1 0 1 1 0 0 0 0 0 0 1 1 1 1 1 0 1 1 1 0 1 0 1 1 1 0 0 1 0 1 1 1 1 1 1 0 0 0 0 0 1 0 1 0 0 1 0 1 1 1 0 0 0 0 1 0 1 0 1 0 1 1 1 0 0 0 0 0 0 1 0 
quality : 341
======================================

========== print chromosome ==========
genes : 0 1 0 0 1 0 1 0 1 1 0 0 1 0 0 1 1 1 1 0 1 1 1 1 0 0 0 0 1 1 0 1 1 0 0 0 0 0 0 1 1 1 1 1 0 1 1 1 0 1 0 1 1 1 0 0 1 0 1 1 1 1 1 1 0 0 0 0 0 1 0 1 0 0 1 0 1 1 1 0 0 0 0 1 0 1 0 1 0 1 1 1 0 0 0 0 0 0 1 0 
quality : 341
======================================

========== print chromosome ==========
genes : 0 1 0 0 1 0 1 0 1 1 0 0 1 0 0 1 1 1 1 0 1 1 1 1 0 0 0 0 1 1 0 1 1 0 0 0 0 0 0 1 1 1 1 1 1 1 1 1 0 1 0 1 1 1 0 0 1 0 1 1 1 1 1 1 0 0 0 0 0 1 0 1 0 0 1 0 1 1 1 0 0 0 0 1 0 1 0 1 0 1 1 1 0 0 0 0 0 0 1 0 
quality : 341
======================================

========== print chromosome ==========
genes : 0 1 0 0 1 0 1 0 1 1 0 0 1 0 0 1 1 1 1 0 1 1 1 1 0 0 0 0 1 1 0 1 1 0 0 0 0 0 0 1 1 1 1 1 0 1 1 1 0 1 0 1 1 1 0 0 1 0 1 1 1 1 1 1 0 0 0 0 0 1 0 1 0 0 1 0 0 1 1 0 0 0 0 1 1 1 0 1 0 1 1 1 0 0 0 0 0 0 1 0 
quality : 341
======================================

========== print chromosome ==========
genes : 0 1 0 0 1 0 1 0 1 1 0 0 1 0 0 1 1 1 1 0 1 1 1 1 0 0 0 0 1 1 0 1 1 0 0 0 0 0 0 1 1 1 1 1 0 1 1 1 0 1 0 1 1 1 0 0 1 0 1 1 1 1 1 1 0 1 0 0 0 1 0 1 0 0 1 0 1 1 1 0 0 0 0 1 0 1 0 1 0 1 1 1 0 0 0 0 0 0 1 0 
quality : 341
======================================

========== print chromosome ==========
genes : 0 1 0 0 1 0 1 0 1 1 0 0 1 0 0 1 1 1 1 0 1 1 1 1 0 0 0 0 1 1 0 1 1 0 0 0 0 0 0 1 1 1 1 1 0 1 1 1 0 1 0 1 1 1 0 0 1 0 1 1 1 1 1 1 0 0 0 0 0 1 0 1 0 0 1 0 1 1 1 0 0 0 0 1 0 1 0 1 0 1 1 1 0 0 0 0 0 0 1 0 
quality : 341
======================================

========== print chromosome ==========
genes : 0 1 0 0 1 0 1 0 1 1 0 0 1 0 0 1 1 1 1 0 1 1 1 1 0 0 0 0 1 1 0 1 1 0 0 0 0 0 0 1 1 1 1 1 0 1 1 1 0 1 0 1 1 1 0 0 1 0 1 1 1 1 1 1 0 0 0 0 0 1 0 1 0 0 1 0 1 1 1 0 0 0 0 1 0 1 0 1 0 1 1 1 0 0 0 0 0 0 1 0 
quality : 341
======================================

========== print chromosome ==========
genes : 0 1 0 0 1 0 1 0 1 1 0 0 1 0 0 1 1 1 1 0 1 1 1 1 0 0 0 0 1 1 0 1 1 0 0 0 0 0 0 1 1 1 1 1 0 1 1 1 0 1 0 1 1 1 0 0 1 0 1 1 1 1 1 1 0 0 0 0 0 1 0 1 0 0 1 0 1 1 1 0 0 0 0 1 1 1 0 1 0 1 1 1 0 0 0 0 0 0 1 0 
quality : 341
======================================

========== print chromosome ==========
genes : 0 1 0 0 1 0 1 0 0 1 0 0 1 0 0 1 1 1 1 0 1 1 1 1 0 0 0 0 1 1 0 1 1 0 0 0 0 0 0 1 1 1 1 1 0 1 1 1 0 1 0 1 1 1 0 0 1 0 1 1 1 1 1 1 0 0 0 0 0 1 0 1 0 0 1 0 1 1 1 0 0 0 0 1 0 1 0 1 0 1 1 1 0 0 0 0 0 0 1 0 
quality : 341
======================================

========== print chromosome ==========
genes : 0 1 0 0 1 0 1 0 1 1 0 0 1 0 0 0 1 1 1 0 1 1 1 1 0 0 0 0 1 1 0 1 1 0 0 0 0 0 0 1 1 1 1 1 0 1 1 1 0 1 0 1 1 1 0 0 1 0 1 1 1 1 1 1 0 0 0 0 0 0 0 1 0 1 1 0 1 1 1 0 1 0 0 1 0 1 0 1 0 1 1 1 0 0 0 0 0 0 1 0 
quality : 341
======================================

========== print chromosome ==========
genes : 0 1 0 0 1 0 1 0 1 1 1 0 1 0 0 1 1 1 1 0 1 1 1 1 0 0 0 0 1 1 0 1 1 0 0 0 0 0 0 1 1 1 1 1 0 1 1 1 0 1 0 1 1 0 0 0 1 0 1 1 1 1 1 1 0 0 0 0 1 1 0 1 0 0 1 1 1 1 1 0 0 0 0 1 0 1 0 1 0 1 1 1 0 0 0 0 0 0 1 0 
quality : 341
======================================

========== print chromosome ==========
genes : 0 1 0 0 1 0 1 0 1 1 0 0 1 1 0 1 1 1 1 0 1 1 1 1 0 0 0 0 1 1 0 1 1 0 0 0 1 0 0 1 1 1 1 1 0 1 1 1 0 1 0 1 1 1 0 0 1 0 1 1 1 1 1 1 0 0 0 0 0 1 0 1 0 0 1 0 1 1 1 0 0 0 0 0 0 1 0 1 0 1 1 1 0 0 0 0 0 0 1 0 
quality : 341
======================================

========== print chromosome ==========
genes : 0 1 0 0 1 0 1 0 1 1 0 0 1 0 0 1 1 1 1 0 1 1 1 1 0 0 0 0 1 1 0 1 1 0 0 0 0 0 0 1 1 1 1 1 0 1 1 1 0 1 0 1 1 1 0 0 1 0 1 1 1 1 1 0 0 0 1 0 0 1 0 1 0 0 1 0 1 1 1 0 0 1 0 0 1 1 0 1 0 1 1 1 0 0 0 0 0 0 1 0 
quality : 341
======================================

========== print chromosome ==========
genes : 0 1 0 0 1 0 0 0 1 1 0 0 1 0 0 1 1 1 1 0 1 1 1 1 0 0 0 0 1 1 0 1 1 0 0 0 0 0 0 1 1 1 1 1 0 1 1 1 0 1 0 0 1 1 0 0 1 0 1 1 1 1 1 1 0 0 0 0 0 1 0 1 0 0 1 0 1 1 1 0 0 0 0 1 1 1 0 1 0 1 1 1 0 0 0 0 0 0 1 0 
quality : 341
======================================

========== print chromosome ==========
genes : 0 1 0 0 1 0 1 0 1 1 0 0 1 0 0 1 1 1 1 0 1 1 1 1 0 0 0 0 1 1 0 1 1 0 0 0 0 0 0 1 1 1 1 1 0 1 1 1 0 1 0 1 1 1 0 0 1 0 1 1 1 1 1 1 0 0 0 0 0 1 0 1 0 0 1 0 1 1 1 0 0 0 0 1 1 1 0 1 0 1 1 1 0 0 0 0 0 0 1 0 
quality : 341
======================================

========== print chromosome ==========
genes : 0 1 0 0 1 0 1 0 1 1 0 0 1 0 0 1 1 1 1 0 1 1 1 1 0 0 0 0 1 1 0 1 1 0 0 0 0 0 0 1 1 1 1 1 0 1 1 1 0 1 0 1 1 1 0 0 1 0 1 1 1 1 1 1 0 0 0 0 0 1 0 1 0 0 1 0 1 1 1 0 0 0 0 1 1 1 0 1 0 1 1 1 0 0 0 0 0 0 1 0 
quality : 341
======================================

========== print chromosome ==========
genes : 0 1 0 0 1 0 1 0 1 1 0 0 1 0 0 1 1 1 1 0 1 1 1 1 0 0 0 0 1 1 0 1 1 0 0 0 0 0 0 1 1 1 1 1 0 1 1 1 0 1 0 1 1 0 0 0 1 0 1 1 1 1 1 1 0 0 0 0 0 1 0 1 0 0 1 0 1 1 1 0 0 0 0 1 1 1 0 1 0 1 1 1 0 0 0 0 0 0 1 0 
quality : 341
======================================

========== print chromosome ==========
genes : 0 1 0 0 1 0 1 0 1 1 0 0 1 0 0 1 1 1 1 0 1 1 1 1 0 0 0 0 1 1 0 1 1 1 0 0 0 0 0 1 1 1 1 1 0 1 1 1 0 1 0 1 1 0 0 0 1 0 1 1 1 1 1 1 0 0 0 0 0 1 0 1 0 0 1 1 1 1 1 0 0 0 0 1 1 1 0 1 0 1 1 1 0 0 0 0 0 0 1 0 
quality : 341
======================================

========== print chromosome ==========
genes : 0 1 0 0 1 0 1 0 1 1 0 0 1 0 0 1 1 1 1 0 1 1 1 1 0 0 0 0 1 1 0 1 1 0 0 0 0 0 0 1 1 1 1 1 0 1 1 1 0 1 0 1 1 0 0 0 1 0 1 1 1 1 1 1 0 0 0 0 0 1 0 1 0 0 1 0 1 1 1 0 0 0 0 1 1 1 0 1 0 1 1 1 0 0 0 0 0 0 1 0 
quality : 341
======================================

========== print chromosome ==========
genes : 0 1 0 0 1 1 1 0 1 1 0 0 1 0 0 1 1 0 1 0 1 1 1 1 0 0 0 0 1 1 0 1 1 0 0 0 0 0 0 1 1 1 1 1 0 1 1 1 0 1 0 1 1 1 0 0 1 0 1 1 1 1 1 1 0 0 0 0 0 1 0 1 0 0 1 0 1 1 1 0 0 0 0 1 0 1 0 0 0 1 1 1 0 1 0 1 0 0 1 0 
quality : 341
======================================

========== print chromosome ==========
genes : 0 1 0 0 1 0 1 0 1 1 0 0 1 0 0 1 1 1 1 0 1 1 1 1 0 0 0 0 1 1 0 1 1 0 0 0 0 0 0 1 1 1 1 1 0 1 1 1 0 1 0 1 1 1 0 0 1 0 1 1 1 1 1 1 0 0 0 0 0 1 0 1 0 0 1 0 1 1 1 0 0 0 0 0 0 1 0 1 0 1 1 1 0 0 0 0 0 0 1 0 
quality : 341
======================================

========== print chromosome ==========
genes : 0 1 0 0 1 0 1 0 1 1 0 0 1 0 0 1 1 1 1 0 1 1 1 1 0 0 0 0 1 1 0 1 1 0 0 0 0 0 0 1 1 1 1 1 0 1 1 1 0 1 0 1 1 1 0 0 1 0 1 1 1 1 1 1 0 0 0 0 0 1 0 1 0 0 1 0 1 1 1 0 0 0 0 1 0 1 0 1 0 1 1 1 0 0 0 0 0 0 1 0 
quality : 341
======================================

========== print chromosome ==========
genes : 0 1 0 0 1 0 1 0 1 1 0 0 1 0 0 1 1 0 1 0 1 1 1 1 0 0 0 0 1 1 0 1 1 0 0 0 0 0 0 1 1 1 1 1 0 1 1 1 0 1 0 1 1 1 0 0 1 0 1 1 1 1 1 1 0 0 0 0 0 1 0 1 0 0 1 0 1 1 1 0 0 0 0 1 0 1 0 1 0 1 1 1 0 0 0 0 0 0 1 0 
quality : 341
======================================

========== print chromosome ==========
genes : 0 1 0 0 1 0 1 0 1 1 0 0 1 0 0 1 1 1 1 0 1 1 1 1 0 0 0 0 1 1 0 1 1 0 0 0 0 0 0 1 1 1 1 1 0 1 1 1 0 1 0 1 1 1 0 0 1 0 1 1 1 1 1 1 0 0 0 0 0 1 0 1 0 0 1 0 1 1 1 0 0 0 0 1 0 1 0 1 0 1 1 1 0 0 0 0 0 0 1 0 
quality : 341
======================================

========== print chromosome ==========
genes : 0 1 0 0 1 0 1 0 1 1 0 0 1 0 0 1 1 1 1 0 1 1 1 1 0 0 0 0 1 1 0 1 1 0 0 0 0 0 0 1 1 1 1 1 0 1 1 1 0 1 0 1 1 1 0 0 1 0 1 1 1 1 1 1 0 0 0 0 0 1 0 1 0 0 1 0 1 1 1 0 0 0 0 1 0 1 0 1 0 1 1 1 0 0 0 0 0 0 1 0 
quality : 341
======================================

========== print chromosome ==========
genes : 0 1 0 0 1 0 1 0 1 1 0 0 1 0 0 1 1 1 1 0 1 1 1 1 0 0 0 0 1 1 0 1 1 0 0 0 0 0 0 0 1 1 1 1 0 1 1 1 0 1 0 1 1 1 0 0 1 0 1 1 1 1 1 1 0 0 0 0 0 1 0 1 0 0 1 0 1 1 1 0 0 0 0 1 1 1 0 1 0 1 1 1 1 0 0 0 0 0 1 0 
quality : 341
======================================

========== print chromosome ==========
genes : 0 1 0 0 1 0 1 0 1 1 0 0 1 0 0 1 1 1 0 0 1 1 1 1 0 0 0 0 1 1 0 1 1 0 0 0 0 0 0 1 1 1 1 1 0 1 1 1 0 1 0 1 1 1 0 0 1 0 1 1 1 1 1 1 0 0 0 0 0 1 0 1 0 0 1 0 1 1 1 0 0 0 0 1 0 1 0 1 0 1 1 1 0 0 0 0 0 0 1 0 
quality : 341
======================================

========== print chromosome ==========
genes : 0 1 0 0 1 0 1 0 1 1 0 0 1 0 0 1 1 1 1 0 1 1 1 1 0 0 0 0 1 1 0 1 1 0 0 0 0 0 0 1 0 1 1 1 0 1 1 1 0 1 0 1 1 0 0 0 1 0 1 1 1 1 1 1 0 0 0 0 0 1 0 1 0 0 1 0 1 1 1 0 0 0 0 1 0 1 0 1 0 1 1 1 0 0 0 0 0 0 1 0 
quality : 341
======================================

========== print chromosome ==========
genes : 0 1 0 0 1 0 1 0 1 1 0 0 1 0 0 1 1 1 1 0 1 1 1 1 0 0 0 0 1 1 0 1 1 0 0 0 0 0 0 1 1 1 1 1 0 1 1 1 0 1 0 1 1 1 1 0 1 0 1 1 1 1 1 1 0 0 0 0 0 1 0 1 0 0 1 0 1 1 1 0 0 0 0 0 1 1 0 1 0 1 1 1 0 1 0 0 0 0 1 0 
quality : 341
======================================

========== print chromosome ==========
genes : 0 1 0 0 1 0 1 0 1 1 0 0 1 0 0 1 1 1 1 0 1 1 1 1 0 0 0 1 1 1 0 1 1 0 0 0 0 0 0 1 1 1 1 1 0 0 1 1 0 1 0 1 1 1 0 1 1 0 1 1 1 1 1 1 0 0 0 0 0 1 0 1 0 1 1 0 1 1 1 0 0 0 0 1 0 1 0 1 0 1 1 1 0 0 0 0 0 0 1 0 
quality : 341
======================================

========== print chromosome ==========
genes : 0 1 0 0 1 0 1 0 1 1 0 0 1 0 0 1 1 1 1 0 1 1 1 1 0 0 0 0 1 1 0 1 1 0 0 0 0 0 0 1 1 1 1 1 0 1 1 1 0 1 0 1 1 1 0 0 1 0 1 1 1 1 1 1 0 0 0 0 0 1 0 1 0 0 1 0 1 1 1 0 0 0 0 1 1 1 0 1 0 1 1 1 0 0 0 0 0 0 1 0 
quality : 341
======================================

========== print chromosome ==========
genes : 0 1 0 0 1 0 1 0 1 1 0 0 1 0 0 1 1 1 1 0 1 1 1 1 0 0 0 0 1 1 0 1 1 0 0 0 0 0 0 1 1 1 1 1 0 1 1 1 0 1 0 1 1 1 0 0 1 0 1 1 1 1 1 1 1 0 0 0 0 1 0 1 0 0 1 0 1 1 1 0 0 0 0 1 0 1 0 1 0 1 1 1 0 0 0 0 0 0 1 0 
quality : 341
======================================

========== print chromosome ==========
genes : 0 1 0 0 1 0 1 0 1 1 0 0 1 0 0 1 1 1 1 0 1 1 1 1 0 0 0 0 1 1 0 1 0 0 0 0 0 0 0 1 1 1 1 1 0 1 1 1 0 1 0 1 1 0 0 0 1 0 1 1 1 1 1 1 0 0 0 0 0 0 0 1 0 0 1 0 1 1 1 0 0 0 0 1 0 1 0 1 0 1 1 1 0 0 0 0 0 0 1 0 
quality : 341
======================================

========== print final result ==========
Generations evolved: 991908
Best quality: 341
Mean quality: 340.459991
Standard deviation: 1.903847
======================================

2 5 7 9 10 13 16 17 18 19 21 22 23 24 29 30 32 40 41 42 43 44 46 47 48 50 52 53 57 59 60 61 62 63 64 72 75 77 78 79 84 86 88 90 91 92 99 