========== print final result ==========
Generations evolved: 7496757
Best quality: 349
Mean quality: 348.600006
Standard deviation: 1.384438
======================================

Number of population: 25

========== print chromosome ==========
genes : 1 0 0 1 0 0 0 1 0 0 1 0 0 0 1 0 0 1 0 1 0 1 0 1 0 1 1 1 1 0 1 0 1 0 1 1 0 1 1 0 0 0 1 0 0 1 1 0 0 0 1 1 0 1 1 1 1 1 1 0 0 1 0 0 0 1 0 1 0 0 1 0 1 1 1 1 0 1 0 1 0 1 0 1 0 0 1 0 0 0 1 0 0 0 1 1 0 1 0 1 
quality : 349
======================================

========== print chromosome ==========
genes : 1 0 0 1 0 0 0 1 0 0 1 0 0 0 1 0 0 1 0 1 0 1 0 1 0 0 1 1 1 0 1 0 1 0 1 1 0 1 1 0 0 0 1 0 0 1 1 0 0 0 1 1 0 1 1 1 1 1 1 1 0 1 0 0 0 1 0 1 0 0 1 0 1 1 1 1 0 1 0 0 0 1 0 1 0 0 1 0 1 0 1 0 0 0 1 1 1 1 0 1 
quality : 344
======================================

========== print chromosome ==========
genes : 1 0 0 1 0 0 0 1 0 0 1 0 0 0 1 0 0 1 0 1 0 1 0 1 0 0 1 1 1 0 1 0 1 0 1 1 0 1 1 0 0 0 1 0 0 1 1 0 0 0 1 1 0 1 1 1 1 1 1 1 0 1 0 0 0 1 0 1 0 0 1 0 1 1 1 1 0 1 0 0 0 1 0 1 0 0 1 0 1 0 1 0 0 0 1 1 1 1 0 1 
quality : 344
======================================

========== print chromosome ==========
genes : 1 0 0 1 0 0 0 1 0 0 1 0 0 0 1 0 0 1 0 1 0 1 0 1 0 1 1 1 1 0 1 0 1 0 1 1 0 1 1 0 0 0 1 0 0 1 1 0 0 0 1 1 0 1 1 1 0 1 1 1 0 0 0 0 0 1 0 1 0 0 1 0 1 1 1 1 0 1 0 0 0 0 0 1 0 0 1 0 1 0 1 0 0 0 1 1 0 1 0 1 
quality : 349
======================================

========== print chromosome ==========
genes : 1 0 0 1 0 0 0 1 0 0 1 0 1 0 1 0 0 1 0 1 0 1 1 1 0 1 1 1 1 0 1 0 1 0 1 1 0 1 1 0 0 0 1 0 0 1 1 0 0 0 1 1 0 1 1 1 1 1 1 1 0 1 0 0 0 1 0 1 0 0 1 0 1 1 1 1 1 1 0 0 0 1 0 1 0 0 1 0 1 0 1 0 0 0 1 1 0 1 0 1 
quality : 349
======================================

========== print chromosome ==========
genes : 1 0 0 1 0 0 0 1 0 0 1 0 0 0 1 0 0 1 0 1 0 1 0 1 0 1 1 1 1 0 1 1 1 0 1 1 0 1 1 0 0 0 1 0 0 1 1 0 0 0 1 1 0 0 1 1 1 1 1 1 0 1 0 0 0 1 0 1 0 0 1 0 1 1 1 1 0 1 0 0 0 1 0 1 0 0 1 0 1 0 1 0 0 0 1 1 0 1 0 1 
quality : 349
======================================

========== print chromosome ==========
genes : 1 0 0 1 0 0 0 1 0 0 1 0 0 0 1 0 0 1 0 1 0 1 0 1 0 1 1 0 1 0 1 0 1 0 1 1 0 1 1 0 0 0 1 0 0 1 1 0 0 0 1 1 0 1 1 1 1 1 1 1 0 1 0 0 0 1 0 1 0 0 1 1 1 1 1 1 1 1 0 0 0 1 1 1 0 0 1 0 1 0 1 0 0 0 1 1 0 1 0 1 
quality : 349
======================================

========== print chromosome ==========
genes : 1 0 0 1 0 0 0 1 0 0 1 0 0 0 1 0 0 1 0 1 0 1 0 1 0 1 1 1 1 0 1 0 1 0 1 1 0 1 1 0 0 0 1 0 0 1 1 0 0 0 1 1 0 1 1 1 1 1 1 1 0 1 0 0 0 1 0 1 0 0 1 0 1 1 1 1 0 1 0 0 0 1 0 1 0 0 1 0 1 0 1 0 0 0 1 1 1 1 0 1 
quality : 349
======================================

========== print chromosome ==========
genes : 1 0 0 1 0 0 0 1 0 0 1 0 0 0 1 0 0 1 0 1 0 1 0 1 0 1 1 1 1 0 1 0 1 0 1 1 0 1 1 0 0 0 1 0 0 1 1 0 0 0 1 1 0 1 1 1 1 0 1 1 0 1 0 0 0 1 0 1 0 0 1 0 1 1 1 1 0 1 0 0 0 1 0 1 0 0 1 1 1 0 1 0 0 0 1 1 0 1 0 1 
quality : 349
======================================

========== print chromosome ==========
genes : 1 0 0 1 0 0 0 1 0 0 1 0 0 0 1 0 0 1 0 1 0 1 0 1 0 1 1 1 1 0 1 0 1 0 1 1 0 1 1 0 0 0 1 0 0 1 1 0 0 0 1 1 0 1 1 1 1 1 1 1 0 1 0 0 0 1 0 1 0 0 1 0 1 1 1 1 0 1 0 0 0 1 0 1 0 0 1 0 1 0 1 0 0 0 1 1 0 1 0 1 
quality : 349
======================================

========== print chromosome ==========
genes : 1 0 0 1 0 0 0 1 0 0 1 0 0 0 1 0 0 1 0 1 0 1 0 1 0 1 1 1 1 0 1 0 1 0 1 1 0 1 1 0 0 0 1 0 0 1 1 0 0 0 1 1 0 1 1 1 1 1 1 1 0 1 0 0 0 1 0 1 0 0 1 0 1 1 1 0 0 1 0 0 0 1 0 1 0 0 1 0 1 0 1 0 0 0 1 1 0 1 0 1 
quality : 349
======================================

========== print chromosome ==========
genes : 1 0 0 1 0 0 0 1 0 0 1 0 0 0 1 0 1 1 0 1 0 1 0 1 0 1 1 0 1 0 1 0 1 0 1 1 0 1 1 0 0 0 1 0 0 1 1 0 0 0 1 1 0 1 1 1 1 1 1 1 0 1 0 0 0 1 0 1 0 0 1 0 1 1 1 1 0 1 0 0 0 1 0 1 0 0 1 0 1 0 1 0 0 0 1 1 0 1 0 1 
quality : 349
======================================

========== print chromosome ==========
genes : 1 0 0 1 0 0 0 1 0 0 1 0 0 0 0 0 0 1 0 1 0 1 0 1 0 1 1 1 1 0 1 0 1 0 1 1 0 1 1 0 0 0 1 0 0 1 1 0 0 0 1 1 0 1 1 1 1 1 1 1 0 1 0 0 0 1 0 1 0 0 1 0 1 1 1 1 0 1 0 0 0 1 0 1 1 0 1 0 1 0 1 0 0 0 1 1 0 1 0 1 
quality : 349
======================================

========== print chromosome ==========
genes : 1 0 0 1 0 0 0 1 0 0 1 0 0 0 1 0 0 1 0 1 0 1 0 1 0 1 1 1 1 0 1 0 1 0 1 1 0 1 1 0 0 0 1 0 0 1 1 0 0 0 1 1 0 1 1 1 1 1 1 1 0 1 0 0 0 1 0 1 0 0 1 0 1 1 1 1 0 1 0 0 0 1 0 1 0 0 1 0 1 0 1 0 0 0 1 1 0 1 0 1 
quality : 349
======================================

========== print chromosome ==========
genes : 1 0 0 1 0 0 0 1 0 0 1 0 0 0 1 0 0 1 0 1 0 1 0 1 0 1 1 1 1 0 1 0 1 0 1 1 0 1 1 0 0 0 1 0 0 1 1 0 0 0 1 1 0 1 1 1 1 1 1 1 0 1 0 0 0 1 0 1 0 0 1 0 1 1 1 1 0 1 0 0 1 1 0 1 0 0 1 0 1 0 1 0 0 0 1 1 0 1 0 1 
quality : 349
======================================

========== print chromosome ==========
genes : 1 0 0 1 0 0 0 1 0 0 1 0 0 0 1 0 0 1 0 1 0 1 0 1 0 1 1 1 1 0 1 0 1 0 1 1 0 1 1 0 0 0 1 0 0 1 1 0 0 0 1 1 0 1 1 1 1 1 1 1 0 1 0 0 0 1 0 1 0 0 1 0 1 1 1 1 0 1 0 0 0 1 0 1 0 0 1 0 1 0 1 0 0 0 1 1 0 1 0 1 
quality : 349
======================================

========== print chromosome ==========
genes : 1 0 0 1 0 0 0 1 0 0 1 0 0 0 1 0 0 1 0 1 0 1 0 1 0 1 1 1 1 0 1 0 1 0 1 1 0 0 1 0 0 0 1 0 0 1 1 0 0 0 1 1 0 1 1 1 1 1 1 1 0 1 0 0 0 1 0 1 0 0 1 0 1 1 1 1 0 1 0 0 0 1 0 1 0 0 1 0 1 0 1 0 0 0 1 0 0 1 0 1 
quality : 349
======================================

========== print chromosome ==========
genes : 1 0 0 1 0 0 0 1 0 0 1 0 0 0 1 0 0 1 0 1 0 1 0 1 0 1 1 1 1 0 1 0 1 0 1 1 0 1 1 0 0 0 1 0 0 1 1 0 0 0 1 1 0 1 1 1 1 1 1 1 0 1 0 0 0 1 0 1 0 0 1 0 1 1 1 1 0 1 0 0 0 1 0 1 0 0 1 0 1 0 1 0 0 0 1 1 0 1 0 1 
quality : 349
======================================

========== print chromosome ==========
genes : 1 0 0 1 0 0 0 1 0 0 1 0 0 0 1 0 0 1 0 1 0 1 0 1 0 1 1 1 1 0 1 0 1 0 1 1 0 1 1 0 0 0 1 0 0 1 1 0 0 0 1 1 0 1 1 1 1 1 1 1 0 1 0 0 0 1 0 1 0 0 1 0 1 1 1 1 0 1 0 0 0 1 0 1 0 0 1 0 1 0 1 0 0 0 1 1 0 1 0 0 
quality : 349
======================================

========== print chromosome ==========
genes : 1 0 0 1 0 0 0 1 0 0 1 0 0 0 1 0 0 1 0 1 0 1 0 0 0 1 1 1 1 0 1 0 1 0 1 1 0 1 1 0 0 0 1 0 0 1 1 0 0 0 1 1 0 1 1 1 1 1 1 1 0 1 0 0 0 1 0 1 0 0 1 0 1 1 1 1 0 1 0 0 0 1 0 1 0 0 1 0 1 0 1 0 0 0 1 1 0 1 0 1 
quality : 349
======================================

========== print chromosome ==========
genes : 1 0 0 1 0 0 0 1 0 0 1 0 0 0 1 0 0 1 0 1 0 1 0 1 0 1 1 1 1 0 1 0 1 0 1 1 0 1 1 0 0 0 1 0 0 1 1 0 0 0 1 1 0 1 1 1 1 1 1 1 0 1 0 0 0 1 0 1 0 0 1 0 1 1 1 1 0 1 0 0 0 1 0 1 0 0 1 0 1 0 1 0 0 0 1 1 0 1 0 1 
quality : 349
======================================

========== print chromosome ==========
genes : 1 1 0 1 0 0 0 1 0 0 1 0 0 0 1 1 0 1 0 1 0 1 0 1 0 1 1 1 1 0 1 0 1 0 1 1 1 1 1 0 0 0 1 0 0 1 1 0 0 0 1 1 0 1 1 1 1 1 1 1 0 1 0 0 0 1 0 1 0 0 1 0 1 1 1 1 0 1 0 0 0 1 0 1 0 0 1 0 1 0 1 0 0 0 1 1 0 1 0 1 
quality : 349
======================================

========== print chromosome ==========
genes : 1 0 0 1 0 0 0 1 0 0 1 0 0 0 1 0 0 1 0 1 0 1 0 1 0 1 1 1 1 0 1 0 1 0 1 1 0 1 1 0 0 0 1 0 0 1 1 0 0 0 1 1 0 1 1 1 1 1 1 1 0 1 0 0 0 1 0 1 0 0 1 0 1 1 1 1 0 1 0 0 0 1 0 1 0 0 1 0 1 0 1 0 0 1 1 1 0 1 0 1 
quality : 349
======================================

========== print chromosome ==========
genes : 1 0 0 1 0 0 0 1 0 0 1 0 0 0 1 0 0 1 0 1 0 1 0 1 0 1 1 1 1 0 1 0 1 0 1 1 0 1 1 0 0 0 1 0 0 1 1 0 0 0 1 1 0 1 1 1 1 1 1 1 0 1 0 0 0 1 0 1 0 0 1 0 1 1 1 1 0 1 0 0 0 1 0 1 0 0 1 0 1 0 1 0 0 0 1 1 0 1 0 1 
quality : 349
======================================

========== print chromosome ==========
genes : 1 0 0 1 0 0 0 1 0 0 1 0 0 0 1 0 0 1 0 1 0 1 0 1 0 1 1 1 1 0 1 0 1 0 1 1 0 1 1 0 0 0 1 0 0 1 1 0 0 0 1 1 0 1 1 1 1 1 1 1 0 1 0 0 0 1 0 1 0 0 1 0 1 1 1 1 0 1 0 0 0 1 0 1 0 0 1 0 1 0 0 0 0 0 1 1 0 1 0 1 
quality : 349
======================================

========== print final result ==========
Generations evolved: 7496757
Best quality: 349
Mean quality: 348.600006
Standard deviation: 1.384438
======================================

1 4 8 11 15 18 20 22 24 26 27 28 29 31 33 35 36 38 39 43 46 47 51 52 54 55 56 57 58 59 60 62 66 68 71 73 74 75 76 78 82 84 87 89 95 96 98 100 