========== print final result ==========
Generations evolved: 459706
Best quality: 4364
Mean quality: 4344.839844
Standard deviation: 29.571491
======================================

Number of population: 25

========== print chromosome ==========
genes : 0 1 1 1 1 1 1 1 0 0 0 0 0 1 0 1 1 1 0 1 0 0 1 0 1 1 0 0 1 1 1 0 0 1 1 1 1 1 0 0 1 0 1 1 1 0 1 1 1 1 1 0 0 0 1 0 1 1 1 0 0 1 1 1 0 1 0 0 0 1 0 0 0 0 0 1 1 1 0 1 0 0 0 0 1 1 0 0 1 0 1 0 1 1 0 1 0 1 1 0 0 1 0 0 0 1 1 0 0 1 1 1 1 1 1 1 0 1 0 1 1 1 1 0 0 0 0 0 0 0 1 1 0 1 0 0 0 1 1 0 1 0 0 1 1 0 1 1 0 0 0 0 0 0 0 0 1 0 0 1 0 1 1 0 1 0 1 1 0 1 0 1 0 1 0 0 1 1 0 1 1 1 0 0 1 1 1 1 0 0 1 1 1 1 0 1 0 1 1 1 0 0 0 0 0 0 1 1 0 1 1 0 1 0 1 1 1 0 0 1 1 0 1 0 1 0 1 1 1 0 0 0 0 0 0 0 0 1 1 1 1 0 0 1 1 1 0 0 1 1 1 1 0 1 1 1 1 0 0 1 0 1 1 0 0 1 1 0 1 1 1 0 0 1 1 1 0 0 0 0 1 1 0 1 0 1 1 1 1 1 1 1 0 1 0 0 0 0 0 0 1 0 1 1 1 0 0 0 0 1 1 1 0 0 0 1 1 0 1 1 0 0 1 0 1 1 1 1 0 1 1 0 1 1 1 1 0 1 1 1 1 1 0 1 1 1 1 1 0 0 1 1 1 0 0 0 0 0 1 0 1 0 1 0 0 1 0 0 0 1 0 1 0 1 1 0 1 0 1 1 0 0 1 0 0 0 0 0 0 1 0 0 1 0 1 0 1 1 0 0 0 0 0 1 0 0 1 1 1 0 1 0 0 0 1 1 0 0 0 0 0 1 0 0 0 1 0 0 1 0 1 1 1 0 0 1 1 1 0 1 1 0 0 0 1 0 1 0 1 0 1 0 1 0 0 0 1 0 0 1 0 0 1 1 1 1 1 0 1 0 0 0 0 0 0 0 0 1 0 0 0 1 0 0 1 0 0 1 1 0 1 1 0 1 1 1 0 1 0 1 
quality : 4336
======================================

========== print chromosome ==========
genes : 0 1 1 1 0 1 1 1 0 0 0 0 0 1 0 1 1 1 0 1 0 0 0 0 1 1 0 0 1 1 1 0 0 1 1 1 1 1 0 1 1 0 1 1 0 0 1 1 1 1 1 0 0 0 1 0 1 1 1 0 0 1 1 1 0 1 0 0 0 1 0 0 1 0 0 1 1 1 0 1 0 0 0 0 0 1 0 0 1 0 1 0 1 1 0 1 0 0 1 0 0 1 0 0 0 0 1 0 0 1 1 1 1 1 1 1 0 1 0 1 1 1 1 0 0 0 0 0 0 0 1 1 0 1 0 0 0 1 1 0 1 0 0 1 1 0 1 1 0 0 0 0 0 0 0 0 1 0 0 1 0 1 1 1 1 0 1 1 0 1 0 1 0 1 0 0 1 1 0 1 1 1 0 0 1 1 1 1 0 0 1 1 1 1 0 1 0 1 1 1 0 0 0 0 0 0 1 1 0 1 1 0 0 0 1 1 1 0 0 1 1 0 1 0 1 0 1 1 1 0 0 0 0 0 0 0 0 1 1 1 1 1 0 1 1 1 0 0 1 1 1 1 0 1 0 1 1 0 0 1 0 1 1 0 0 1 1 0 1 1 1 0 0 1 1 1 0 0 0 0 1 1 0 1 0 1 1 1 0 1 1 1 0 0 0 0 0 0 0 0 1 0 1 1 1 0 0 0 0 1 1 1 0 1 0 1 1 0 1 1 0 0 1 0 1 1 1 1 0 1 1 0 1 1 1 1 0 1 1 1 1 1 0 1 1 1 1 1 0 0 1 1 1 0 0 0 1 0 1 0 1 0 1 0 0 0 0 0 0 1 0 1 0 1 1 0 1 0 1 0 0 0 1 0 0 0 0 0 0 1 0 0 1 0 1 0 0 1 0 0 0 0 0 1 0 0 1 1 1 0 1 0 0 0 1 1 0 0 0 1 0 1 1 0 0 1 0 0 1 0 1 1 1 0 0 1 1 0 0 1 1 0 0 0 1 0 1 0 1 0 1 1 1 0 0 0 1 0 0 1 0 0 1 1 1 1 1 0 1 0 0 0 0 0 0 0 1 1 0 0 0 1 0 0 1 0 0 1 1 0 1 1 0 0 1 0 0 1 0 1 
quality : 4289
======================================

========== print chromosome ==========
genes : 0 1 1 1 0 1 1 1 0 0 0 0 0 1 0 1 1 1 0 1 0 0 0 0 1 1 0 0 1 1 1 0 0 1 1 1 1 1 0 1 1 0 1 1 1 0 1 1 1 1 1 0 1 0 1 0 1 1 1 0 0 1 1 1 0 1 0 0 0 1 1 0 1 0 1 1 1 0 0 1 0 0 0 0 0 1 0 0 1 0 1 0 1 1 0 1 0 0 1 0 0 1 0 0 0 0 0 0 0 1 1 1 1 1 1 1 0 1 0 1 1 1 1 0 0 0 0 0 0 1 1 1 0 0 0 1 0 1 1 0 1 0 0 1 1 1 1 1 0 0 0 0 0 0 0 0 1 0 0 1 0 1 1 0 1 0 1 1 0 1 0 1 0 1 0 0 1 1 0 1 1 1 0 0 1 1 1 1 0 0 1 0 1 1 0 1 0 1 1 1 0 1 0 0 0 0 1 1 0 1 1 0 1 0 1 1 1 0 0 1 1 0 1 0 1 0 1 1 1 0 0 0 0 0 0 0 0 1 1 1 1 0 0 1 0 1 0 0 1 0 1 1 0 1 0 1 1 0 0 1 0 1 1 0 0 0 1 0 1 1 1 0 0 1 1 1 0 0 0 0 1 1 0 1 0 1 1 1 1 1 1 1 0 1 0 0 0 0 0 0 1 0 1 1 1 0 0 0 0 1 1 1 0 0 0 1 1 0 1 0 1 0 1 0 1 1 1 1 0 0 1 0 1 1 1 1 0 1 1 1 1 1 0 1 1 0 1 1 0 0 1 1 1 0 0 0 1 0 1 0 1 0 1 0 0 0 0 0 0 1 0 1 0 1 1 0 1 0 1 1 0 0 1 0 0 0 0 0 0 1 0 0 1 1 1 0 1 1 0 0 0 0 0 1 0 0 1 1 1 0 1 0 0 0 1 1 0 0 0 1 0 1 1 1 0 1 0 0 1 0 1 1 1 0 0 1 1 0 0 1 1 0 0 0 0 0 1 0 1 0 1 0 1 0 0 0 1 0 0 1 0 0 1 1 1 1 1 0 1 0 0 0 0 0 0 0 1 1 0 0 0 1 0 0 1 0 0 1 1 0 1 1 0 0 1 0 0 1 0 1 
quality : 4220
======================================

========== print chromosome ==========
genes : 0 1 1 1 1 1 1 1 0 0 0 0 0 1 0 1 1 1 0 1 0 0 0 0 1 1 0 0 1 0 1 0 0 1 1 1 0 1 0 1 1 0 1 1 1 0 1 1 1 1 1 0 0 0 1 0 1 1 1 0 0 1 1 1 0 1 0 0 0 1 0 0 1 0 0 1 1 1 0 1 0 0 0 0 1 1 0 0 1 0 1 0 1 1 0 1 0 1 1 0 0 1 0 0 0 0 1 0 0 1 1 1 1 1 1 1 0 1 0 1 1 1 1 0 0 0 0 0 0 0 1 1 0 1 0 0 0 1 1 0 1 0 0 1 1 0 1 1 0 0 0 0 0 0 0 0 1 0 0 1 0 1 1 0 1 0 1 1 0 1 0 1 0 1 0 0 1 1 0 1 1 1 0 0 1 1 1 1 0 0 1 1 0 1 0 1 0 1 1 1 0 0 0 0 0 0 1 1 0 1 1 0 1 0 1 1 1 0 0 1 1 0 1 0 1 0 1 1 1 0 1 0 0 0 1 0 0 1 1 1 1 0 0 1 1 1 1 0 1 1 1 1 0 1 0 1 1 0 0 1 0 1 1 0 0 1 1 0 1 1 1 1 0 1 1 1 0 0 0 0 1 1 0 1 0 1 1 1 1 1 1 1 0 1 0 0 0 0 0 0 1 0 1 1 1 0 0 0 0 1 1 1 0 0 0 1 1 0 1 0 0 0 1 0 1 1 1 1 0 1 1 0 1 1 1 1 0 1 1 1 1 0 0 1 1 1 0 1 0 0 0 1 1 0 0 1 0 0 1 0 1 0 1 0 0 0 0 0 0 1 0 1 0 1 1 0 1 0 1 1 0 0 1 0 0 0 0 0 0 1 0 0 1 0 1 0 1 1 0 1 0 0 0 1 0 0 1 1 1 0 1 0 0 0 1 1 0 0 0 1 0 1 0 0 0 1 0 0 1 0 1 1 1 0 0 1 1 0 0 1 1 0 0 0 1 0 1 0 1 0 1 0 1 0 0 0 1 0 0 1 0 0 1 1 1 1 1 0 1 0 0 0 0 1 0 0 0 1 0 0 0 1 0 0 1 0 0 1 1 0 1 1 0 0 1 0 0 1 0 1 
quality : 4334
======================================

========== print chromosome ==========
genes : 0 1 1 1 1 1 0 1 0 0 0 0 0 1 0 1 1 1 0 1 0 0 0 0 1 1 0 1 1 1 1 0 0 1 1 1 1 1 0 1 1 0 1 1 1 0 1 1 1 1 1 0 0 0 1 0 1 1 1 0 0 0 1 1 0 1 0 0 0 1 0 0 1 0 0 1 1 1 0 1 0 0 0 0 1 1 0 0 1 0 1 0 1 1 0 1 0 1 0 0 0 1 1 0 0 0 1 0 0 1 1 1 1 1 1 1 0 1 0 1 1 1 1 0 0 0 0 0 0 0 1 1 0 1 0 0 0 1 1 0 1 0 0 1 1 1 1 1 0 0 0 0 0 0 0 0 1 0 0 1 0 1 1 0 1 0 1 1 0 1 0 1 0 1 0 0 1 1 0 1 1 1 0 0 1 1 1 1 0 0 1 1 1 1 0 1 0 1 1 1 0 0 0 0 0 0 1 1 0 1 1 0 1 0 1 1 1 0 0 1 1 0 1 0 1 0 1 1 1 0 0 0 0 0 0 0 0 1 1 1 1 0 0 1 1 1 0 0 1 1 1 1 0 1 1 1 1 0 0 1 0 1 1 0 0 1 1 0 1 1 1 0 0 1 1 1 0 0 0 0 1 1 0 1 0 1 1 1 1 1 1 1 0 1 0 0 0 0 0 0 1 0 1 1 1 0 0 0 0 1 1 1 0 0 0 1 1 0 1 0 0 0 1 0 1 1 1 1 0 1 1 0 1 1 1 1 0 1 1 1 1 1 0 1 1 1 1 1 0 0 1 1 1 0 0 0 0 0 1 0 1 0 1 0 0 1 0 0 0 1 0 1 0 1 1 0 1 0 1 1 0 0 1 0 0 0 0 0 0 1 0 0 1 0 1 0 1 1 0 0 0 0 0 1 0 0 1 1 1 0 1 0 0 0 1 1 0 0 0 0 0 1 0 0 0 1 0 0 1 0 1 1 1 0 0 1 1 0 0 1 1 0 0 0 1 0 1 0 1 0 1 0 1 0 0 0 1 0 0 1 0 0 1 1 1 1 1 0 1 0 0 0 0 0 0 0 0 1 0 0 0 1 0 0 1 0 0 1 1 0 1 1 0 1 1 0 0 1 0 1 
quality : 4352
======================================

========== print chromosome ==========
genes : 0 1 1 1 1 1 1 1 0 0 0 0 0 1 0 1 1 1 0 1 0 0 0 0 1 1 0 0 1 1 1 0 0 1 1 0 1 1 0 1 1 0 1 1 1 0 1 1 1 1 1 0 0 0 1 0 1 1 1 0 0 1 1 1 0 1 0 0 0 1 0 0 1 0 0 1 1 1 0 1 0 0 0 0 1 1 0 0 1 0 1 0 1 1 0 0 0 1 1 0 1 1 0 0 0 0 1 0 0 1 1 1 1 1 1 1 0 1 0 1 1 1 1 0 0 0 0 0 0 0 1 1 0 1 0 1 0 1 1 0 1 0 0 0 1 1 1 1 0 0 0 0 0 0 0 0 1 0 0 1 0 1 1 0 1 0 1 1 0 1 0 1 0 1 0 0 1 1 0 1 1 1 0 0 1 1 1 0 0 0 1 1 1 1 0 1 0 1 1 1 0 0 0 0 0 0 1 1 0 1 1 0 1 0 1 1 1 0 0 1 1 0 1 0 1 0 1 1 1 0 0 0 0 0 0 0 0 1 1 1 1 0 0 1 1 1 0 0 1 1 1 1 0 1 1 1 1 0 0 1 0 1 1 0 0 1 1 0 1 1 1 0 0 1 1 1 0 0 0 0 1 1 0 0 0 1 1 1 1 1 1 1 0 1 0 0 0 0 0 0 1 0 1 1 1 0 0 0 0 1 1 1 0 0 0 1 1 0 1 0 0 0 1 0 1 1 0 1 0 1 1 0 1 1 1 1 0 1 1 1 1 1 0 1 1 1 1 1 0 0 1 1 1 0 0 0 0 0 1 0 1 0 1 0 0 0 0 0 0 1 0 1 0 1 1 0 1 0 1 1 0 0 1 0 0 0 0 0 0 1 0 0 1 0 1 0 1 1 0 0 0 0 0 1 0 0 1 1 1 0 1 0 0 0 1 1 0 0 0 0 0 1 0 0 0 1 0 0 1 0 1 1 1 0 0 1 1 0 0 1 1 0 0 0 1 0 1 0 1 0 1 0 1 0 0 0 1 0 0 1 0 0 1 1 1 1 1 0 1 0 0 0 0 0 0 1 0 1 0 0 0 1 0 0 1 0 0 1 1 0 1 1 0 0 1 0 0 1 0 1 
quality : 4352
======================================

========== print chromosome ==========
genes : 0 1 1 1 1 1 1 1 0 0 0 0 0 1 0 1 1 0 0 1 0 0 0 0 1 1 0 0 1 1 1 0 0 1 1 1 1 1 0 1 1 0 1 1 1 0 1 1 1 1 1 0 0 0 1 0 1 1 1 0 0 1 1 1 0 1 0 0 0 1 0 0 1 0 0 1 1 1 0 1 0 0 0 0 1 1 0 0 1 0 0 0 1 1 0 1 0 1 1 0 0 1 0 0 0 0 1 0 0 1 1 1 1 1 1 1 0 1 0 1 1 1 1 0 0 0 0 0 0 0 1 1 0 1 0 0 0 1 1 0 1 0 0 1 1 1 1 1 0 0 0 0 0 0 0 0 1 0 0 1 0 1 1 0 1 0 1 1 0 1 0 1 0 1 0 0 1 1 0 1 1 1 0 0 1 1 1 1 0 0 1 1 1 1 0 1 0 1 1 1 0 0 0 0 0 0 1 1 0 1 1 0 1 0 1 1 1 0 0 1 1 0 1 0 1 0 1 1 1 0 0 0 0 0 0 0 0 1 1 1 1 0 0 1 1 1 0 0 1 1 1 1 0 1 1 1 1 0 0 1 0 1 1 0 0 1 1 0 1 1 1 0 0 1 1 1 0 0 0 0 1 1 0 1 0 0 1 1 1 1 1 1 0 1 0 0 0 0 0 0 1 0 1 1 1 0 0 0 0 1 1 1 0 0 0 1 1 0 1 0 0 0 1 0 1 1 1 1 0 1 1 0 1 0 1 1 0 1 1 1 1 1 0 1 1 1 1 1 0 0 1 1 1 0 0 0 0 0 1 0 1 0 1 0 0 0 0 0 0 1 0 1 1 1 1 0 1 0 1 1 0 0 1 0 0 0 0 0 0 1 0 0 1 0 1 0 1 1 1 0 0 0 0 1 0 0 1 1 1 0 1 0 0 0 1 1 0 0 0 0 1 1 0 0 0 1 0 0 1 0 1 1 1 0 0 1 1 0 0 1 1 0 0 0 1 0 1 1 1 0 1 0 1 0 0 0 1 0 0 1 0 0 1 1 1 1 1 0 1 0 0 0 0 0 0 0 1 1 1 0 0 1 0 0 1 0 0 1 1 0 1 1 0 0 1 0 0 1 0 1 
quality : 4352
======================================

========== print chromosome ==========
genes : 0 1 1 0 1 1 1 1 0 0 0 0 1 1 0 1 1 1 0 1 0 0 0 0 1 1 0 0 1 1 1 0 0 1 1 1 1 1 0 1 1 0 1 1 1 0 1 1 1 1 1 0 0 0 1 0 1 1 1 0 0 1 1 1 0 1 0 0 0 1 0 0 1 0 0 1 1 1 0 1 0 0 0 0 1 1 0 0 1 0 1 0 1 1 0 1 0 1 1 0 0 1 0 0 0 0 1 0 0 1 1 1 1 1 1 1 0 1 0 1 1 1 1 0 0 0 0 0 0 0 1 1 0 1 0 0 0 1 1 0 1 0 0 1 1 1 1 1 0 0 1 0 0 0 0 0 1 0 0 1 0 1 1 0 1 0 1 1 0 1 0 1 0 1 0 1 1 1 0 1 1 1 0 0 1 1 1 1 0 0 1 1 1 1 0 1 0 1 1 1 0 0 0 0 0 0 1 1 0 1 1 0 1 0 1 1 1 0 0 1 1 0 1 0 1 0 1 1 1 0 0 0 0 0 0 0 0 1 1 1 1 0 0 1 1 1 0 0 1 1 1 1 0 1 1 1 1 0 0 1 0 1 1 0 0 1 1 0 1 1 1 0 0 1 1 1 0 0 0 0 1 1 0 1 0 1 1 1 1 1 1 1 0 1 0 0 0 0 0 0 1 0 1 1 1 0 0 0 0 1 1 1 0 0 0 1 1 0 1 0 0 0 1 0 0 1 1 1 0 1 1 0 1 1 1 1 0 1 1 1 1 1 0 1 0 1 1 1 0 0 1 1 1 1 0 0 0 0 1 0 1 0 1 0 0 0 0 0 0 1 0 1 0 1 1 0 1 0 1 1 0 0 1 0 0 0 0 0 0 1 0 0 1 0 1 1 1 1 0 0 0 0 1 1 0 0 1 1 1 0 1 0 0 0 1 1 0 0 0 0 0 1 0 0 0 1 1 0 1 0 1 1 1 0 0 1 1 0 0 1 1 0 0 0 1 0 1 0 1 0 1 0 1 0 0 0 1 0 0 1 0 0 1 1 1 1 1 0 1 0 0 0 0 0 0 1 0 1 0 0 0 1 0 0 1 0 0 1 1 0 1 1 0 0 1 0 0 1 0 1 
quality : 4352
======================================

========== print chromosome ==========
genes : 0 1 1 1 1 1 1 1 0 0 0 0 0 1 1 1 1 1 0 1 0 0 0 0 1 1 0 0 1 1 1 0 0 1 1 1 1 1 0 1 1 0 1 1 1 0 1 1 1 1 1 0 0 0 1 0 1 1 1 0 0 1 1 1 0 1 0 0 0 1 0 0 1 0 0 1 1 1 0 1 0 0 0 0 1 1 0 0 1 0 1 0 1 1 0 1 0 1 1 0 0 1 0 0 0 0 1 0 0 1 1 1 1 1 1 1 0 1 0 1 1 1 1 1 0 0 0 0 0 0 1 1 0 1 0 1 0 1 1 0 1 0 0 1 1 1 1 1 0 0 0 0 0 0 0 0 1 0 0 1 0 1 1 0 1 0 1 1 0 1 0 1 0 1 0 0 1 1 0 1 1 1 0 0 1 1 1 1 0 0 1 0 1 1 0 1 0 1 1 1 0 0 0 0 0 0 1 1 0 1 1 0 1 0 1 1 1 0 0 1 1 0 1 0 1 0 1 1 1 0 0 0 0 0 0 0 0 1 1 1 1 0 0 1 0 1 0 0 1 0 1 1 0 1 0 1 1 0 0 1 0 1 1 0 0 0 1 0 1 1 1 0 0 1 1 1 0 0 0 0 1 1 0 1 0 1 1 1 1 1 1 1 0 1 0 0 0 0 0 0 1 0 1 1 1 0 0 0 0 1 1 1 0 0 0 1 1 0 1 0 0 0 1 0 1 1 1 1 0 1 1 0 1 1 1 1 0 1 1 1 1 1 0 1 1 0 1 1 0 0 1 1 1 0 0 0 0 0 1 0 1 0 1 0 0 0 0 0 0 1 0 1 0 1 1 0 1 0 1 1 0 0 1 0 0 0 0 0 0 1 0 0 1 1 1 0 1 1 0 0 0 0 0 1 0 0 1 1 1 0 1 0 0 0 1 1 0 0 0 1 0 1 0 0 0 1 0 0 1 0 1 1 1 0 0 1 1 0 0 1 1 0 0 0 1 0 1 0 1 0 1 0 1 0 0 0 1 0 0 1 0 0 1 1 1 1 1 0 1 0 0 0 0 0 0 0 0 1 0 0 0 1 0 0 1 0 0 1 1 0 1 1 0 0 1 0 0 1 0 1 
quality : 4352
======================================

========== print chromosome ==========
genes : 0 1 1 1 1 1 1 1 0 0 0 0 0 1 0 1 1 1 0 1 0 0 0 0 1 1 0 0 1 1 1 0 0 1 1 1 1 1 0 1 1 0 1 1 1 0 1 1 1 1 1 0 0 0 1 0 1 1 1 0 0 1 1 1 0 1 0 0 0 1 0 0 1 0 0 1 1 1 0 1 0 0 0 0 1 1 0 0 1 0 1 0 1 1 0 1 0 1 1 0 0 1 0 0 0 0 1 0 0 1 1 1 1 1 1 1 0 1 0 1 1 1 1 0 0 0 0 0 0 0 1 1 0 1 0 0 0 1 1 0 1 0 0 1 1 0 1 1 0 0 0 0 0 0 0 0 1 0 0 1 0 1 1 0 1 0 1 1 0 1 0 1 0 1 0 0 1 1 0 1 1 1 0 0 1 1 1 1 0 0 1 1 1 1 0 1 0 1 1 1 0 0 0 0 0 0 1 1 0 1 1 0 1 0 1 1 1 0 0 1 1 0 1 0 0 0 1 1 1 0 0 0 0 0 0 0 0 1 1 1 1 0 0 1 1 1 0 0 1 1 1 1 0 1 1 1 1 0 0 1 0 1 1 0 0 1 1 0 1 1 1 0 0 1 1 1 0 0 1 0 1 1 0 1 0 1 1 1 1 1 1 1 0 1 0 0 0 0 0 0 1 0 1 1 1 0 0 0 0 1 1 1 0 0 0 1 1 0 1 0 0 0 1 0 1 1 1 1 0 1 1 0 1 1 1 1 0 1 1 1 1 1 0 1 1 1 1 1 0 1 1 1 1 0 0 0 0 0 1 0 1 0 1 0 0 0 0 0 0 1 0 1 0 0 1 0 1 0 1 1 0 0 1 0 0 0 0 0 0 1 0 0 1 0 1 0 1 1 0 0 0 0 0 1 0 0 1 1 1 0 1 0 0 0 1 1 0 0 0 0 0 1 0 0 0 1 0 0 1 0 1 1 1 0 0 1 1 0 0 1 1 0 0 0 1 1 1 0 1 0 0 0 1 0 0 0 1 0 0 1 0 0 1 1 1 1 1 0 1 1 0 0 0 0 0 0 0 1 0 0 0 1 0 0 1 0 0 1 1 0 0 1 0 0 1 0 0 1 0 1 
quality : 4352
======================================

========== print chromosome ==========
genes : 0 1 1 1 1 1 1 1 0 0 1 0 0 1 0 1 1 1 0 1 0 0 0 0 1 1 0 0 1 1 1 0 0 1 1 1 1 1 0 1 1 0 1 1 1 0 1 1 1 1 1 0 0 0 1 0 1 1 1 0 0 1 1 1 0 1 0 0 0 1 0 0 1 0 0 1 1 1 0 1 0 0 0 0 1 1 0 0 1 0 1 0 1 1 0 1 0 1 1 0 0 1 0 0 0 0 1 0 0 1 1 1 1 1 1 1 0 1 0 1 1 1 1 0 0 0 0 0 0 0 1 1 0 1 0 0 0 1 1 0 1 0 0 1 1 1 1 1 0 0 0 0 0 0 0 0 1 0 0 1 0 1 1 0 1 0 1 1 0 1 0 1 0 1 0 0 1 1 0 1 1 0 0 0 1 1 1 1 0 0 1 1 1 1 0 1 0 1 1 1 0 0 0 0 0 0 1 1 0 1 1 0 1 0 1 1 1 0 0 1 1 0 1 0 1 0 1 1 1 0 0 0 0 0 0 0 0 1 1 1 1 0 0 1 1 1 0 0 1 1 1 1 0 1 1 1 1 0 0 1 1 1 1 0 0 1 1 0 1 1 1 0 0 1 1 1 0 0 0 0 1 1 0 1 0 1 1 1 1 1 1 1 0 1 0 0 0 0 0 0 1 0 1 1 1 0 0 0 0 0 1 1 0 0 0 1 1 0 1 0 0 0 1 0 1 1 1 1 0 1 1 0 1 1 1 1 0 1 1 1 1 1 0 1 1 1 1 1 0 0 1 1 1 0 0 0 0 0 1 1 1 0 1 0 0 0 0 0 0 1 0 1 0 1 1 0 1 0 1 1 0 0 1 0 0 0 0 0 0 1 0 0 1 0 1 0 1 1 0 0 0 0 0 1 0 0 1 1 1 0 1 0 0 0 1 1 0 0 0 1 0 1 0 0 0 1 0 0 1 0 1 1 1 0 0 1 1 0 0 1 1 0 0 0 1 0 1 0 1 0 1 0 1 0 0 0 1 0 0 1 0 0 1 1 1 1 1 0 1 0 0 0 0 0 0 0 0 1 0 0 0 1 0 0 1 0 0 1 1 0 1 1 0 0 1 0 1 1 0 1 
quality : 4352
======================================

========== print chromosome ==========
genes : 0 1 1 1 1 1 1 1 0 0 0 0 0 1 0 1 1 1 0 1 0 0 0 0 1 1 0 0 1 1 1 0 0 1 1 1 1 1 0 1 1 0 1 1 1 0 1 1 1 1 1 0 0 0 1 0 1 1 1 0 0 1 1 1 0 1 0 0 0 1 0 0 1 0 0 1 1 1 0 1 0 0 0 0 1 1 0 0 1 0 1 0 1 1 0 1 0 1 1 0 0 1 0 0 0 0 1 0 0 1 1 1 1 1 1 1 0 1 0 1 1 1 1 0 0 0 0 0 0 0 1 1 0 1 0 0 0 0 1 0 1 0 0 1 1 1 1 1 0 0 0 0 0 0 0 0 1 0 0 1 0 1 1 0 1 0 1 1 0 1 0 1 0 1 0 0 1 1 0 1 1 1 0 0 1 1 1 1 0 0 1 1 1 1 0 1 0 1 1 1 0 0 0 0 0 0 1 0 0 1 1 0 1 0 1 1 1 0 0 1 1 0 1 0 1 0 1 1 1 0 0 0 0 0 0 0 0 1 1 1 1 0 0 1 1 1 0 0 1 1 1 1 0 1 1 1 1 0 0 1 0 1 1 0 0 1 1 0 1 1 1 0 0 1 0 1 0 0 0 1 1 1 0 1 0 1 1 1 1 1 1 1 0 1 0 0 0 0 0 1 1 0 1 1 1 0 0 0 0 1 1 1 0 0 0 1 1 0 1 0 0 0 1 0 1 1 1 1 0 1 1 0 1 1 1 1 0 1 1 1 1 1 0 1 1 1 1 1 0 0 1 1 1 0 0 0 0 0 1 0 1 0 1 0 0 1 0 0 0 1 0 1 0 1 1 0 1 0 1 1 0 0 1 0 0 0 0 0 0 1 0 0 1 0 1 0 1 1 0 0 0 0 0 1 0 0 1 1 1 0 1 0 0 0 1 1 0 0 1 0 0 1 0 0 0 1 0 0 1 0 1 1 1 0 0 1 1 0 0 1 1 0 0 0 1 0 1 0 1 0 1 0 1 0 0 0 1 0 0 1 0 0 1 1 1 1 1 0 1 0 0 0 0 0 0 0 0 1 0 0 0 1 0 0 1 0 0 1 1 0 1 1 0 0 1 0 0 1 0 1 
quality : 4352
======================================

========== print chromosome ==========
genes : 0 1 1 1 1 1 1 1 0 0 0 0 0 1 0 1 1 1 0 1 0 0 1 0 1 1 0 0 1 1 1 0 0 1 1 1 1 1 0 0 1 0 1 1 1 0 1 1 1 1 1 0 0 0 1 0 1 1 1 0 0 1 1 1 0 1 0 0 0 1 0 0 1 0 0 1 1 1 0 1 0 0 0 0 1 1 0 0 1 0 1 0 1 1 0 1 0 1 1 0 0 1 0 0 0 1 1 0 0 1 1 1 1 1 1 1 0 1 0 1 1 1 1 0 0 0 0 0 0 0 1 1 0 1 0 0 0 1 1 0 1 0 0 1 1 1 1 1 0 0 0 0 0 0 0 0 1 0 0 1 0 1 1 0 1 0 0 1 0 1 1 1 0 1 0 0 1 1 1 1 1 1 0 0 1 1 1 1 0 0 1 1 1 1 0 1 0 1 1 1 0 0 0 0 0 0 1 1 0 1 1 0 1 0 1 1 1 0 0 1 1 0 1 0 1 0 1 1 1 0 0 0 0 0 0 0 0 1 1 1 1 0 0 1 1 1 0 0 1 1 1 1 0 1 1 1 1 0 0 1 0 1 1 0 0 1 1 0 1 1 1 0 0 1 1 1 0 0 0 0 1 1 0 1 0 1 1 1 1 1 1 1 0 1 0 0 0 0 0 0 1 0 1 1 1 0 0 0 0 1 1 1 0 0 0 1 1 0 1 0 0 0 1 0 1 1 1 1 0 1 1 0 1 1 1 1 0 1 1 1 1 1 0 1 1 1 1 1 0 0 1 1 1 0 0 0 0 0 1 0 1 0 1 0 0 1 0 0 0 1 0 1 0 1 1 0 1 0 1 1 0 0 1 0 0 0 0 0 0 1 0 0 1 0 1 0 1 1 0 0 0 0 0 1 0 0 1 1 1 0 1 0 0 0 1 1 0 0 0 0 0 1 0 0 0 1 0 0 1 0 1 1 1 0 0 1 1 0 0 1 1 0 0 0 1 0 1 0 1 0 1 0 1 0 0 0 1 0 0 1 0 0 1 1 1 1 1 0 1 0 0 0 0 0 0 0 0 1 0 0 0 1 0 0 1 0 0 1 1 0 1 1 0 0 1 0 0 1 0 1 
quality : 4353
======================================

========== print chromosome ==========
genes : 0 1 1 1 1 1 1 1 0 0 0 0 0 1 0 1 1 1 0 1 0 0 1 0 1 1 0 0 1 1 1 0 0 1 1 1 1 1 1 0 1 0 1 1 1 0 1 1 1 1 1 0 0 0 1 0 1 1 1 0 0 0 1 1 0 1 0 0 0 1 0 0 1 0 0 1 1 0 1 1 0 0 0 0 1 1 0 0 1 0 1 0 1 0 0 1 0 0 1 0 0 1 0 0 0 0 1 0 0 1 1 1 1 0 1 1 0 1 0 1 1 1 0 0 0 0 0 0 0 0 1 1 0 1 0 0 0 0 1 0 1 0 0 1 1 1 1 1 0 0 0 0 0 0 0 0 1 0 0 1 0 1 1 0 1 0 1 1 0 1 0 1 0 0 0 0 1 1 0 1 1 1 0 0 1 1 1 1 0 0 1 1 0 1 0 1 0 1 1 1 0 0 0 0 0 0 1 1 0 1 1 0 1 0 1 1 1 0 0 1 1 0 1 0 1 0 1 1 1 0 1 0 0 0 0 0 0 1 1 1 0 0 0 1 1 1 0 0 1 1 1 1 0 1 0 0 1 0 0 1 0 1 1 0 0 1 1 0 1 1 1 0 0 1 1 1 0 0 0 0 1 1 0 1 0 1 1 1 1 1 1 1 0 1 0 0 0 0 0 0 1 0 1 0 1 1 0 0 0 0 0 1 0 0 0 1 1 0 1 0 0 0 1 0 1 1 1 1 0 1 1 1 1 1 1 1 0 1 1 1 1 1 0 1 1 1 1 1 0 0 1 1 1 0 0 0 0 0 1 0 1 0 1 0 0 0 0 0 0 1 0 1 0 1 1 0 1 0 1 1 0 0 1 0 0 0 0 0 0 1 0 0 1 0 1 0 1 1 0 0 0 0 0 1 0 0 1 1 1 0 1 0 0 0 1 1 0 0 0 0 0 1 0 0 0 1 0 0 1 0 1 1 1 0 0 1 1 0 0 1 1 0 0 0 1 0 1 0 1 0 1 0 1 0 0 0 1 0 0 1 0 0 1 1 1 1 1 0 1 0 0 0 0 0 0 0 0 1 0 0 0 1 0 0 1 0 0 1 1 0 1 1 0 0 1 0 0 1 0 1 
quality : 4353
======================================

========== print chromosome ==========
genes : 0 1 1 1 1 1 1 1 0 0 0 0 0 1 0 1 1 1 0 1 0 0 1 0 1 1 0 0 0 1 1 0 0 1 1 1 1 1 0 0 1 0 1 1 1 0 1 1 1 1 1 1 0 0 1 0 1 1 1 0 0 1 1 1 0 1 0 0 0 1 0 0 1 0 0 1 1 1 0 1 0 0 0 0 1 1 0 0 1 0 1 0 0 1 0 1 0 1 1 0 1 1 0 0 0 0 1 0 0 1 1 1 1 1 1 1 0 1 0 1 1 1 0 0 0 0 0 0 0 0 1 1 0 1 0 0 0 1 1 0 1 0 0 1 1 1 1 1 0 0 0 0 0 0 0 0 1 0 0 1 0 1 1 0 1 0 1 1 0 1 0 1 0 1 0 0 1 1 0 1 0 1 0 0 1 1 1 1 0 0 1 1 0 1 0 1 0 1 1 1 0 0 0 0 0 0 1 1 0 1 1 0 1 0 1 1 1 0 0 1 1 0 1 0 1 0 1 1 1 0 1 0 1 0 0 0 0 1 1 1 1 0 0 1 1 1 0 0 1 1 1 1 0 1 0 1 1 0 0 0 0 1 1 0 1 1 1 0 1 1 1 0 0 1 1 1 0 0 0 0 1 1 0 1 0 1 1 1 1 1 1 1 0 1 0 0 1 0 0 0 1 0 1 1 1 0 0 0 0 1 1 1 0 0 0 1 1 0 1 0 0 0 1 0 1 1 0 1 0 1 0 0 1 1 1 1 0 1 1 1 1 1 0 1 1 1 0 1 1 0 1 1 1 0 0 1 1 0 1 0 1 0 1 0 0 0 0 0 0 1 0 1 0 1 1 0 1 0 1 1 0 0 1 0 0 0 0 0 0 1 0 0 1 0 1 0 1 1 0 0 0 0 0 1 1 0 1 1 1 0 1 0 0 0 1 1 0 0 0 0 0 1 0 0 0 1 0 0 1 0 1 1 1 0 0 1 1 0 0 1 1 0 0 0 1 0 1 0 1 0 1 0 1 0 0 0 1 0 0 1 0 0 1 0 1 1 1 0 1 0 0 0 0 0 0 0 0 1 0 0 0 1 0 0 1 0 0 1 1 0 1 1 0 0 1 0 0 1 0 1 
quality : 4354
======================================

========== print chromosome ==========
genes : 0 1 1 1 1 1 1 1 0 0 0 0 0 1 0 1 1 1 0 1 0 0 0 0 1 1 0 0 1 1 1 0 0 1 1 1 1 1 0 0 1 0 1 1 1 0 1 1 1 1 1 0 0 0 1 0 1 1 1 0 0 1 1 1 0 1 0 0 0 1 0 0 1 1 0 1 1 1 0 1 0 0 0 0 0 1 0 0 1 0 1 0 1 1 0 1 0 1 1 0 0 1 0 0 0 0 1 0 0 1 1 1 1 1 1 1 0 1 0 1 1 1 0 0 0 0 0 0 0 0 1 1 0 1 0 0 0 1 1 0 1 0 0 1 1 1 1 1 0 0 0 0 0 0 0 0 1 0 0 1 0 1 1 0 1 0 1 1 0 1 0 1 0 1 0 0 1 1 0 1 1 1 0 0 1 1 1 1 0 0 1 1 0 1 0 1 0 1 1 1 0 0 0 0 0 0 1 1 0 1 1 0 1 0 1 1 1 0 0 1 1 0 1 0 1 0 1 1 1 0 1 0 0 0 0 0 0 1 1 1 1 0 0 1 1 1 0 0 1 1 1 1 0 1 0 1 1 0 0 1 0 1 1 0 0 1 1 0 1 1 1 0 0 1 1 1 0 0 0 0 1 1 0 1 0 1 1 1 1 1 1 1 0 1 0 0 0 0 0 0 1 0 1 1 1 0 0 0 0 1 1 1 0 0 0 1 1 0 1 0 0 0 1 0 1 1 1 1 0 1 1 0 1 1 1 1 0 1 1 1 1 1 0 1 1 1 0 1 0 0 1 1 1 0 0 1 0 0 1 0 1 0 1 0 0 0 0 0 0 1 0 1 0 1 1 0 1 0 1 1 0 0 1 0 0 0 0 0 0 1 0 0 1 0 1 0 1 1 0 1 0 0 0 1 0 0 1 1 1 0 1 0 0 0 1 1 0 0 0 0 0 1 0 0 0 1 0 0 1 0 1 1 1 0 0 1 1 0 0 1 1 0 0 0 1 0 1 0 1 0 1 0 1 0 0 0 1 0 0 1 0 0 1 1 1 1 1 0 1 0 0 0 0 0 0 0 0 1 0 0 0 1 0 0 1 0 0 1 1 0 1 1 0 0 1 0 0 1 0 1 
quality : 4354
======================================

========== print chromosome ==========
genes : 0 1 1 1 1 1 1 1 0 0 0 0 0 1 0 1 0 1 0 1 0 0 1 0 1 1 0 0 1 1 1 0 0 1 1 1 1 1 0 0 1 0 1 1 1 0 1 1 1 1 1 0 0 0 1 0 1 1 1 0 0 1 1 1 0 1 0 0 0 1 0 0 1 0 0 1 1 1 0 1 0 0 0 0 1 1 0 0 1 0 1 1 1 1 0 1 0 1 1 0 0 1 0 0 0 1 1 0 0 1 1 1 1 1 1 1 0 1 0 1 1 1 1 0 0 0 0 0 0 0 1 1 0 0 0 0 0 1 1 0 1 1 0 1 1 1 0 1 0 0 0 0 0 0 0 0 1 0 0 1 0 1 1 0 1 0 1 1 0 1 0 1 0 1 0 0 1 1 0 1 1 1 0 0 1 1 1 1 0 0 0 1 1 1 0 1 0 1 1 1 0 0 0 0 0 0 1 1 0 1 1 0 1 0 1 1 1 0 0 1 1 0 1 0 1 1 1 1 1 0 1 0 0 0 0 0 0 1 1 1 1 0 0 1 1 1 0 0 0 1 1 1 0 1 1 1 1 0 0 1 0 1 1 0 0 1 0 0 1 1 1 0 0 1 1 1 0 0 0 0 1 0 0 1 0 1 1 1 1 1 1 1 0 1 0 0 0 0 0 0 1 0 1 1 1 0 0 0 0 1 1 1 0 0 0 1 1 0 1 0 0 0 1 0 1 1 1 1 0 0 1 0 1 1 1 1 0 1 1 1 1 1 0 1 1 1 1 1 0 0 1 1 1 0 0 0 0 0 1 0 1 0 1 0 0 0 0 0 0 1 0 1 0 1 1 0 1 0 1 1 0 0 1 0 0 0 0 0 0 1 0 0 1 0 1 0 1 1 0 0 0 0 0 1 0 0 1 1 1 0 1 0 0 0 1 1 0 0 0 1 0 1 0 0 0 1 0 0 1 0 1 1 1 0 0 1 1 0 0 1 1 0 0 0 1 0 1 0 1 0 1 0 1 0 0 0 1 0 0 1 0 0 1 1 1 1 1 0 1 0 0 0 0 0 0 0 0 1 0 0 0 1 0 0 1 0 0 1 1 0 1 1 0 0 1 0 0 0 0 1 
quality : 4355
======================================

========== print chromosome ==========
genes : 0 1 1 1 1 1 1 1 0 0 0 0 0 1 0 1 1 1 0 1 0 0 1 0 1 1 0 0 1 1 1 0 0 1 1 1 1 1 0 0 1 0 1 0 1 0 1 1 1 1 1 0 0 0 1 0 1 1 1 0 0 1 1 1 0 1 1 0 0 1 0 0 1 0 0 1 1 1 0 1 0 0 0 0 1 1 0 0 1 0 1 0 1 1 0 1 0 1 1 0 0 1 0 0 0 1 1 0 0 1 1 1 1 1 1 1 0 1 0 1 1 1 1 0 0 0 0 0 0 0 1 1 0 1 0 0 0 1 1 0 1 1 0 1 1 1 1 1 0 0 0 0 0 0 0 0 1 0 0 1 0 1 1 0 1 0 1 1 0 1 0 1 0 1 0 0 1 1 0 1 1 1 0 0 1 1 1 1 0 0 1 1 1 1 0 1 0 1 0 1 0 0 0 0 0 0 1 1 1 1 1 0 1 0 1 1 1 0 0 1 1 0 1 0 1 0 1 1 1 0 1 0 0 0 0 0 0 1 1 1 0 0 0 1 0 1 0 0 1 1 1 1 0 1 1 1 1 0 0 1 0 1 1 0 0 1 1 0 1 1 1 0 0 1 1 1 0 0 0 0 1 1 0 1 0 1 1 1 1 1 1 1 0 1 0 0 0 0 0 0 1 0 1 1 1 0 0 0 0 1 1 1 0 0 0 1 1 0 1 0 0 0 1 0 1 1 1 1 0 0 1 0 1 1 1 1 0 1 1 1 1 1 0 1 1 1 1 1 0 0 1 1 1 0 0 0 0 0 1 0 1 0 1 0 0 0 0 0 0 1 0 1 0 1 1 1 1 0 1 1 0 0 1 0 0 0 0 0 0 1 0 0 1 0 1 0 1 1 0 0 0 0 0 1 0 0 1 1 1 0 1 0 0 0 1 1 0 0 0 1 0 1 0 0 0 1 0 0 1 0 1 1 1 0 0 1 1 0 0 1 1 0 0 0 1 0 1 0 1 0 1 0 0 0 0 0 1 0 0 1 0 0 1 1 1 1 1 0 0 0 0 0 0 0 0 0 0 1 0 0 0 1 0 0 1 0 0 1 1 0 1 1 0 0 1 0 0 1 0 1 
quality : 4355
======================================

========== print chromosome ==========
genes : 0 1 1 1 1 1 1 1 0 0 0 0 0 1 0 1 1 1 0 1 0 0 0 0 0 1 0 0 1 1 1 0 0 1 1 1 1 1 0 0 1 0 1 1 1 0 1 1 1 1 1 0 0 0 1 0 1 1 1 0 0 1 1 1 0 1 0 0 0 1 0 0 1 0 0 1 1 1 0 1 0 0 0 0 1 1 0 0 1 0 1 0 1 1 0 1 0 1 1 0 0 1 0 0 0 1 1 0 0 1 1 1 1 1 1 1 0 1 0 1 1 1 0 0 0 0 0 0 0 0 1 1 0 1 0 0 0 1 1 0 1 1 0 1 1 1 1 1 0 0 0 0 0 0 0 0 1 0 0 1 0 1 1 1 1 0 1 1 0 1 0 1 0 1 0 0 1 1 0 1 1 1 0 0 1 1 1 1 0 0 1 1 1 1 0 1 0 1 1 1 0 0 0 0 0 0 1 1 0 1 1 0 1 0 1 1 1 0 0 1 1 0 1 0 1 0 1 1 1 0 1 0 0 0 0 0 0 1 1 1 1 0 0 1 1 1 0 0 1 1 1 1 0 1 1 1 1 0 0 1 0 1 1 0 0 1 1 0 1 1 1 0 0 1 1 1 0 0 0 0 1 1 0 1 0 1 1 1 1 1 1 1 0 1 0 0 0 0 0 0 1 0 1 1 1 0 0 0 0 1 1 1 0 0 0 1 1 0 1 0 0 0 1 0 1 1 1 1 0 0 1 0 1 1 1 1 0 1 1 1 1 1 0 1 1 1 1 1 0 0 1 1 1 0 0 0 0 0 1 0 1 0 1 0 0 0 0 0 0 0 0 1 0 1 1 0 0 0 1 1 0 0 1 0 0 0 0 0 0 1 0 0 1 0 1 0 1 1 0 0 0 0 0 1 0 0 1 1 1 0 1 0 0 0 1 1 0 0 0 1 0 1 0 0 0 1 0 0 1 0 1 1 1 0 0 1 1 0 0 1 1 0 0 0 1 0 1 0 1 0 1 0 1 0 0 0 1 0 0 1 0 0 1 1 1 1 1 0 1 0 0 0 0 0 0 0 0 1 0 0 0 1 0 0 1 0 0 1 1 0 1 1 0 0 1 0 0 1 0 1 
quality : 4355
======================================

========== print chromosome ==========
genes : 0 1 1 1 1 1 1 1 0 0 0 0 0 1 0 1 1 1 0 1 0 0 0 0 1 1 0 0 1 1 1 0 0 1 1 1 1 1 0 1 1 0 1 1 1 0 1 1 1 1 1 0 0 0 0 0 1 1 1 0 0 1 1 1 0 1 1 0 0 1 0 0 1 0 0 1 1 1 0 1 0 0 1 0 1 1 0 0 1 0 0 0 1 1 0 1 0 1 1 0 0 1 0 0 0 0 1 0 0 1 1 1 1 1 1 1 0 1 0 1 1 1 1 0 0 0 0 0 0 0 1 1 0 1 0 0 0 1 1 0 1 0 0 1 1 1 1 1 0 0 0 0 0 0 0 0 1 0 0 1 0 1 1 0 1 0 1 1 0 1 1 1 0 1 0 0 1 1 0 1 1 1 0 0 1 1 1 1 0 0 1 1 1 1 0 1 0 1 1 1 0 0 0 0 0 0 1 1 0 1 1 0 1 0 1 1 1 0 0 1 1 0 1 0 1 0 1 1 1 0 1 0 0 0 0 0 0 1 1 1 1 0 0 1 1 1 0 0 1 1 1 1 0 1 1 1 1 0 0 1 0 1 1 0 0 1 1 0 1 1 1 0 0 1 1 1 0 0 0 0 1 1 0 1 0 1 1 1 1 1 1 1 0 1 0 0 0 0 0 0 1 0 1 1 1 0 0 0 0 1 1 1 0 0 0 1 1 0 1 0 0 0 1 0 1 1 1 1 0 0 1 0 1 1 1 1 0 1 1 1 1 1 0 1 1 1 1 1 0 0 1 1 1 0 0 0 0 0 1 0 1 0 1 0 0 0 0 0 0 1 0 1 0 1 1 0 1 0 1 1 0 0 1 0 0 0 0 0 0 1 0 0 1 0 1 0 1 1 0 0 0 0 0 1 0 0 1 1 1 0 1 0 0 0 1 1 0 0 0 1 0 1 0 0 0 1 0 0 1 0 1 1 1 0 0 1 1 0 0 1 1 0 0 0 1 0 1 0 1 0 1 0 1 0 0 0 1 0 0 1 0 0 1 1 1 1 1 0 1 0 0 0 0 0 0 0 0 1 0 0 0 1 0 0 1 0 0 1 1 0 1 1 0 0 0 0 0 1 0 1 
quality : 4355
======================================

========== print chromosome ==========
genes : 0 1 1 1 1 1 1 1 0 0 0 0 0 1 0 1 1 1 0 1 0 0 1 0 1 1 0 0 1 1 1 0 0 1 1 1 1 1 0 0 1 0 1 1 1 0 1 1 1 1 1 0 0 0 1 0 1 1 1 0 0 1 1 1 0 1 0 0 0 1 0 0 1 0 0 1 1 1 0 1 0 0 0 0 1 1 0 0 1 0 1 0 1 1 0 1 0 1 1 0 0 1 0 0 0 1 1 0 0 1 1 1 1 1 1 1 0 1 0 1 1 1 1 0 0 0 0 0 0 0 1 1 0 1 0 0 0 1 1 0 1 1 0 1 1 1 1 0 0 0 0 0 0 0 0 0 1 0 0 1 0 1 1 0 1 0 1 1 0 1 0 1 0 1 0 0 1 1 0 1 1 1 0 0 1 1 1 1 0 0 1 1 1 1 0 1 0 1 1 1 0 1 0 0 0 0 1 1 0 1 1 0 1 0 1 1 1 0 0 1 1 0 1 0 1 0 1 1 1 0 1 0 0 0 0 0 0 1 1 1 1 0 0 1 1 1 0 0 1 1 1 1 0 1 1 1 1 0 0 1 0 1 0 0 0 1 1 1 1 1 1 0 0 1 1 1 0 0 0 0 1 1 0 1 0 1 1 1 1 1 1 1 0 1 0 0 0 0 0 0 1 0 1 1 1 0 0 0 0 0 1 1 0 0 0 1 1 0 1 0 0 0 1 0 1 1 1 1 0 0 1 0 1 1 1 1 0 1 1 1 1 1 0 1 1 1 1 1 0 0 1 1 1 0 0 0 0 0 1 0 1 0 1 0 0 0 0 0 0 1 0 1 0 1 1 0 1 0 1 1 0 0 1 0 0 0 0 0 0 1 0 0 1 0 1 0 1 1 0 0 0 0 0 1 0 0 1 1 1 0 1 0 0 0 1 1 0 0 0 1 0 1 0 0 0 1 0 0 1 0 1 1 1 0 0 1 1 0 0 1 1 0 0 0 1 0 1 0 1 0 1 0 1 0 0 0 1 0 0 1 0 0 1 1 1 1 1 0 1 0 0 0 0 0 0 0 0 1 0 0 0 1 0 0 1 0 0 1 1 0 1 1 0 0 1 0 0 1 0 1 
quality : 4355
======================================

========== print chromosome ==========
genes : 0 1 1 1 1 1 1 1 0 0 0 0 0 1 0 1 1 1 0 1 0 0 1 0 1 1 0 0 0 1 1 0 0 1 1 1 1 1 0 0 1 0 1 1 1 0 1 1 1 1 1 0 0 0 1 0 1 1 1 0 0 1 1 1 0 1 0 0 0 1 0 0 1 1 0 1 1 0 0 1 0 0 0 0 1 1 0 0 1 1 1 0 1 1 0 1 1 1 1 0 0 1 0 0 0 0 1 0 0 1 1 1 1 1 1 1 0 1 0 1 1 1 1 0 0 0 0 0 0 0 1 1 0 1 0 0 0 1 1 0 1 0 0 1 1 1 1 1 0 0 0 0 0 0 0 0 1 0 0 1 0 1 1 0 1 0 1 1 0 1 0 1 0 1 0 0 1 1 0 1 1 1 0 0 1 1 1 1 0 0 1 1 0 1 0 1 0 1 1 1 0 0 0 0 0 0 1 1 0 1 1 0 1 0 1 1 1 0 0 1 1 0 1 0 1 0 1 1 1 0 0 0 0 0 0 0 0 1 0 1 1 0 0 1 1 1 0 0 1 1 1 1 0 1 0 1 1 0 0 1 0 1 1 0 0 1 1 0 1 1 1 0 0 1 1 1 0 0 0 0 1 1 0 1 0 1 1 1 1 1 1 1 0 1 0 0 0 0 0 0 1 0 1 1 1 0 0 0 0 1 1 1 0 0 0 1 1 0 1 1 0 0 1 0 1 1 1 1 0 1 1 0 1 1 1 1 0 1 1 1 1 1 0 1 1 1 1 1 0 0 1 1 1 0 0 0 0 0 1 0 1 0 1 0 0 0 0 0 0 1 0 1 0 1 1 0 1 0 1 1 0 0 1 0 0 0 0 0 0 1 0 0 1 0 1 0 1 1 0 0 1 0 1 1 0 0 1 1 1 0 1 0 0 0 1 1 0 0 0 0 0 1 0 0 0 1 0 0 1 0 1 1 1 0 0 1 1 0 0 1 1 0 0 0 1 0 1 0 1 0 1 0 1 0 0 0 1 0 0 1 0 0 1 0 1 1 1 0 1 0 0 0 0 0 0 0 0 1 0 0 0 1 0 0 1 0 0 1 1 0 1 1 0 0 0 0 0 1 0 1 
quality : 4357
======================================

========== print chromosome ==========
genes : 0 1 1 1 1 1 1 1 0 0 0 0 0 1 0 1 1 1 0 1 1 0 0 0 1 1 0 0 1 1 1 0 0 1 0 0 1 1 0 1 1 0 1 1 1 0 1 1 1 1 1 0 0 0 1 0 1 1 1 0 0 1 1 1 0 1 0 0 0 1 0 0 1 0 0 1 1 1 0 1 0 0 0 0 1 1 0 0 1 0 1 0 1 1 0 0 0 1 1 0 1 1 0 0 0 0 1 0 0 1 1 0 1 1 1 1 0 1 0 1 1 1 1 0 0 0 0 0 0 0 0 1 0 1 0 1 0 1 1 0 1 0 0 1 1 1 1 1 0 0 0 0 0 0 0 0 1 0 0 1 0 0 1 1 1 0 1 1 0 1 0 1 0 1 0 0 1 1 0 1 1 1 0 0 1 1 0 1 0 0 1 1 0 1 0 1 0 1 1 1 0 0 0 0 0 0 1 1 0 1 1 0 1 0 1 1 1 0 0 1 0 0 1 0 1 0 1 1 1 0 1 0 0 0 0 0 0 1 1 1 1 0 0 1 1 1 0 0 1 1 1 1 0 1 0 1 1 0 0 1 0 1 1 0 0 1 1 0 1 1 1 0 0 1 1 1 0 0 0 0 1 1 0 1 0 1 1 1 1 1 1 1 0 1 0 0 0 0 0 0 1 0 1 1 1 0 0 0 0 0 1 1 0 0 0 1 1 0 1 0 0 0 1 0 1 1 1 1 0 0 1 0 1 1 1 1 0 1 1 1 1 1 0 1 1 1 1 0 0 0 1 1 1 0 0 0 0 0 1 0 1 0 1 0 0 1 0 0 0 1 0 1 0 1 1 0 1 0 1 1 0 0 1 0 0 0 0 0 0 1 0 0 1 0 1 0 1 1 0 1 0 0 0 1 0 0 1 1 1 0 1 0 0 0 1 1 0 0 0 1 0 1 0 0 0 1 0 0 1 0 1 1 1 0 0 1 1 0 0 1 0 0 0 0 1 0 1 0 1 0 1 0 0 0 0 1 0 0 0 1 0 0 1 1 1 1 1 0 1 0 0 0 0 0 0 0 1 1 0 0 0 1 0 0 1 0 0 1 1 0 1 1 0 0 1 0 0 1 0 1 
quality : 4358
======================================

========== print chromosome ==========
genes : 0 1 1 1 0 1 1 1 0 0 0 0 0 1 0 1 1 1 0 1 0 0 1 0 1 1 0 0 1 1 1 1 0 1 1 1 1 1 0 0 1 0 1 1 1 0 1 1 1 1 1 0 0 0 1 0 1 1 1 0 0 1 1 1 0 0 0 0 0 1 0 0 1 0 0 1 0 1 0 1 0 0 0 0 1 1 0 0 1 0 1 0 1 1 0 1 0 1 1 0 0 1 0 0 0 1 1 0 0 1 1 1 1 1 1 1 0 1 0 1 1 1 1 0 1 0 0 0 0 0 1 1 0 1 0 0 0 1 1 0 1 0 0 1 1 1 1 1 0 1 0 0 0 0 0 0 1 0 0 1 0 1 1 0 1 0 1 1 0 1 0 1 0 1 0 0 1 1 0 1 1 1 0 0 1 1 1 1 0 0 1 1 1 1 0 1 0 1 1 1 0 0 0 0 0 0 1 1 0 1 1 0 1 0 1 1 1 0 0 1 1 0 1 0 1 0 1 1 1 0 1 0 0 0 0 0 0 1 1 1 1 0 0 1 1 1 0 0 1 1 1 1 0 1 1 1 1 0 0 1 0 1 1 0 0 1 1 0 1 1 1 0 0 1 1 1 0 0 0 0 1 1 0 1 0 1 1 1 1 1 1 1 0 1 0 0 0 0 0 0 1 0 1 1 1 0 0 1 0 1 1 1 0 0 0 1 0 0 1 0 0 0 1 0 1 1 1 1 0 0 1 0 0 1 1 1 0 1 1 1 1 1 0 1 1 1 1 1 0 0 1 1 1 0 0 0 0 0 1 0 1 0 1 0 0 1 0 0 0 1 0 1 0 1 1 0 1 0 1 1 0 0 1 0 0 0 0 0 0 1 0 0 1 0 1 0 1 1 0 0 0 0 0 1 0 0 1 1 1 0 1 0 0 0 1 1 0 0 0 1 0 1 0 0 0 1 0 0 1 0 1 1 1 0 0 1 1 0 0 1 1 0 0 0 1 0 1 0 1 0 1 0 1 0 0 0 1 0 0 1 0 0 1 1 1 1 1 0 1 0 0 0 0 0 0 0 0 1 0 1 0 1 0 0 1 0 0 1 1 0 1 1 0 0 1 0 0 1 0 1 
quality : 4358
======================================

========== print chromosome ==========
genes : 0 1 1 1 0 1 1 1 0 0 0 0 0 1 0 1 1 1 0 1 0 0 0 0 1 1 0 0 1 1 1 0 0 1 1 1 1 1 0 1 1 0 1 1 1 0 1 1 1 1 1 0 0 0 1 0 1 1 1 0 0 1 1 1 0 1 0 0 0 1 0 0 1 0 0 1 1 1 0 1 0 0 0 0 0 1 0 0 1 0 1 0 1 1 0 1 0 0 1 0 0 1 0 0 0 0 1 0 0 1 1 1 1 1 1 1 0 1 0 1 1 1 1 0 0 0 0 0 0 1 1 1 0 1 0 0 0 1 1 0 1 0 0 1 1 0 1 1 0 0 0 0 0 0 0 0 1 0 0 1 0 1 1 0 1 0 1 1 0 1 0 1 0 1 0 0 1 1 0 1 1 1 0 0 1 1 1 1 0 0 1 1 1 1 0 1 0 1 1 1 0 0 0 0 0 0 1 1 0 1 1 0 0 0 1 1 1 0 0 1 1 0 1 0 1 0 1 1 1 0 0 0 0 0 0 0 0 1 1 1 1 0 0 1 1 1 0 0 1 1 1 1 0 1 0 1 1 0 0 1 0 1 1 0 0 1 1 0 1 1 1 0 0 1 1 1 0 0 0 0 1 1 0 1 0 1 1 1 1 1 1 1 0 1 0 0 0 0 0 0 1 0 1 1 1 0 0 0 0 1 1 1 0 0 0 1 1 0 1 1 0 0 1 0 1 1 1 1 0 1 1 0 1 1 1 1 0 1 1 1 1 1 0 1 1 1 1 1 0 0 1 1 1 0 0 0 1 0 1 0 1 0 1 0 0 0 0 0 0 1 0 1 0 1 1 0 1 0 1 1 0 0 1 0 0 0 0 0 0 1 0 0 1 0 1 0 1 1 0 0 0 0 0 1 0 0 1 1 1 0 1 0 0 0 1 1 0 0 0 1 0 1 1 0 0 1 0 0 1 1 1 1 1 0 0 1 1 0 0 1 1 0 0 0 1 0 1 0 1 0 1 0 0 0 0 0 1 0 0 1 0 0 1 1 1 1 1 0 1 0 0 0 0 0 0 0 0 0 0 0 0 1 0 0 1 0 0 1 1 0 1 1 0 0 1 0 0 1 0 1 
quality : 4364
======================================

========== print final result ==========
Generations evolved: 459706
Best quality: 4364
Mean quality: 4344.839844
Standard deviation: 29.571491
======================================

2 3 4 6 7 8 14 16 17 18 20 25 26 29 30 31 34 35 36 37 38 40 41 43 44 45 47 48 49 50 51 55 57 58 59 62 63 64 66 70 73 76 77 78 80 86 89 91 93 94 96 99 102 107 110 111 112 113 114 115 116 118 120 121 122 123 130 131 132 134 138 139 141 144 145 147 148 157 160 162 163 165 167 168 170 172 174 177 178 180 181 182 185 186 187 188 191 192 193 194 196 198 199 200 207 208 210 211 215 216 217 220 221 223 225 227 228 229 238 239 240 241 244 245 246 249 250 251 252 254 256 257 260 262 263 266 267 269 270 271 274 275 276 281 282 284 286 287 288 289 290 291 292 294 301 303 304 305 310 311 312 316 317 319 320 323 325 326 327 328 330 331 333 334 335 336 338 339 340 341 342 344 345 346 347 348 351 352 353 357 359 361 363 370 372 374 375 377 379 380 383 390 393 395 397 398 404 407 408 409 411 415 416 420 422 423 426 429 430 431 432 433 436 437 440 441 445 447 449 451 457 460 463 464 465 466 467 469 482 485 488 489 491 492 495 498 500 