========== print final result ==========
Generations evolved: 26294432
Best quality: 98
Mean quality: 97.839996
Standard deviation: 0.553775
======================================

Number of population: 25

========== print chromosome ==========
genes : 1 1 0 0 1 0 1 0 1 0 0 0 1 0 0 1 0 1 1 1 0 0 0 1 1 1 1 0 0 0 0 0 1 0 1 1 1 0 1 1 1 1 0 1 1 0 1 0 1 1 
quality : 98
======================================

========== print chromosome ==========
genes : 1 1 0 0 1 0 1 0 1 0 0 0 1 0 0 1 0 1 1 1 0 0 0 1 1 1 1 0 0 0 0 0 1 0 1 1 0 0 1 1 1 1 0 1 1 0 1 0 1 0 
quality : 98
======================================

========== print chromosome ==========
genes : 1 1 0 0 1 0 1 0 1 0 0 0 1 0 0 1 0 1 1 1 0 0 0 1 1 1 1 0 0 0 0 0 1 0 1 1 0 0 1 1 1 1 0 1 1 0 1 0 0 0 
quality : 96
======================================

========== print chromosome ==========
genes : 1 1 0 0 0 0 1 0 1 0 0 0 1 0 0 1 0 1 1 0 0 0 0 1 1 1 1 0 0 0 0 0 1 0 1 1 1 0 1 1 1 1 1 1 1 0 1 0 1 0 
quality : 96
======================================

========== print chromosome ==========
genes : 1 1 0 0 1 0 1 0 1 0 0 0 1 0 0 1 0 1 1 1 0 0 0 1 1 1 1 0 0 0 0 0 1 0 1 1 0 0 1 1 1 1 0 1 1 0 1 0 1 0 
quality : 98
======================================

========== print chromosome ==========
genes : 1 1 0 0 1 0 1 0 1 0 0 0 1 0 0 1 0 1 1 1 0 0 0 1 1 1 1 0 0 0 0 0 1 0 1 1 0 0 1 1 1 1 0 1 1 0 1 0 1 0 
quality : 98
======================================

========== print chromosome ==========
genes : 1 1 0 0 1 0 1 0 1 0 0 0 1 0 0 1 0 1 1 1 0 0 0 1 1 1 1 0 0 0 0 0 1 0 0 1 0 0 1 1 1 1 0 1 1 0 1 0 1 0 
quality : 98
======================================

========== print chromosome ==========
genes : 1 1 0 0 1 0 1 0 1 0 0 0 1 0 0 1 0 1 1 1 0 0 0 1 1 1 1 0 0 0 0 0 1 0 1 1 0 0 1 1 1 1 0 1 1 0 1 0 1 0 
quality : 98
======================================

========== print chromosome ==========
genes : 1 1 0 0 1 0 1 0 1 0 0 0 1 0 0 1 0 1 1 1 0 0 1 1 1 1 1 0 0 0 0 0 1 0 1 1 0 0 1 0 1 1 0 1 1 0 1 0 1 0 
quality : 98
======================================

========== print chromosome ==========
genes : 1 1 0 0 1 0 1 0 1 0 0 0 1 0 0 1 0 1 1 1 0 0 0 1 1 1 1 0 0 0 0 0 1 0 1 1 0 0 1 1 1 1 0 1 1 0 1 0 1 0 
quality : 98
======================================

========== print chromosome ==========
genes : 1 1 0 0 1 0 1 0 1 0 0 0 1 0 0 1 0 1 1 1 0 0 0 1 1 1 1 0 0 0 0 0 1 0 1 1 0 0 1 1 1 1 0 1 1 0 1 0 1 0 
quality : 98
======================================

========== print chromosome ==========
genes : 1 1 0 0 1 0 1 0 1 0 0 0 1 0 0 1 0 1 1 1 0 0 0 1 1 1 1 0 0 0 0 0 1 0 1 1 0 0 1 1 1 1 0 1 1 0 1 0 1 0 
quality : 98
======================================

========== print chromosome ==========
genes : 1 1 0 0 1 0 1 0 1 0 0 0 1 0 0 1 0 1 1 1 0 0 0 1 1 1 1 0 0 0 0 0 1 0 1 1 0 0 1 1 1 1 0 1 1 0 1 0 1 0 
quality : 98
======================================

========== print chromosome ==========
genes : 1 1 0 0 1 0 1 0 1 0 0 0 1 0 1 1 0 1 1 1 0 0 0 1 1 1 1 0 0 0 0 0 1 0 1 1 0 0 1 1 1 1 0 1 1 0 1 0 0 0 
quality : 98
======================================

========== print chromosome ==========
genes : 1 1 0 0 1 0 1 0 1 0 0 0 1 0 0 1 0 1 1 1 0 0 0 1 1 1 1 0 0 0 0 0 1 0 1 1 0 0 1 1 1 1 0 1 1 0 1 0 1 0 
quality : 98
======================================

========== print chromosome ==========
genes : 1 1 0 0 1 0 1 0 1 0 0 0 1 0 0 1 0 1 1 1 0 0 0 1 1 1 1 0 0 0 0 0 1 0 1 1 0 0 1 1 1 1 0 1 1 0 1 0 1 0 
quality : 98
======================================

========== print chromosome ==========
genes : 1 1 0 0 1 0 1 0 1 0 0 0 1 0 0 1 0 1 1 1 0 0 0 1 1 1 1 0 0 0 0 0 1 0 1 1 0 0 1 1 1 1 0 1 1 0 1 0 1 0 
quality : 98
======================================

========== print chromosome ==========
genes : 1 1 0 0 1 0 1 0 1 0 0 0 1 0 0 1 0 1 1 1 0 0 0 1 1 1 1 0 0 0 0 0 1 0 1 1 0 0 1 1 1 1 1 1 1 0 1 0 1 0 
quality : 98
======================================

========== print chromosome ==========
genes : 1 1 0 0 1 0 1 0 1 0 0 0 1 0 0 1 0 1 1 1 0 0 0 1 1 1 1 0 0 0 0 0 1 0 1 1 0 0 1 1 1 1 0 1 1 0 1 0 1 0 
quality : 98
======================================

========== print chromosome ==========
genes : 1 1 0 0 1 0 1 0 1 0 0 0 1 0 0 1 0 1 1 1 0 0 0 1 1 1 1 0 0 0 0 0 1 0 1 1 0 1 1 1 1 1 0 1 1 0 1 0 1 0 
quality : 98
======================================

========== print chromosome ==========
genes : 1 1 0 0 1 0 1 0 1 0 0 0 1 0 0 1 0 1 1 1 0 0 0 1 1 1 1 0 0 0 0 0 1 0 1 1 0 0 1 1 1 1 0 1 1 0 1 0 1 0 
quality : 98
======================================

========== print chromosome ==========
genes : 1 1 0 0 1 0 1 0 1 0 0 0 1 0 0 1 0 1 1 1 0 0 0 1 1 1 1 0 0 0 0 0 1 0 1 1 0 0 1 1 1 1 0 1 1 0 1 0 1 0 
quality : 98
======================================

========== print chromosome ==========
genes : 1 1 0 0 1 0 1 1 1 0 0 0 1 0 0 1 0 1 1 1 0 0 0 1 1 1 1 0 0 0 0 0 1 0 1 0 0 0 1 1 1 1 0 1 1 0 1 0 1 0 
quality : 98
======================================

========== print chromosome ==========
genes : 1 1 0 0 1 0 1 0 1 0 0 0 1 0 0 1 0 1 1 1 0 0 0 1 1 1 1 0 0 0 0 0 1 0 1 1 0 0 1 1 1 1 0 1 1 0 1 0 1 0 
quality : 98
======================================

========== print chromosome ==========
genes : 1 1 0 0 1 0 1 0 1 0 0 0 1 0 0 1 0 1 1 1 0 0 0 1 1 1 1 0 0 0 0 0 1 0 1 1 0 0 1 1 1 1 0 1 1 0 1 0 1 0 
quality : 98
======================================

========== print final result ==========
Generations evolved: 26294432
Best quality: 98
Mean quality: 97.839996
Standard deviation: 0.553775
======================================

1 2 5 7 9 13 16 18 19 20 24 25 26 27 33 35 36 39 40 41 42 44 45 47 49 