========== print final result ==========
Generations evolved: 3320768
Best quality: 7888
Mean quality: 7475.359863
Standard deviation: 1015.762939
======================================

Number of population: 25

========== print chromosome ==========
genes : 0 0 0 0 0 1 1 1 0 1 1 0 1 0 0 0 0 0 0 0 1 0 0 0 0 0 1 1 1 1 0 1 0 1 0 0 0 0 0 1 0 0 0 1 1 0 0 1 0 1 1 1 0 0 0 0 1 0 0 0 0 0 0 0 0 0 1 0 1 0 1 0 0 0 1 0 0 0 1 1 1 1 0 0 0 1 0 0 1 0 0 0 0 1 0 0 1 0 0 0 0 0 1 0 0 1 0 0 1 1 0 0 0 0 1 0 1 0 1 1 0 0 1 0 0 1 0 0 0 1 1 0 0 1 0 0 0 0 0 0 1 1 1 0 1 0 1 0 0 0 1 0 0 1 0 1 0 0 1 0 1 1 0 0 0 1 0 0 1 0 1 0 0 0 0 0 0 1 1 1 0 1 1 0 1 0 0 0 1 0 1 1 0 1 1 0 0 1 1 1 1 0 0 0 0 1 0 1 1 0 1 0 0 1 0 0 0 0 0 0 1 1 0 1 0 0 1 0 0 0 0 0 0 0 0 1 0 0 0 1 0 1 0 0 1 1 0 1 1 0 0 0 1 1 1 0 0 0 1 1 0 0 0 0 0 1 1 0 0 0 0 1 0 1 0 1 1 0 1 1 0 0 0 1 1 1 1 0 0 1 0 1 1 0 1 0 0 
quality : 6500
======================================

========== print chromosome ==========
genes : 0 0 0 0 0 1 1 1 0 1 1 0 1 1 0 0 0 0 0 0 1 0 0 1 0 0 1 1 1 1 0 1 0 1 0 0 0 1 0 1 0 0 0 0 1 0 0 1 0 1 1 1 0 0 0 0 1 0 0 0 0 0 0 0 0 0 1 0 1 0 1 0 0 0 1 0 0 0 1 1 1 1 0 0 0 1 0 0 0 0 0 0 0 1 0 0 1 0 0 0 0 0 1 0 0 1 0 0 1 0 0 0 0 0 1 0 1 0 1 0 0 0 1 0 0 1 0 0 0 1 1 0 0 1 0 0 0 0 0 0 1 1 1 0 0 0 1 1 0 0 1 1 0 1 0 1 0 0 1 0 1 1 0 0 0 1 0 0 1 0 1 0 0 0 0 0 0 0 1 1 0 1 1 0 0 0 0 0 1 0 1 1 0 1 1 0 0 0 1 0 1 0 1 0 0 0 0 1 1 0 1 0 0 1 0 0 0 0 0 1 1 1 0 1 0 0 1 0 0 0 0 0 1 0 0 1 0 0 0 1 1 1 0 0 1 1 0 1 1 0 0 0 0 1 1 0 0 0 1 1 0 0 0 0 0 1 1 0 0 0 0 0 0 0 0 0 1 0 0 1 0 0 0 1 1 1 1 0 0 1 1 1 1 0 1 1 0 
quality : 4380
======================================

========== print chromosome ==========
genes : 0 0 0 0 0 1 1 1 0 1 1 0 1 0 0 0 0 0 0 0 1 0 1 1 0 0 1 1 1 1 0 1 0 1 0 0 0 0 0 1 0 0 0 0 1 0 0 1 1 1 1 1 0 0 0 0 1 0 0 0 0 0 0 0 0 0 1 0 1 0 1 0 0 0 1 0 0 0 1 0 1 1 0 0 0 1 0 0 0 0 0 0 0 1 0 0 1 0 0 0 0 0 1 0 0 1 0 0 1 1 0 0 0 0 1 0 1 0 1 1 0 0 1 0 0 1 0 0 0 1 1 0 0 1 0 0 0 0 0 0 1 0 1 0 0 0 1 0 0 0 1 1 0 1 0 1 0 0 1 0 1 1 0 0 0 1 0 0 0 0 1 0 0 0 1 0 0 0 1 1 0 1 1 0 1 0 0 1 1 0 1 1 0 1 1 0 0 1 1 1 1 0 0 0 0 1 0 1 1 0 1 0 0 1 0 0 0 0 0 1 1 1 0 1 0 0 1 0 0 0 0 0 1 0 1 1 0 0 0 1 1 1 0 0 1 1 1 1 1 0 1 0 1 1 1 0 0 0 1 1 0 0 0 0 0 1 1 0 0 0 0 0 0 1 0 1 1 0 1 1 0 1 0 1 1 1 1 0 0 1 0 1 1 0 1 0 0 
quality : 4956
======================================

========== print chromosome ==========
genes : 0 0 0 0 0 1 1 1 0 1 1 0 1 0 0 0 0 0 0 0 1 0 0 1 0 0 1 1 1 1 0 1 0 1 0 0 0 0 0 1 0 0 0 0 1 0 0 1 0 1 1 1 0 0 0 0 1 0 0 0 0 0 0 0 0 0 1 0 1 0 1 0 0 0 1 0 0 0 1 1 1 1 0 0 0 1 0 0 0 0 0 0 0 1 0 0 1 0 0 0 0 0 1 0 0 1 0 0 1 1 0 0 0 0 1 0 1 0 1 1 0 1 1 0 0 1 0 0 0 1 1 0 0 1 0 0 0 0 0 0 1 0 1 0 0 0 1 0 0 0 1 1 0 1 0 1 0 0 1 0 1 1 0 0 0 1 0 0 0 0 1 0 0 0 1 0 0 0 1 1 0 1 1 0 1 0 0 0 1 0 1 1 0 1 1 0 0 1 1 1 1 0 0 0 0 1 0 1 1 0 1 0 0 1 0 0 0 0 0 1 1 1 0 1 0 0 1 0 0 0 0 0 1 0 1 1 0 0 0 1 1 0 0 0 1 1 0 1 1 0 0 0 1 1 1 0 0 0 1 1 0 0 0 0 0 1 1 0 0 0 0 0 0 1 0 1 1 0 1 1 0 1 0 1 1 1 1 0 0 1 0 1 1 0 1 0 0 
quality : 5400
======================================

========== print chromosome ==========
genes : 0 0 1 0 0 1 1 1 0 1 1 0 1 0 0 0 0 0 0 0 1 1 0 1 0 0 1 1 1 1 0 1 0 1 0 0 0 0 0 1 0 0 0 0 1 0 0 1 0 1 1 1 0 0 0 0 1 0 0 0 0 0 0 0 0 0 1 0 1 0 1 0 1 0 1 0 0 0 1 1 1 1 0 0 0 1 0 0 0 0 0 0 0 1 0 0 1 0 0 0 0 0 1 0 0 1 0 0 1 1 0 0 0 0 0 0 1 0 1 1 0 0 1 0 0 1 0 0 0 1 1 0 0 1 0 0 0 0 0 0 1 1 1 0 0 0 1 0 0 0 1 1 0 1 0 1 0 0 1 0 1 1 0 0 1 1 0 0 1 0 1 0 0 0 0 0 0 0 1 1 0 1 1 0 1 0 0 0 1 0 1 1 0 1 1 0 0 1 1 1 1 0 1 0 0 1 0 1 1 0 1 0 0 1 0 0 0 0 0 1 1 1 0 1 0 0 1 0 0 0 0 0 1 0 0 1 0 0 0 1 0 1 0 0 1 1 0 1 1 0 0 0 1 1 1 0 0 0 1 1 0 0 0 0 0 1 1 0 0 0 0 0 0 1 0 1 1 0 1 1 0 0 0 1 1 1 1 0 0 1 0 1 1 0 1 0 0 
quality : 7888
======================================

========== print chromosome ==========
genes : 0 0 0 0 0 1 1 0 0 1 1 0 1 0 0 0 0 0 0 0 0 0 0 0 0 0 1 1 1 1 0 1 0 1 0 0 0 0 0 1 0 0 0 0 1 0 0 1 0 1 1 1 0 0 0 0 1 0 0 0 0 0 0 0 0 0 1 0 1 0 1 0 0 0 1 0 0 0 1 1 1 1 0 0 0 1 0 0 0 0 0 0 0 0 0 0 1 0 0 0 0 0 1 0 0 1 0 0 1 1 0 0 0 0 1 0 1 0 1 1 0 0 1 0 0 1 0 0 0 1 1 0 0 1 0 0 0 0 0 0 1 1 1 0 0 0 1 0 0 0 1 1 0 1 0 1 0 0 1 0 1 1 0 0 0 1 0 0 1 0 1 0 0 0 0 0 0 0 0 1 0 1 1 0 0 0 0 0 1 0 1 1 0 1 1 0 0 1 1 0 1 0 1 0 0 1 0 1 1 0 1 0 0 1 0 0 0 0 0 1 1 1 0 1 0 0 1 0 0 0 0 0 1 0 0 1 0 0 0 1 1 1 0 0 1 1 0 1 1 0 0 0 1 1 1 0 0 0 1 1 0 0 0 0 0 1 1 0 0 0 0 0 0 1 0 1 1 0 0 1 0 0 0 1 1 1 1 0 0 1 1 1 1 0 1 0 0 
quality : 7888
======================================

========== print chromosome ==========
genes : 0 0 0 0 0 1 1 1 0 1 1 0 1 0 0 0 0 0 0 0 1 0 0 1 0 0 1 1 1 1 0 1 0 1 0 0 0 0 0 1 0 0 0 0 1 0 0 1 0 1 1 1 0 0 0 0 1 0 0 0 0 0 0 0 0 0 1 0 1 0 1 0 0 0 1 0 0 0 1 1 1 1 0 0 0 1 0 0 0 0 0 0 0 1 0 0 1 0 0 0 0 0 1 0 0 1 0 0 1 1 0 0 0 0 1 0 1 0 1 1 0 0 1 0 0 1 0 0 0 1 1 0 0 1 0 0 0 0 0 0 1 1 1 0 0 0 1 0 0 0 1 1 0 1 0 1 0 0 1 0 1 1 0 0 0 1 0 0 1 0 1 0 0 0 0 0 0 0 1 1 0 1 1 0 1 0 0 0 1 0 1 1 0 1 1 0 0 1 1 1 1 0 1 0 0 1 0 1 1 0 1 0 0 1 0 0 0 0 0 1 1 1 0 1 0 0 1 0 0 0 0 0 1 0 0 1 0 0 0 1 1 1 1 0 1 1 0 1 1 0 0 0 1 1 1 0 0 0 1 1 0 0 0 0 0 1 1 0 0 0 0 0 0 1 0 1 1 0 1 1 0 0 0 1 1 1 1 0 0 1 0 1 1 0 1 0 1 
quality : 7888
======================================

========== print chromosome ==========
genes : 0 0 0 0 0 1 1 1 0 1 1 0 1 1 0 0 0 0 0 0 1 0 0 1 0 0 1 1 1 1 1 1 0 1 0 0 0 0 0 1 0 0 0 0 1 0 0 1 0 1 1 1 0 0 0 0 1 0 0 0 0 0 0 0 0 0 1 0 1 0 1 0 0 0 1 0 0 0 1 1 1 1 0 0 0 1 0 0 0 0 0 0 0 1 0 0 1 0 0 0 0 0 1 0 0 1 0 0 1 1 0 0 0 0 1 0 1 0 1 1 0 0 1 0 0 1 0 0 0 1 1 0 0 1 0 0 0 0 0 0 1 1 1 0 0 0 1 0 0 0 1 1 0 1 0 1 0 0 1 0 1 1 0 0 0 1 0 0 1 0 1 0 0 0 0 1 0 0 1 1 0 1 1 0 1 0 0 0 1 0 1 1 0 1 1 0 0 1 1 1 1 0 1 0 0 1 0 1 1 0 1 0 0 1 0 0 0 0 0 1 1 1 0 1 0 0 1 0 0 0 0 0 1 0 0 1 0 0 0 1 1 1 0 0 1 1 0 1 1 0 0 0 1 1 1 0 0 0 1 1 0 0 0 0 0 1 1 0 0 0 0 0 0 1 0 1 1 0 1 0 0 0 0 1 1 1 1 0 0 1 0 1 1 0 1 0 0 
quality : 7888
======================================

========== print chromosome ==========
genes : 0 0 0 0 0 1 1 1 0 1 1 0 1 0 0 0 0 0 0 0 1 0 1 1 0 0 1 1 1 1 0 1 0 1 0 0 0 0 0 1 0 0 0 0 1 0 0 1 0 1 1 1 0 0 0 0 1 0 0 0 0 0 0 0 0 0 1 0 1 0 1 0 0 0 1 0 0 0 1 1 1 1 0 0 0 1 0 0 0 0 0 0 0 1 0 0 1 0 0 1 0 0 1 0 0 1 0 0 1 1 0 0 0 0 1 0 1 0 1 1 0 0 1 0 0 1 0 0 0 1 1 0 0 1 0 0 0 0 0 0 1 1 1 0 0 0 1 0 0 0 1 1 0 1 0 1 0 0 1 0 1 1 0 0 0 1 0 0 1 0 1 1 0 0 0 0 0 0 1 1 0 1 1 0 1 0 0 0 1 0 1 1 0 1 1 0 0 1 1 1 1 0 0 0 0 1 0 1 1 0 1 0 0 1 0 0 0 0 0 1 1 1 0 1 0 0 1 0 0 0 0 0 1 0 0 1 0 0 0 1 1 1 0 0 1 1 0 1 1 0 0 0 1 1 1 0 0 0 1 1 0 0 0 0 0 1 1 0 0 0 0 0 0 1 0 1 1 0 1 1 0 0 0 1 1 1 1 0 0 1 0 1 1 0 1 0 0 
quality : 7888
======================================

========== print chromosome ==========
genes : 0 0 0 0 0 1 1 1 0 1 1 0 1 0 0 0 0 0 0 0 1 0 0 1 0 0 1 1 1 1 0 1 0 1 0 0 0 0 0 1 0 0 0 0 1 0 0 1 0 1 1 1 0 0 0 0 1 0 0 0 0 0 0 0 0 0 1 0 1 0 1 0 0 0 1 0 0 0 1 1 1 1 0 0 0 1 0 0 0 0 0 0 0 1 0 0 1 0 0 0 0 0 1 0 0 1 0 0 1 1 0 0 0 0 1 0 1 0 1 1 0 0 1 0 0 1 0 0 0 1 0 0 0 1 0 0 0 0 0 0 1 1 1 0 0 0 1 0 0 0 1 1 0 1 0 1 0 0 1 0 1 1 0 0 0 1 0 0 1 0 1 0 0 0 0 0 0 0 1 1 0 1 1 0 1 0 0 0 1 0 1 1 0 1 1 0 0 1 1 1 1 0 1 0 0 1 0 1 1 0 1 0 0 1 0 0 1 0 0 1 1 1 0 1 0 0 1 0 0 0 0 0 1 0 0 1 0 0 0 1 1 1 0 0 1 1 0 1 1 0 0 0 1 1 1 0 0 0 1 1 0 0 0 0 0 1 1 0 0 0 0 0 0 1 0 1 1 0 1 1 0 0 0 1 1 1 1 0 0 1 0 1 1 0 1 0 0 
quality : 7888
======================================

========== print chromosome ==========
genes : 0 1 0 0 0 1 1 1 0 1 1 0 1 0 0 0 0 0 0 0 1 0 0 1 0 0 1 1 1 1 0 1 0 1 0 0 0 0 0 1 0 0 0 0 1 0 0 1 0 1 1 1 0 0 0 0 1 0 0 0 0 0 0 0 0 0 1 1 1 0 1 0 0 0 1 0 0 0 1 1 1 1 0 0 0 1 0 0 0 0 0 0 0 0 1 0 1 0 0 0 0 0 1 0 0 1 0 0 1 1 0 0 0 0 1 0 1 0 1 1 0 0 1 0 0 1 0 0 0 1 1 0 1 1 0 0 0 0 0 0 1 1 1 0 0 0 1 0 0 0 1 1 0 1 0 1 0 0 1 0 1 1 0 0 0 1 0 0 1 0 1 0 0 0 0 0 0 0 1 1 0 1 1 0 1 0 0 0 1 0 1 1 0 1 1 0 0 1 1 1 1 0 1 0 0 1 0 1 1 0 1 0 0 1 0 1 0 1 0 1 1 1 0 1 0 0 1 0 0 0 0 0 1 0 0 1 0 0 0 1 1 1 0 0 1 1 0 1 0 0 0 0 1 1 1 0 0 0 1 1 0 0 0 0 0 1 1 0 0 0 0 0 0 1 0 1 1 0 1 1 0 0 0 0 1 1 1 0 0 1 0 1 1 0 1 0 0 
quality : 7888
======================================

========== print chromosome ==========
genes : 0 0 0 0 0 1 1 1 0 1 1 0 1 0 0 0 0 0 0 0 1 0 0 1 0 0 1 1 1 1 0 1 0 1 0 0 0 0 0 1 0 0 0 0 1 0 0 1 0 1 1 1 0 0 0 0 1 0 0 0 0 0 0 0 0 0 1 0 1 0 1 0 0 0 1 0 0 0 1 1 1 1 0 0 0 1 0 0 0 0 0 0 0 1 0 0 1 0 0 0 0 0 1 0 0 1 0 0 1 1 0 0 0 0 1 0 1 0 1 1 0 0 1 0 0 1 0 0 0 1 0 0 0 1 0 0 0 0 0 0 1 1 1 0 0 0 1 0 0 0 1 1 0 1 0 1 0 0 1 0 1 1 0 0 0 1 0 0 1 0 1 0 0 0 0 0 0 0 1 1 0 1 1 0 1 0 0 0 1 0 1 0 0 1 1 0 0 1 1 1 1 0 1 0 0 1 0 1 1 0 1 0 0 1 0 0 0 0 0 1 1 0 0 1 0 0 1 0 0 0 0 0 1 0 0 1 0 0 0 1 1 1 0 0 1 1 0 1 0 0 0 0 1 1 1 0 0 0 1 1 0 0 0 0 1 1 1 0 0 0 0 0 0 1 0 1 1 0 1 1 0 0 0 1 1 1 1 0 0 1 0 1 1 0 1 0 0 
quality : 7888
======================================

========== print chromosome ==========
genes : 0 0 0 0 0 1 1 1 0 1 1 0 1 0 0 0 0 0 0 0 1 0 0 1 0 0 1 1 1 1 0 1 0 1 0 0 0 0 0 1 0 0 0 1 1 0 0 1 0 1 1 1 0 0 0 0 1 0 0 0 0 0 0 0 0 0 1 0 1 0 1 0 0 0 1 0 0 0 1 1 1 1 0 0 0 1 0 0 0 0 0 0 0 1 0 0 1 0 0 0 0 0 1 0 0 1 0 0 1 1 0 0 0 0 1 0 1 0 1 1 0 0 1 0 0 1 0 0 0 1 1 0 0 1 0 0 0 0 0 0 1 1 1 0 0 0 1 0 0 0 1 0 0 1 0 1 0 0 1 0 1 1 0 0 0 1 0 0 1 0 1 0 0 0 0 0 0 0 1 1 0 1 1 0 1 0 0 0 1 0 1 1 0 1 1 0 0 1 1 1 1 0 1 0 0 0 0 1 1 0 1 0 0 1 0 0 0 0 0 1 1 1 0 1 0 0 1 0 0 0 0 1 1 0 0 1 0 0 0 1 1 1 0 0 1 1 0 1 1 1 0 0 1 1 1 0 0 1 1 1 0 0 0 0 0 1 1 0 0 0 0 0 0 1 0 1 1 0 1 1 0 0 0 1 1 1 1 0 0 1 0 1 1 0 1 0 0 
quality : 7888
======================================

========== print chromosome ==========
genes : 0 0 0 0 0 1 1 1 0 1 1 0 1 0 0 0 0 0 0 0 1 0 0 0 0 0 1 1 1 1 0 1 0 1 0 0 0 0 0 1 0 0 0 0 1 0 0 1 0 1 1 1 0 0 0 0 1 0 0 0 0 0 0 1 0 0 1 0 1 0 1 0 0 0 1 0 0 0 1 1 1 1 0 0 0 1 0 0 0 0 0 0 0 1 0 0 1 0 0 0 0 0 1 0 0 1 0 0 1 1 0 0 0 0 1 0 1 0 1 1 0 0 1 0 0 1 0 0 0 1 1 0 0 1 0 0 0 0 0 0 1 1 1 0 0 0 1 0 0 0 1 1 0 1 0 1 0 0 1 0 1 1 0 0 0 1 0 0 1 0 1 0 0 0 0 0 0 0 1 1 0 1 1 0 1 0 0 0 1 0 1 1 0 1 1 0 0 1 1 1 1 0 1 0 0 1 0 1 1 0 1 0 0 1 0 0 0 0 0 1 0 1 0 1 0 0 1 0 0 0 0 0 1 0 0 1 0 0 0 1 1 1 0 0 1 1 0 1 1 0 0 0 1 1 1 0 0 0 1 1 0 0 0 0 0 1 1 0 0 0 0 0 0 1 0 1 1 0 1 1 0 0 0 1 1 1 1 0 0 1 0 1 1 0 1 0 0 
quality : 7888
======================================

========== print chromosome ==========
genes : 0 0 0 0 0 1 1 1 0 1 1 0 1 0 0 0 0 0 0 0 1 0 0 1 0 0 1 1 1 1 0 1 0 1 0 0 0 1 0 1 0 0 0 0 1 0 0 1 0 1 1 1 1 0 0 0 1 0 0 0 0 0 0 0 0 0 1 0 1 0 1 0 0 0 1 0 0 0 1 1 1 1 0 0 0 1 0 0 0 0 0 0 0 1 0 0 1 0 0 0 0 0 1 0 0 1 0 0 1 1 0 0 0 0 1 0 1 0 1 1 0 0 1 0 0 1 0 0 0 1 1 0 1 1 0 0 0 0 0 0 1 1 1 0 0 0 1 0 0 0 1 0 0 1 0 1 0 0 1 0 1 1 0 1 0 1 0 0 1 0 1 0 1 0 0 0 0 0 1 1 0 1 1 0 1 0 0 0 1 0 1 1 0 1 1 0 0 1 1 1 1 0 1 0 0 1 0 1 1 0 1 0 0 1 0 0 0 0 0 1 0 1 0 1 0 0 1 0 0 0 0 1 1 0 0 1 0 0 0 1 1 1 0 0 1 1 0 1 1 0 0 0 1 1 1 0 0 0 1 1 0 0 0 0 0 1 1 0 0 0 0 0 0 1 0 1 1 0 1 1 0 0 0 1 1 1 1 0 0 1 0 1 1 0 1 0 0 
quality : 7888
======================================

========== print chromosome ==========
genes : 0 0 0 0 0 1 1 1 0 1 1 0 1 0 0 0 0 0 0 0 1 0 0 1 0 0 1 1 1 1 0 1 0 1 0 0 0 0 0 1 0 0 0 0 1 0 0 1 0 1 1 1 0 0 0 0 1 0 0 0 0 0 0 0 0 0 1 0 1 0 1 1 0 0 1 0 0 0 1 1 1 1 0 0 0 1 0 0 0 0 0 0 0 1 0 0 1 0 0 0 0 0 1 0 0 1 0 0 1 1 0 0 0 0 1 0 1 0 1 1 0 0 1 1 0 1 0 0 0 1 1 0 0 1 0 0 0 0 0 0 1 1 1 0 0 0 1 0 0 1 1 1 0 1 0 1 0 0 1 0 1 1 0 0 0 1 0 0 1 0 1 0 0 0 0 0 0 0 1 1 0 1 1 0 1 0 0 0 1 0 1 1 0 1 1 0 0 1 1 1 1 0 1 0 0 1 0 1 1 0 1 0 0 1 0 0 0 1 0 1 1 1 0 1 0 0 1 0 0 0 0 0 1 0 0 1 0 0 0 1 1 1 1 0 1 1 0 1 1 0 0 0 1 1 1 0 0 0 1 1 0 0 0 0 0 1 1 0 0 0 0 0 0 1 0 1 1 0 1 1 0 0 0 0 1 1 1 0 0 1 0 1 1 0 1 0 0 
quality : 7888
======================================

========== print chromosome ==========
genes : 0 0 0 0 0 1 1 1 0 1 1 0 0 0 0 0 0 0 0 0 1 0 0 1 0 0 1 1 1 1 0 1 0 1 0 0 0 0 0 1 0 0 0 0 1 0 0 1 0 1 1 1 0 0 0 0 1 0 0 0 0 0 0 0 0 0 1 0 1 0 1 0 0 0 1 0 0 0 1 1 1 1 0 0 0 1 0 0 0 0 0 0 0 1 1 0 1 0 0 0 0 0 1 0 0 1 0 0 1 1 0 0 0 0 1 0 1 0 0 1 0 0 1 1 0 1 0 0 0 1 1 0 0 1 0 0 0 0 0 0 1 1 1 0 0 0 0 0 0 0 1 1 0 1 0 1 0 0 1 0 1 1 0 0 0 1 0 1 1 0 1 0 0 0 0 0 0 0 1 1 0 1 1 0 1 0 0 0 1 0 1 1 0 1 1 0 0 1 1 1 1 0 1 0 0 1 0 1 1 0 1 0 0 1 0 0 0 0 0 1 1 1 0 1 0 0 1 0 0 0 0 0 1 0 0 1 0 0 0 1 1 1 0 0 1 1 0 1 1 0 0 0 1 1 1 0 0 0 1 1 0 0 0 0 1 1 1 0 0 0 0 0 0 1 0 1 1 0 1 1 0 1 0 1 1 1 1 0 0 1 0 1 1 0 1 0 0 
quality : 7888
======================================

========== print chromosome ==========
genes : 0 0 0 0 0 1 1 1 0 0 1 0 1 0 0 0 0 0 0 0 1 0 0 1 0 0 1 1 1 1 0 1 0 1 0 0 0 0 0 1 0 0 0 0 1 0 0 1 0 1 1 1 0 0 0 0 1 0 0 0 0 0 0 0 0 0 1 0 1 0 1 0 0 0 1 0 0 0 1 1 1 1 0 0 0 1 0 1 0 0 0 0 0 1 0 0 1 0 0 0 0 0 1 0 0 1 0 0 0 1 0 0 0 0 1 0 1 0 1 1 0 0 1 0 0 1 0 0 0 1 1 0 0 1 0 0 0 0 0 0 1 1 1 0 0 0 1 0 0 0 1 1 0 1 0 1 0 0 1 0 1 1 0 0 0 1 0 0 1 0 1 0 0 0 0 0 0 0 1 1 0 1 1 0 1 0 0 1 1 0 1 1 0 0 1 0 0 1 1 1 1 0 1 0 0 1 0 1 1 0 1 0 0 1 0 0 0 0 0 1 1 1 0 1 0 0 1 0 0 0 0 0 1 0 0 1 0 0 0 1 1 1 0 0 1 1 0 1 1 0 0 0 1 1 1 0 0 0 1 1 0 0 0 0 0 1 1 0 0 0 0 0 0 1 0 1 1 0 1 1 0 0 0 1 1 1 1 0 0 1 0 1 1 0 1 0 0 
quality : 7888
======================================

========== print chromosome ==========
genes : 0 0 0 0 0 1 1 1 0 1 1 0 1 0 0 0 0 0 0 1 0 0 0 1 0 0 1 1 1 1 0 1 0 1 0 0 0 0 0 1 0 0 0 0 1 0 0 1 0 1 1 1 0 0 0 0 1 0 0 0 0 0 0 0 0 0 1 0 1 0 1 0 0 0 1 0 0 0 1 1 1 1 0 0 0 1 0 0 0 0 0 0 0 1 0 0 1 0 0 0 0 0 1 0 0 1 0 0 1 1 0 0 0 0 1 0 1 0 1 1 0 0 1 0 0 1 0 0 0 1 1 0 0 1 0 0 0 0 0 0 1 1 1 0 0 0 1 0 0 0 1 1 0 1 0 1 0 0 1 0 1 1 0 0 0 1 0 0 1 0 1 0 0 0 0 0 0 0 1 1 0 1 1 0 1 0 0 0 1 0 1 1 0 1 1 0 0 1 1 1 1 0 1 0 0 1 0 1 1 0 1 0 0 1 0 0 0 0 0 1 1 1 0 1 0 0 1 0 0 0 0 0 1 0 0 1 0 0 0 1 1 1 0 0 1 1 0 0 1 0 0 0 1 1 1 0 0 0 1 1 0 0 0 0 0 1 1 0 0 0 0 0 0 1 0 1 1 0 1 1 0 0 0 1 1 1 1 0 0 1 1 1 1 0 1 0 0 
quality : 7888
======================================

========== print chromosome ==========
genes : 0 0 0 0 0 1 1 1 0 1 1 1 0 0 0 0 0 0 0 0 1 0 0 1 0 0 1 1 1 1 0 1 0 1 0 0 0 0 0 1 0 0 0 0 1 0 0 1 0 1 1 1 0 0 0 0 1 0 0 0 0 0 0 0 0 0 1 0 1 0 1 0 0 0 1 0 0 0 1 1 1 1 0 0 0 1 0 0 0 0 0 0 0 1 0 0 1 0 0 0 0 0 1 0 0 1 0 0 1 1 0 0 0 0 1 0 1 0 1 1 0 0 1 0 0 1 0 0 0 1 1 0 0 1 0 0 0 0 0 0 1 1 1 0 0 0 1 0 1 0 1 1 0 1 0 1 0 0 1 0 1 1 0 0 0 1 0 0 1 0 1 0 0 0 0 0 0 0 1 1 0 1 1 0 1 0 0 1 1 0 1 1 0 1 1 0 0 1 1 1 1 0 1 0 0 1 0 1 1 0 1 0 0 1 0 0 1 0 0 1 1 1 0 1 0 0 1 0 0 0 0 0 1 0 0 1 0 0 0 1 1 1 0 0 1 1 0 1 1 0 0 0 1 1 1 0 0 0 1 1 0 0 0 0 0 1 1 0 0 0 0 0 0 1 0 1 1 0 1 1 0 0 0 1 1 1 1 0 1 1 0 1 1 0 1 0 0 
quality : 7888
======================================

========== print chromosome ==========
genes : 0 0 0 0 0 1 1 1 0 1 1 0 1 0 0 0 0 0 0 0 1 0 0 1 0 0 1 1 1 1 0 1 0 1 0 0 0 0 0 1 0 0 0 0 1 0 0 1 0 1 1 1 0 0 0 0 1 0 0 0 0 0 0 1 0 0 1 0 1 0 1 0 0 0 1 0 0 0 1 1 1 1 0 0 0 1 0 0 0 0 0 0 0 1 0 0 1 0 0 0 0 0 1 0 0 1 0 0 1 1 0 0 0 0 1 0 1 0 1 1 0 0 1 0 0 1 0 0 0 1 1 0 0 1 0 0 0 0 0 0 1 1 1 0 0 0 1 0 0 0 1 1 0 1 0 1 0 0 1 0 1 1 0 0 0 1 0 0 1 0 1 1 0 0 0 0 0 0 1 1 0 1 1 0 1 0 0 0 1 0 1 1 0 1 1 0 0 1 1 1 1 0 1 0 0 1 0 1 1 0 1 0 0 1 0 0 0 0 0 1 1 1 0 1 0 0 1 0 0 0 0 0 1 0 0 1 0 0 0 1 1 1 1 0 1 1 0 1 1 0 0 1 1 1 1 0 0 0 1 1 0 0 1 0 0 1 1 0 0 0 0 0 0 1 0 1 1 0 1 1 0 0 0 1 1 1 1 0 0 1 0 1 1 0 0 0 0 
quality : 7888
======================================

========== print chromosome ==========
genes : 0 0 0 0 0 1 1 1 0 1 1 0 1 0 0 0 0 0 0 0 1 0 0 1 0 0 1 1 1 1 0 1 0 1 0 0 0 1 0 1 0 0 0 0 1 0 0 1 0 1 1 1 0 0 0 0 1 0 0 0 0 0 0 0 0 1 1 0 1 0 1 0 0 0 1 0 0 0 1 1 1 1 0 0 0 1 0 0 0 0 0 0 0 1 0 0 1 0 0 0 0 0 1 0 0 1 0 0 1 1 1 0 0 0 1 0 1 0 1 1 0 0 1 0 0 1 0 0 0 0 1 0 1 1 0 0 0 0 0 0 1 1 1 0 0 0 1 0 0 0 1 1 0 1 0 1 0 0 1 0 1 1 0 0 0 1 0 0 1 0 1 0 0 0 0 0 0 0 1 1 0 1 1 0 1 0 0 0 1 0 1 1 0 1 1 0 0 1 1 1 1 0 1 0 0 1 0 1 1 0 1 0 0 1 0 0 0 0 0 1 1 1 0 1 0 0 1 0 0 0 0 0 1 0 0 1 0 0 0 0 1 1 0 0 1 1 0 1 1 0 0 0 1 1 1 0 0 0 1 1 0 0 0 0 0 1 1 0 0 0 0 0 0 1 0 1 1 0 1 1 0 0 0 1 1 1 1 0 0 1 0 1 1 0 1 0 0 
quality : 7888
======================================

========== print chromosome ==========
genes : 0 0 0 0 0 1 1 1 0 1 1 0 1 0 0 0 0 0 0 0 1 0 0 1 0 0 1 1 1 1 0 1 0 1 0 0 0 0 0 1 0 0 0 0 1 0 0 1 0 1 1 1 0 0 0 0 1 0 0 0 0 0 0 0 0 0 1 0 1 0 1 0 0 0 1 0 0 0 1 1 1 1 0 0 0 1 0 0 0 0 0 0 0 1 0 0 1 0 0 0 0 0 1 0 0 1 0 0 1 1 0 0 0 0 1 0 1 0 1 1 0 0 1 0 0 1 0 0 0 1 1 0 0 1 0 0 0 0 0 0 1 1 1 0 0 0 1 0 0 0 1 1 0 1 0 1 0 0 1 0 1 1 0 0 0 1 0 0 1 0 1 0 0 0 0 0 0 0 1 1 0 1 1 0 1 0 0 0 1 0 1 1 0 1 1 0 0 1 1 1 1 0 1 0 0 1 0 1 1 0 1 0 0 1 0 0 0 0 0 1 1 1 0 1 0 0 1 0 0 0 0 0 1 0 0 1 0 0 0 1 1 1 0 0 1 1 0 1 1 1 1 0 1 1 1 0 0 0 1 1 0 0 0 0 0 1 1 0 0 0 0 0 0 1 0 1 1 0 1 1 0 0 0 1 1 1 1 0 0 1 0 1 1 0 1 0 0 
quality : 7888
======================================

========== print chromosome ==========
genes : 0 0 0 0 0 1 1 1 0 1 1 0 1 0 0 0 0 0 0 0 1 0 0 1 0 0 1 1 1 1 0 1 0 1 0 0 0 0 0 1 0 0 0 0 1 0 0 1 0 1 1 1 0 0 0 0 1 0 0 0 0 0 0 0 0 0 1 0 1 0 1 0 0 0 1 0 0 0 1 1 1 1 0 0 0 1 0 0 0 0 0 0 0 1 0 0 1 0 0 0 0 0 1 0 0 1 0 0 1 1 0 0 0 0 1 0 1 0 1 1 0 0 1 1 0 1 0 0 0 1 1 0 0 1 0 0 0 0 0 0 1 1 1 0 0 0 1 0 0 0 1 1 0 1 0 1 0 0 0 0 1 1 0 0 0 1 0 0 1 0 1 0 0 0 0 0 0 0 1 1 0 1 1 0 1 0 0 0 1 0 1 1 0 1 1 0 0 1 1 1 1 0 1 0 0 1 0 1 1 0 1 0 0 1 0 0 0 0 0 1 1 1 1 1 0 0 1 0 0 0 0 0 1 0 0 1 0 0 0 1 1 1 0 0 1 1 0 1 1 0 0 0 1 1 1 0 0 0 1 1 0 0 0 0 0 1 1 0 0 0 0 0 0 1 0 1 1 0 1 1 0 0 0 1 1 1 1 0 0 1 0 1 1 0 1 0 0 
quality : 7888
======================================

========== print chromosome ==========
genes : 0 0 0 0 0 1 1 1 0 1 1 0 1 0 0 0 0 0 0 0 1 0 0 1 0 0 1 1 1 1 0 1 0 1 0 0 0 0 0 1 1 0 0 0 1 0 0 1 0 1 1 1 0 0 0 0 1 0 0 0 0 0 0 0 0 0 1 0 1 0 1 0 0 0 1 0 0 0 1 0 1 1 0 0 0 1 0 0 0 0 0 0 0 1 0 0 1 0 0 0 0 0 1 0 0 1 0 0 1 1 0 0 0 0 1 0 1 0 1 1 0 0 1 0 0 1 0 0 0 1 1 0 0 1 0 0 0 0 0 0 1 0 1 0 0 0 1 0 0 0 1 1 0 1 0 1 0 0 1 0 1 1 0 0 0 1 0 0 0 0 1 0 0 0 1 0 0 0 1 1 0 1 1 0 1 0 0 0 1 0 1 1 0 1 1 0 0 1 1 1 1 0 1 0 0 1 0 1 1 0 1 0 0 1 0 0 0 0 0 1 1 1 0 1 0 0 1 0 0 0 0 0 1 0 1 1 0 0 0 1 1 1 0 0 1 1 0 1 1 0 0 0 1 1 1 0 0 0 1 1 0 0 0 0 0 1 1 0 0 0 0 0 0 1 0 1 1 0 1 1 0 1 0 1 1 1 1 0 0 1 0 1 1 0 1 0 0 
quality : 7888
======================================

========== print final result ==========
Generations evolved: 3320768
Best quality: 7888
Mean quality: 7475.359863
Standard deviation: 1015.762939
======================================

6 7 8 10 11 13 21 24 27 28 29 30 32 34 40 41 45 48 50 51 52 57 67 69 71 75 79 81 82 86 94 97 103 106 109 110 115 117 119 120 123 126 130 131 134 141 143 147 151 152 154 156 159 161 162 166 171 175 179 180 182 183 185 189 191 192 194 195 198 199 200 201 203 206 208 209 211 214 220 221 222 224 227 233 235 236 240 241 242 245 246 248 249 253 254 255 259 260 266 267 274 276 277 279 280 282 284 285 286 287 290 292 293 295 