========== print final result ==========
Generations evolved: 454726
Best quality: 4360
Mean quality: 4340.600098
Standard deviation: 36.351215
======================================

Number of population: 20

========== print chromosome ==========
genes : 0 1 1 1 1 1 0 1 0 0 0 0 1 1 1 1 1 1 1 0 0 1 0 0 0 1 1 1 0 0 0 1 0 0 0 0 0 1 0 1 0 1 0 0 1 0 1 1 0 0 0 1 1 1 0 1 1 1 1 0 0 0 0 1 1 1 0 0 0 0 0 0 1 0 0 1 1 0 1 1 0 1 1 1 0 1 0 0 0 1 1 0 0 1 0 0 0 1 0 0 1 0 0 1 1 1 0 0 1 0 1 0 0 0 0 1 1 0 1 0 0 1 1 0 0 0 0 0 1 0 0 1 1 1 1 0 1 0 0 1 1 1 1 1 1 1 0 0 0 1 0 1 0 1 0 0 1 0 0 1 0 1 0 0 1 1 1 0 1 0 1 1 0 1 1 1 0 1 1 1 0 1 0 1 0 0 0 0 0 1 1 1 1 1 1 1 1 1 0 1 0 0 1 1 1 0 0 1 0 0 0 0 0 1 0 1 1 0 1 1 1 0 1 1 1 0 0 1 1 0 0 1 0 0 1 0 1 1 0 0 0 0 1 1 1 1 1 0 1 0 1 0 1 1 0 1 1 1 0 1 0 1 0 1 0 1 1 1 1 0 1 1 1 1 0 1 1 1 1 1 1 1 1 1 1 1 1 1 1 0 0 1 0 1 0 0 0 1 0 1 0 1 0 1 0 0 1 1 1 1 0 1 1 1 0 1 1 1 0 0 0 0 1 0 1 0 1 0 1 1 0 1 0 0 0 1 0 0 1 0 1 1 0 1 1 0 0 1 1 1 0 0 1 1 0 1 0 1 0 1 1 1 0 0 0 0 0 0 1 1 1 0 0 0 1 0 0 0 1 0 0 1 1 0 0 0 0 1 1 0 1 1 1 0 0 0 1 0 0 1 0 0 0 0 1 0 1 0 1 0 1 0 1 0 1 0 0 1 0 0 0 0 1 1 1 0 1 1 1 0 0 1 1 0 1 1 0 1 0 0 0 1 0 0 0 0 0 0 0 0 0 0 0 0 1 0 0 1 1 1 1 0 1 0 0 1 1 1 0 1 1 1 1 1 0 0 0 0 1 0 1 1 1 0 0 0 0 1 0 1 0 0 0 0 1 0 0 1 0 1 
quality : 4265
======================================

========== print chromosome ==========
genes : 0 1 1 1 1 1 0 1 1 0 0 0 1 1 1 1 1 1 1 0 0 1 0 0 0 1 1 1 0 0 0 1 0 0 0 0 0 1 0 1 0 1 0 0 1 0 1 1 0 0 0 1 1 1 0 1 1 1 1 0 0 0 0 1 1 1 0 0 0 0 0 0 1 0 0 1 1 0 1 1 0 1 1 1 0 1 0 0 0 1 1 0 0 1 0 0 0 1 1 0 1 0 0 1 1 1 0 0 1 0 1 0 1 0 0 1 1 0 1 0 0 1 1 0 0 0 0 0 1 0 0 1 1 0 1 0 1 0 0 1 1 1 1 1 1 1 0 0 0 1 0 1 0 1 0 0 1 0 0 0 0 1 1 0 1 1 1 0 1 0 1 0 0 1 1 1 0 1 1 1 0 0 0 1 0 0 0 0 0 1 1 1 1 1 1 1 1 1 0 1 0 0 1 1 1 1 0 1 1 0 0 0 0 1 0 1 1 1 1 1 1 0 1 0 1 0 0 1 1 0 0 1 0 0 1 0 1 1 0 0 0 0 1 1 1 1 1 0 1 0 1 0 1 1 0 1 1 1 0 1 0 1 0 1 0 1 1 1 1 1 1 1 1 1 0 1 1 1 1 1 1 1 1 1 1 1 1 1 0 0 0 1 0 1 0 0 1 1 0 1 0 1 0 1 0 0 1 0 1 1 0 1 1 1 0 1 1 1 0 0 0 0 1 0 1 0 1 0 1 1 0 1 0 0 0 1 1 0 1 0 1 1 0 1 1 0 0 1 1 1 1 0 1 1 0 1 0 1 0 1 1 1 0 0 0 0 1 0 1 1 1 0 0 0 1 1 0 0 1 0 0 1 1 0 0 0 0 1 1 0 1 1 1 1 0 0 1 0 0 1 0 0 1 0 1 0 0 0 1 0 1 0 1 0 1 0 0 1 0 0 0 0 1 1 1 0 1 1 1 0 0 1 1 0 1 1 0 1 0 0 0 1 0 0 0 0 0 0 0 0 0 0 0 1 1 0 0 1 1 1 1 0 1 0 0 1 1 0 0 1 1 1 1 1 0 0 1 0 1 0 1 1 0 0 0 0 0 1 0 1 0 0 0 1 1 0 0 1 0 1 
quality : 4248
======================================

========== print chromosome ==========
genes : 0 1 1 1 1 1 0 1 1 0 0 0 1 1 1 1 1 1 1 0 0 1 0 0 0 1 1 1 0 0 0 1 0 0 0 0 0 1 0 1 0 1 0 0 1 0 1 1 0 0 0 1 1 1 0 1 1 1 1 0 0 0 0 1 1 1 0 0 0 0 0 0 1 0 0 1 1 0 1 0 0 1 1 1 0 1 0 0 0 1 1 0 0 1 0 0 0 1 1 0 1 0 0 1 1 1 0 0 1 0 1 1 1 0 0 1 1 0 1 1 0 1 0 0 0 0 0 0 1 0 0 1 1 0 1 0 1 0 0 1 1 1 1 1 1 1 0 0 0 1 0 1 0 1 0 0 1 0 0 0 0 1 1 0 1 1 1 0 1 0 1 0 0 0 1 1 0 1 0 1 0 1 0 1 0 0 0 0 0 1 1 1 1 1 1 1 1 1 0 1 0 0 1 1 1 0 0 1 1 0 0 1 0 1 0 1 1 1 1 1 1 0 1 0 1 0 0 1 1 0 0 1 0 0 1 0 1 1 0 0 0 0 1 1 1 1 1 0 1 0 1 0 1 1 0 1 1 0 0 1 0 1 0 1 0 1 1 1 1 1 1 1 1 1 0 1 1 1 1 1 1 1 1 1 1 1 1 1 1 0 0 1 0 1 0 0 0 1 0 1 0 1 0 1 0 0 1 1 1 1 0 1 1 1 0 1 1 1 0 0 0 0 1 0 1 0 1 0 1 1 0 1 0 0 0 1 1 0 1 0 1 1 0 1 1 0 0 1 1 1 1 0 1 1 0 1 0 1 0 1 1 1 0 0 0 0 0 0 0 1 0 0 0 0 1 0 0 0 0 0 1 1 1 0 0 0 0 1 1 0 1 1 1 1 0 0 1 0 0 1 0 0 0 0 1 0 1 0 1 0 1 0 1 0 1 0 0 1 0 0 0 0 1 1 1 0 1 1 0 0 0 1 1 0 1 1 0 1 0 0 1 1 0 0 0 0 0 0 0 0 0 0 0 0 1 0 0 1 1 1 1 0 1 0 0 1 1 1 0 0 1 1 1 0 0 0 0 0 1 0 1 1 1 0 0 0 0 0 0 1 0 0 1 0 1 0 0 0 0 1 
quality : 4263
======================================

========== print chromosome ==========
genes : 0 1 1 1 1 1 0 1 1 0 0 0 1 1 1 1 1 1 1 0 0 1 0 0 0 1 1 1 0 0 0 1 0 0 0 0 0 1 0 1 0 1 0 0 1 0 1 1 0 0 0 1 1 1 0 1 1 0 1 0 0 0 0 1 1 1 0 0 0 0 0 0 1 0 0 1 1 0 1 0 0 1 1 1 0 1 0 0 0 1 1 0 0 1 0 0 0 1 1 1 1 0 0 1 1 1 0 0 1 0 1 0 1 0 0 1 1 0 1 0 0 1 1 0 0 0 0 0 1 0 0 1 1 0 1 0 1 0 0 1 1 1 0 1 1 1 0 0 0 1 0 1 0 1 0 1 1 1 0 0 0 1 1 0 1 1 1 0 1 1 1 0 0 1 1 1 0 1 1 0 0 1 0 1 0 0 0 0 0 1 1 1 1 1 1 1 1 1 0 1 0 0 1 0 1 0 0 1 1 0 0 1 0 1 0 1 1 1 1 1 1 0 1 0 1 0 0 1 1 0 0 1 0 0 1 0 1 1 0 0 0 0 1 1 1 1 1 0 1 0 1 0 1 1 0 1 1 1 0 1 0 1 0 1 0 1 1 1 1 1 1 1 1 1 0 1 1 1 1 1 1 1 1 1 1 1 1 1 1 0 1 1 1 1 0 0 0 1 0 1 0 1 0 1 0 0 1 1 1 1 0 1 1 1 0 1 1 1 1 0 0 1 1 0 1 0 1 0 1 1 0 1 0 0 0 1 1 0 1 0 1 1 0 1 1 0 0 1 1 1 1 0 1 1 0 1 0 1 0 1 1 1 0 0 0 0 0 0 1 1 1 0 0 0 1 0 0 0 1 0 0 1 1 0 0 0 0 1 1 0 1 1 1 1 0 0 1 0 0 1 0 0 0 0 0 0 1 0 1 0 1 0 0 0 1 0 0 1 0 0 0 0 1 1 1 0 1 1 1 0 0 1 1 0 1 1 0 1 0 0 1 1 0 0 0 0 0 0 0 0 0 0 0 1 1 0 0 1 1 1 1 0 1 0 0 1 1 1 0 1 1 1 1 1 0 0 0 0 1 0 1 1 1 0 0 0 0 1 0 1 0 0 0 0 1 0 0 1 0 1 
quality : 4321
======================================

========== print chromosome ==========
genes : 0 1 1 1 1 1 0 1 1 0 0 0 1 1 1 1 1 1 1 0 0 1 0 0 0 1 1 1 0 0 0 1 0 0 0 0 0 1 0 1 0 1 0 0 1 0 1 1 0 0 0 1 1 1 0 1 1 0 1 0 0 0 0 1 1 1 0 0 0 0 0 0 1 0 0 1 1 0 1 0 0 1 1 1 0 1 0 0 0 1 1 0 0 1 0 0 0 1 1 0 1 0 0 1 1 1 0 0 1 0 1 0 1 0 0 1 1 0 1 0 0 1 1 0 0 0 0 0 1 0 0 1 1 0 1 0 1 0 0 1 1 1 0 1 1 1 0 0 0 1 0 1 0 1 0 0 1 0 0 0 0 1 1 0 1 1 1 0 1 0 1 0 0 1 1 1 0 1 1 1 0 1 0 1 0 0 0 0 0 1 1 1 1 1 1 1 1 1 0 1 0 0 1 1 1 0 0 1 1 0 0 1 0 1 0 1 1 1 1 1 1 0 1 0 1 0 0 1 1 0 0 1 0 0 1 0 1 1 0 0 0 0 1 1 1 1 1 0 1 0 1 0 1 1 0 1 1 1 0 1 0 1 0 1 0 1 1 1 1 1 1 1 1 1 0 1 1 1 1 1 1 1 1 1 1 1 1 1 1 0 0 1 1 1 0 0 0 1 0 1 0 1 0 1 0 0 1 1 0 1 0 1 1 1 0 1 1 1 1 0 0 0 1 0 1 0 1 0 1 1 0 1 0 0 0 1 1 0 1 0 1 1 0 1 1 0 0 1 1 1 1 0 1 1 0 1 0 1 0 1 1 1 0 0 0 0 0 0 1 1 1 0 0 0 1 0 0 0 1 0 0 1 1 0 0 0 0 1 1 0 1 1 1 1 0 0 1 0 0 1 0 0 0 0 1 0 1 0 1 0 1 0 1 0 0 0 0 1 0 0 0 0 1 1 1 0 1 1 1 0 0 1 1 0 1 1 0 1 0 0 1 1 0 0 0 0 0 0 0 0 0 0 0 1 1 0 0 1 1 1 1 0 1 0 0 1 1 1 0 1 1 1 1 1 0 0 0 0 1 0 1 1 1 0 0 0 0 1 0 1 0 0 0 0 0 0 0 1 0 1 
quality : 4357
======================================

========== print chromosome ==========
genes : 0 1 1 1 1 1 0 1 1 0 0 0 1 1 1 1 1 1 1 0 0 1 0 0 0 1 1 1 0 0 0 1 0 0 0 0 0 1 0 1 0 1 0 0 1 0 1 1 0 0 0 1 1 1 0 1 1 1 1 0 0 0 0 1 1 1 0 0 0 0 0 0 1 0 0 1 1 0 1 0 0 1 1 1 0 1 0 0 0 1 1 0 0 1 0 0 0 1 1 0 1 0 0 1 1 1 0 0 1 0 1 0 1 0 0 1 1 0 1 0 0 1 1 0 0 0 0 0 1 0 0 1 1 0 1 0 1 0 0 1 1 1 1 1 1 1 0 0 0 1 0 1 0 1 0 0 1 0 0 0 0 1 1 0 1 1 1 0 1 0 1 0 0 1 1 1 0 1 1 1 0 0 0 1 0 0 0 0 0 1 1 1 1 1 1 1 1 1 0 1 0 0 1 1 1 1 0 1 1 0 0 1 0 1 0 1 1 1 1 1 1 0 1 0 1 0 0 1 1 0 0 1 0 0 1 0 1 1 0 0 0 0 1 1 1 1 1 0 1 0 1 0 1 1 0 1 1 1 0 1 0 1 0 1 0 1 1 1 1 1 1 1 1 1 0 1 1 1 1 1 1 1 1 1 1 1 1 1 0 0 0 1 0 1 0 0 1 1 0 1 0 1 0 1 0 0 1 1 1 1 0 1 1 1 0 1 1 1 0 0 0 0 1 0 1 0 1 0 1 1 0 1 0 0 0 1 1 0 1 0 1 1 0 1 1 0 0 1 1 1 1 0 1 1 0 1 0 1 0 1 1 1 0 0 0 0 0 0 1 1 1 0 0 0 1 1 0 0 1 0 0 1 1 0 0 0 0 1 1 0 1 1 1 1 0 0 1 0 0 1 0 0 1 0 1 0 0 0 1 0 1 0 1 0 1 0 0 1 0 0 0 0 1 1 1 0 1 1 1 0 0 1 1 0 1 1 0 1 0 0 0 1 0 0 0 0 0 0 0 0 0 0 0 1 1 0 0 1 1 1 1 0 1 0 0 1 1 1 0 1 1 1 1 1 0 0 0 0 1 0 1 1 0 0 0 0 0 1 0 1 0 0 0 1 1 0 0 1 0 1 
quality : 4357
======================================

========== print chromosome ==========
genes : 0 1 1 1 0 1 0 1 1 0 0 0 1 1 1 1 1 1 1 0 0 1 0 0 0 1 1 1 0 0 0 1 0 0 0 0 0 1 0 1 0 1 0 0 1 0 1 1 0 0 0 1 1 1 0 1 1 1 1 0 0 0 0 1 1 1 0 1 0 0 0 0 1 0 0 1 1 0 1 0 0 1 1 1 0 1 0 0 0 0 1 0 0 1 0 0 0 1 1 0 1 0 0 1 1 1 0 0 1 0 1 0 1 0 0 1 1 0 1 0 0 1 1 0 0 0 0 0 1 0 0 1 1 0 0 0 1 0 0 1 1 1 1 1 1 1 0 0 0 1 0 1 0 1 0 1 0 0 0 0 0 1 0 1 1 1 1 0 1 0 1 0 0 1 1 1 0 1 1 1 0 1 0 1 0 0 0 0 0 1 1 1 1 1 1 1 1 1 0 1 0 0 1 1 1 0 1 1 1 0 0 1 0 1 0 1 0 1 1 1 1 0 1 0 1 0 0 1 1 0 0 1 1 0 1 0 1 1 0 0 0 0 1 1 1 1 1 0 1 0 1 0 1 1 0 1 1 1 0 1 0 1 0 1 0 1 1 1 1 1 1 1 1 1 0 1 1 1 1 1 1 1 1 1 1 1 1 1 1 0 0 1 0 1 0 0 0 1 0 1 0 1 0 1 0 0 1 1 1 1 0 1 1 1 0 1 1 1 0 0 0 0 1 0 1 0 1 0 1 1 0 1 0 1 0 1 0 0 1 0 1 1 0 1 1 0 0 1 1 1 1 0 1 1 0 1 0 1 0 1 1 1 0 1 0 0 0 0 1 1 1 0 0 0 1 0 0 0 1 0 0 1 1 0 0 0 0 1 1 0 1 1 1 1 0 0 1 0 0 1 0 0 0 0 0 0 1 0 1 0 1 0 1 0 1 0 0 1 0 0 0 0 1 1 1 0 1 1 1 0 0 1 0 0 1 1 0 1 0 0 1 1 0 0 0 0 0 0 0 0 0 0 0 1 1 0 0 1 1 1 1 0 1 0 0 1 1 1 0 0 1 1 1 1 0 0 0 0 1 0 1 1 1 0 0 0 0 1 0 1 0 0 0 0 1 0 0 1 0 1 
quality : 4357
======================================

========== print chromosome ==========
genes : 0 1 1 1 1 1 0 1 1 0 0 0 1 1 1 1 1 1 1 0 0 1 0 0 0 1 1 1 0 0 0 1 0 0 0 0 0 1 0 1 0 1 0 0 1 0 1 1 0 0 0 1 1 1 0 1 1 1 1 0 0 0 0 1 1 1 0 0 0 0 0 0 1 0 0 1 1 0 1 0 0 1 1 1 0 1 0 0 0 1 1 1 0 1 0 0 0 1 1 0 1 0 0 1 1 1 0 0 1 0 1 0 1 0 0 1 1 0 1 0 1 1 1 0 0 0 0 0 1 0 0 1 1 0 1 0 1 0 0 1 1 1 1 1 1 1 0 0 1 1 0 0 0 1 0 0 1 0 1 0 0 1 1 0 1 1 1 0 1 1 1 0 0 1 1 1 0 1 1 1 0 1 0 1 0 0 0 0 0 1 1 1 1 1 1 1 1 1 0 1 0 0 0 1 1 0 0 1 1 0 0 1 0 1 0 1 1 1 1 1 1 0 1 0 1 0 0 1 1 0 0 1 0 0 1 0 1 1 0 0 0 0 1 1 1 1 1 0 1 0 1 0 1 1 0 1 1 1 0 1 0 1 0 1 0 1 1 1 1 1 1 1 1 1 0 1 1 1 1 1 1 1 1 1 1 1 1 1 1 0 0 1 0 1 0 0 0 1 0 1 0 1 0 1 0 0 1 1 1 1 0 1 1 1 0 1 1 1 0 0 0 1 1 0 1 0 1 0 1 1 0 1 0 0 0 1 1 0 1 0 1 1 0 1 1 0 0 1 1 1 1 0 1 1 0 1 0 1 0 1 1 1 0 0 0 0 0 0 1 1 1 0 0 0 1 0 0 0 1 0 0 1 1 0 0 0 0 1 1 0 1 1 1 1 0 0 1 0 0 1 0 0 0 0 1 0 1 0 1 0 1 0 1 0 1 0 0 1 0 0 0 0 1 1 1 0 1 1 1 0 0 1 1 0 1 1 0 1 0 0 1 1 0 0 0 0 0 0 0 0 0 0 0 1 1 0 0 1 1 1 1 0 1 0 0 1 1 1 0 1 1 1 1 1 0 0 0 0 1 0 1 1 1 0 0 0 0 1 0 1 0 0 0 0 1 0 0 1 0 1 
quality : 4357
======================================

========== print chromosome ==========
genes : 0 1 1 1 1 1 0 1 1 0 0 0 1 1 1 1 1 1 1 0 0 1 0 1 0 1 1 1 0 0 0 1 0 0 0 0 0 1 0 1 0 1 0 0 0 0 1 1 0 0 0 1 1 1 0 1 1 1 1 0 0 0 0 1 1 1 0 0 0 0 0 0 1 0 0 1 1 0 1 0 0 1 1 1 0 1 0 0 0 0 1 0 0 1 0 0 0 1 1 0 1 0 0 1 1 1 0 0 1 1 1 0 1 0 0 1 1 0 1 0 0 1 1 0 0 0 0 0 1 0 0 1 1 0 0 0 1 0 0 1 1 1 1 1 1 1 0 0 0 1 0 1 0 1 1 1 0 0 0 0 0 1 0 0 1 1 1 0 1 0 1 0 0 1 1 1 0 1 1 1 0 1 0 1 0 0 0 0 0 1 1 1 1 1 1 1 1 1 0 1 0 0 1 1 1 0 0 1 1 0 0 1 1 1 0 1 1 1 1 1 1 0 1 0 1 0 0 1 1 0 0 1 0 0 0 0 1 1 0 0 0 0 1 1 1 1 1 0 1 0 1 0 1 1 0 1 1 0 0 1 0 1 0 1 0 1 1 1 1 1 1 1 1 1 0 1 1 1 1 1 1 1 1 1 1 1 1 1 1 0 0 1 1 1 0 0 0 1 0 1 0 1 0 1 0 0 1 1 0 1 0 1 1 1 0 1 1 1 0 0 0 0 1 0 1 0 1 0 1 1 0 1 0 0 0 1 1 0 1 0 1 1 0 1 1 0 0 1 1 1 1 0 1 1 0 1 0 1 0 1 1 1 0 0 0 0 0 0 1 1 0 0 0 0 1 0 0 0 1 0 1 1 1 0 0 0 0 1 1 0 1 1 1 1 0 0 1 0 0 1 0 0 0 0 1 0 1 0 1 0 1 0 1 0 1 0 0 1 0 0 0 0 1 1 1 0 1 1 1 0 0 1 1 0 1 1 0 1 0 0 1 1 0 0 0 0 0 0 0 0 0 0 0 1 1 0 0 1 1 1 1 0 1 0 0 1 1 1 0 1 1 1 1 1 0 0 0 0 1 0 1 1 1 0 0 0 0 1 0 1 0 0 0 0 1 0 0 1 0 1 
quality : 4357
======================================

========== print chromosome ==========
genes : 0 1 1 1 1 1 0 1 1 0 0 0 1 1 1 1 1 1 1 0 0 0 0 0 0 1 1 1 0 0 0 1 0 0 0 0 1 1 0 1 0 1 0 0 1 0 1 1 0 1 0 1 1 1 0 1 1 1 1 0 0 0 0 1 1 1 0 0 0 0 0 0 1 0 0 1 1 0 1 0 0 1 1 1 0 1 0 0 0 1 1 0 0 1 0 0 0 1 1 0 1 0 0 1 1 1 0 0 1 0 1 1 1 0 0 1 1 0 1 0 0 1 1 0 0 0 0 0 1 0 0 1 1 0 1 0 1 0 0 1 1 1 1 1 1 1 0 0 0 1 0 1 0 1 0 0 1 0 0 0 0 1 1 0 1 1 1 0 1 0 1 0 0 1 1 1 0 1 1 1 0 1 0 1 0 0 0 0 0 1 1 1 1 1 1 1 1 1 0 1 0 0 1 1 1 0 0 1 1 0 0 1 0 1 0 1 1 1 1 1 1 0 1 0 1 0 0 1 1 0 0 1 0 0 1 0 1 1 0 0 0 0 1 1 1 1 1 0 1 0 1 0 1 0 0 1 1 1 0 1 0 1 0 1 0 1 1 1 1 1 1 1 1 1 0 1 1 1 1 1 1 1 1 1 1 1 1 1 1 0 0 1 0 1 0 0 0 1 0 1 0 1 0 1 0 0 1 1 1 1 0 1 1 1 0 1 1 1 0 0 0 0 1 0 1 0 1 0 1 1 0 1 0 0 0 1 1 0 1 0 1 1 0 1 1 0 0 1 1 1 1 0 1 1 0 1 0 1 0 1 1 1 0 0 0 0 0 0 1 1 1 0 0 0 1 0 0 0 1 0 0 1 1 0 0 0 0 1 1 0 1 1 1 1 0 0 1 0 0 1 0 0 0 0 1 0 1 0 1 0 1 0 1 0 1 0 0 1 0 0 0 0 1 1 1 0 1 1 1 0 0 1 1 0 1 1 0 1 0 0 1 1 0 0 0 0 0 0 0 0 0 0 0 1 1 0 0 1 1 1 1 0 1 0 0 1 1 1 0 1 1 1 1 1 0 0 0 0 1 0 1 1 1 0 0 0 0 1 0 1 0 0 0 0 1 0 0 1 0 1 
quality : 4357
======================================

========== print chromosome ==========
genes : 0 1 1 1 1 1 0 1 1 0 0 0 1 1 1 1 1 1 1 0 0 1 0 0 0 1 1 1 0 0 0 1 0 0 0 0 0 1 0 1 0 1 0 0 1 0 1 1 0 0 0 1 1 1 0 1 1 1 1 0 0 0 0 1 1 1 0 0 0 0 0 0 1 0 0 1 1 0 1 0 0 1 1 1 0 1 0 0 0 1 1 0 0 1 0 0 0 1 1 0 1 0 0 1 1 1 0 0 1 0 1 0 1 0 0 1 1 0 1 1 0 1 1 0 0 0 0 0 1 0 0 1 1 0 1 0 1 0 0 1 1 1 1 0 1 1 0 0 0 1 0 1 0 1 0 0 0 0 0 0 0 1 1 0 1 1 1 0 1 0 1 0 0 1 1 1 0 1 1 1 0 1 0 1 0 0 0 0 0 1 1 1 1 1 1 1 1 1 0 1 0 0 1 1 1 0 0 1 1 0 0 1 0 1 0 1 1 1 1 1 1 0 1 0 1 0 0 1 1 0 0 1 0 0 1 0 1 1 0 0 0 0 1 1 1 1 1 0 1 0 1 1 1 1 0 1 1 1 0 1 0 1 0 1 0 1 1 1 1 1 1 1 1 1 0 1 1 1 1 1 1 1 1 1 1 1 1 1 1 0 0 1 0 1 0 0 0 1 0 1 0 1 0 1 0 0 1 1 1 1 0 1 0 1 0 1 1 1 0 0 0 0 1 0 1 0 1 0 1 1 0 1 0 0 0 1 1 0 1 0 1 1 0 1 1 0 0 1 1 1 1 0 1 1 0 1 0 1 0 1 1 1 0 0 0 0 0 0 1 1 1 0 0 0 1 0 0 0 1 0 0 1 1 0 0 0 0 1 1 0 1 1 1 1 0 0 1 0 0 1 0 0 0 0 1 0 1 0 1 0 1 0 1 0 1 0 0 1 0 0 0 0 1 1 1 0 1 1 1 0 0 1 1 0 1 1 0 1 0 0 1 1 0 0 0 0 0 0 0 0 0 0 0 1 1 0 0 1 1 1 1 0 1 0 0 1 1 1 0 1 1 1 1 1 0 0 0 0 1 0 1 1 1 0 0 0 0 1 0 1 0 0 1 0 1 0 0 1 0 1 
quality : 4357
======================================

========== print chromosome ==========
genes : 0 1 1 1 1 1 0 1 1 0 0 0 1 1 1 1 1 1 1 0 0 1 0 0 0 1 1 1 0 0 0 1 0 0 0 0 0 1 0 1 0 1 0 0 1 0 1 1 0 0 0 1 1 1 0 1 1 1 1 0 0 0 0 1 1 1 0 0 0 0 0 0 1 0 0 1 1 0 1 0 0 1 1 1 0 1 0 0 1 0 1 0 0 1 0 0 0 1 1 0 1 0 0 1 1 1 0 0 1 0 1 0 1 0 0 1 1 0 1 0 0 1 0 0 0 0 0 0 1 0 0 1 1 0 0 0 1 0 0 1 1 1 1 1 1 1 0 0 0 1 0 1 0 1 0 1 0 0 0 0 0 1 0 0 1 1 1 0 1 0 1 0 0 1 1 1 0 1 1 1 0 1 0 1 0 0 0 0 0 1 1 1 1 1 1 1 1 1 0 1 0 0 1 1 1 0 0 1 1 0 0 1 0 1 0 1 1 1 1 1 1 0 1 0 1 0 0 1 1 0 0 1 0 0 1 0 0 1 0 0 0 0 1 1 1 1 1 0 1 0 1 0 1 1 0 1 1 1 0 1 0 1 0 1 0 1 1 1 1 0 1 1 1 1 0 1 1 1 1 1 1 1 1 1 1 1 1 1 1 0 0 1 0 1 0 0 0 1 0 1 0 1 0 1 0 0 1 1 1 1 0 1 1 1 0 1 1 0 0 0 0 0 1 0 1 0 1 0 1 1 0 1 0 0 0 1 1 0 1 0 1 1 0 1 1 0 0 1 1 1 1 0 1 1 0 1 0 1 0 1 1 1 0 0 0 0 0 0 1 1 1 0 0 0 1 0 0 0 1 0 0 1 1 0 0 0 0 1 1 0 1 1 1 1 0 0 1 0 0 1 0 0 0 0 1 0 1 0 1 0 1 0 1 0 1 0 0 1 0 0 0 0 1 0 1 0 1 1 1 0 0 1 1 0 1 1 0 1 0 0 1 1 0 0 0 0 0 0 0 0 0 0 0 1 1 0 0 1 1 1 1 0 1 0 0 1 1 1 0 1 1 1 1 1 0 0 0 0 1 0 1 1 1 0 0 0 0 1 0 1 0 0 0 0 1 0 0 1 0 1 
quality : 4357
======================================

========== print chromosome ==========
genes : 0 1 1 1 1 1 0 1 1 0 0 0 1 1 1 1 0 1 1 0 0 1 0 0 0 1 1 1 0 0 0 1 0 0 0 0 0 1 0 1 0 1 0 0 1 0 1 1 0 0 0 1 1 1 0 1 1 1 1 0 0 0 0 1 1 1 0 0 0 0 0 0 1 0 0 1 1 0 1 0 0 1 1 1 0 1 0 0 0 1 1 0 0 1 0 0 0 1 1 0 1 0 0 1 1 1 0 0 1 0 1 0 1 0 0 1 1 0 1 0 0 1 1 0 0 0 0 0 1 0 0 1 1 0 1 0 1 1 0 1 1 0 1 1 1 1 0 0 0 1 0 1 0 1 0 0 1 0 0 0 0 1 1 0 1 1 1 0 1 0 1 0 0 1 1 1 0 0 1 1 0 1 0 1 0 0 0 0 0 1 1 1 1 1 1 1 1 1 0 1 0 0 1 1 1 0 0 1 1 0 0 1 0 1 0 1 0 1 1 1 1 0 1 0 1 0 0 1 1 0 0 1 0 0 1 0 1 1 0 0 0 0 1 1 1 1 1 0 1 0 1 0 1 1 0 1 1 1 0 1 0 1 0 1 0 1 1 1 1 1 1 1 1 1 0 1 1 1 1 1 1 1 1 1 1 1 1 1 1 0 0 1 0 1 0 0 0 1 0 1 0 1 0 1 0 0 1 1 1 1 0 1 1 1 0 1 1 1 0 0 0 1 1 0 1 0 1 0 1 1 0 1 0 0 0 1 1 0 1 0 1 1 0 1 1 0 0 1 1 1 1 0 1 1 0 1 0 1 0 1 1 1 0 0 0 0 0 0 1 1 1 0 0 0 1 0 0 0 1 0 0 1 1 0 0 0 0 1 1 0 1 1 1 1 0 0 1 0 0 1 0 0 0 0 1 0 1 0 1 0 1 0 1 0 1 0 0 1 0 0 0 0 1 1 0 0 1 1 1 0 0 1 1 0 1 1 0 1 0 0 1 1 0 0 0 0 0 0 0 0 0 0 0 1 1 0 1 1 1 1 1 0 1 0 0 1 1 1 0 1 1 1 1 1 0 0 0 0 1 0 1 1 1 0 0 0 0 1 0 1 0 0 0 0 1 0 0 1 0 1 
quality : 4357
======================================

========== print chromosome ==========
genes : 0 1 1 1 1 1 0 1 1 0 0 0 1 1 1 1 1 1 1 0 0 1 0 0 0 1 1 1 0 0 0 1 0 0 0 0 0 1 0 1 0 1 0 0 1 0 1 1 0 0 0 1 1 1 0 1 1 1 1 0 0 0 0 1 1 1 0 0 0 0 0 0 1 0 0 1 1 0 1 0 0 1 1 1 0 1 0 0 0 1 1 0 0 1 0 0 0 1 1 0 1 0 0 1 1 1 0 0 1 0 1 0 1 0 0 1 1 0 1 0 0 1 1 0 0 0 0 0 1 0 0 1 1 0 1 0 1 0 0 1 1 1 1 1 1 1 0 0 0 1 0 1 0 1 0 0 1 0 0 0 0 1 1 0 1 1 1 0 1 0 1 0 0 0 1 1 0 1 0 1 0 1 0 1 0 0 0 0 0 1 1 1 1 1 1 1 1 1 0 1 0 0 1 1 1 0 0 1 1 0 0 1 0 1 0 1 1 1 1 1 1 0 1 0 1 0 0 1 1 0 0 1 0 0 1 0 1 1 0 0 0 0 1 1 1 1 1 0 1 0 1 0 1 1 0 1 1 0 0 1 0 1 0 1 0 1 1 1 1 1 1 1 1 1 0 1 1 1 1 1 1 1 1 1 1 1 1 1 1 0 0 1 0 1 0 0 0 1 0 1 0 1 0 1 0 0 1 1 1 1 0 1 1 1 0 1 1 1 0 0 0 0 1 0 1 0 1 0 1 1 0 1 0 0 0 1 1 0 1 0 1 1 0 1 1 0 0 1 1 1 1 0 1 1 0 1 0 1 0 1 1 1 0 0 0 0 0 0 1 1 0 0 0 0 1 0 0 0 0 0 0 1 1 0 0 0 0 1 1 0 1 1 1 1 0 0 1 0 0 1 0 0 0 0 1 0 1 0 1 0 1 0 1 0 1 0 0 1 0 0 0 0 1 1 1 0 1 1 1 0 0 1 1 0 1 1 0 1 0 1 1 1 0 0 0 0 0 0 0 0 0 0 0 1 1 1 0 1 1 1 1 0 1 0 0 1 1 1 0 1 1 1 1 1 0 1 0 0 1 0 1 1 0 0 0 0 0 1 0 1 0 0 0 0 1 0 0 1 0 1 
quality : 4357
======================================

========== print chromosome ==========
genes : 0 1 1 1 1 1 0 1 1 0 0 0 1 1 1 1 1 1 1 0 0 1 1 0 0 1 1 1 0 0 0 1 0 0 0 0 0 1 0 1 0 1 0 0 1 0 1 1 0 0 0 1 1 1 0 1 1 1 1 0 0 0 0 1 1 1 0 0 0 0 0 0 1 0 0 1 1 0 1 0 0 1 1 1 0 1 0 0 0 0 1 0 0 1 0 0 0 1 1 0 1 0 0 1 1 1 0 1 1 0 1 0 1 0 0 1 1 1 1 0 0 1 1 0 0 0 0 0 1 0 0 0 1 0 0 0 1 0 0 1 1 1 1 1 1 1 0 0 0 1 0 1 0 1 0 1 0 0 0 0 0 1 0 0 1 1 1 0 1 0 1 1 0 1 1 1 0 1 1 1 0 1 0 1 0 0 0 0 0 1 1 1 1 1 1 1 1 1 0 1 0 0 1 1 1 0 0 1 1 0 0 1 0 1 0 1 1 1 1 1 1 0 1 0 1 0 0 1 1 0 0 1 0 0 1 0 1 1 0 0 0 0 1 1 1 1 1 0 1 0 1 0 1 1 0 1 1 1 0 1 0 1 0 1 0 1 1 1 1 1 1 1 1 1 0 1 1 1 1 1 1 1 1 1 1 1 1 1 1 0 0 1 0 1 0 0 0 1 0 0 0 1 0 1 0 0 1 1 1 1 0 1 1 1 0 1 1 1 0 0 0 0 1 0 1 0 1 0 1 1 0 1 0 0 0 1 1 0 1 0 1 1 0 1 1 0 0 1 1 1 1 0 1 1 0 1 0 1 0 1 1 1 0 0 0 0 0 0 1 1 1 1 0 0 1 0 0 0 1 0 0 1 1 0 0 0 0 1 1 0 1 1 1 1 0 1 1 0 0 1 0 0 0 0 1 0 1 0 1 0 1 0 1 0 1 0 0 1 0 0 0 0 1 1 1 0 1 1 1 0 0 1 1 0 1 1 0 1 0 0 1 1 0 0 0 0 0 0 0 0 0 0 0 1 1 0 0 1 1 1 1 0 1 0 0 1 1 1 0 1 1 1 1 1 0 0 0 0 1 0 1 1 1 0 0 0 0 1 0 1 0 1 0 0 1 0 0 1 0 1 
quality : 4357
======================================

========== print chromosome ==========
genes : 0 1 1 1 1 1 0 1 1 0 1 0 1 1 1 1 1 1 1 0 0 1 0 0 0 1 1 1 0 0 0 1 0 0 0 0 0 0 0 1 0 1 1 0 1 0 1 1 0 0 0 1 1 1 0 1 1 1 1 0 0 0 0 1 1 1 0 0 0 0 0 0 1 0 0 1 1 0 1 0 0 1 1 1 0 1 0 0 0 0 1 0 0 1 0 0 0 1 1 0 1 0 0 1 1 1 0 0 1 0 1 0 1 0 0 1 1 0 1 0 0 1 1 0 0 0 0 0 1 0 0 1 1 0 0 0 1 0 0 1 1 1 1 1 1 1 0 0 0 1 0 1 0 1 0 1 0 0 0 0 0 1 0 0 1 1 1 0 1 0 0 0 0 1 1 1 0 1 1 1 0 1 0 1 0 0 0 0 0 1 1 1 1 1 1 1 1 1 0 0 0 0 1 1 1 0 0 1 1 0 0 1 0 1 0 1 1 1 1 1 1 0 1 0 1 0 0 1 1 0 0 1 0 0 1 0 1 1 0 0 0 0 1 1 1 1 1 0 1 0 1 0 1 1 0 1 1 1 0 1 0 1 0 1 0 1 1 1 1 1 1 1 1 1 0 1 1 1 1 1 1 1 1 1 1 1 1 1 1 0 0 1 1 1 0 0 0 1 0 1 0 1 0 1 0 0 1 1 1 1 0 1 1 1 0 1 1 1 0 0 0 0 1 0 1 0 1 0 1 1 0 1 0 0 0 0 1 0 1 0 1 1 0 1 1 0 0 1 1 1 1 0 1 1 0 1 0 1 0 1 1 1 0 0 0 0 0 0 1 1 1 0 0 0 1 0 0 0 1 0 0 1 1 0 0 0 0 1 1 0 1 1 1 1 0 0 1 0 0 1 0 0 0 0 1 0 1 0 1 0 1 0 1 0 1 0 0 1 1 0 0 0 1 0 1 0 1 1 1 0 0 1 1 0 1 1 0 1 0 0 1 1 0 0 0 0 0 0 0 0 0 0 0 1 1 0 0 1 1 1 1 0 1 0 0 1 1 1 0 1 1 1 1 1 0 0 0 0 1 0 1 1 1 0 0 0 0 1 0 1 0 0 0 0 1 0 0 1 0 1 
quality : 4357
======================================

========== print chromosome ==========
genes : 0 1 1 1 1 1 0 1 1 0 0 0 1 1 1 1 1 1 1 0 0 1 0 0 0 1 1 1 0 0 0 1 0 0 1 0 0 1 0 1 0 1 0 0 1 0 1 1 0 0 0 1 1 1 0 1 1 1 1 0 0 0 0 1 1 1 0 0 1 0 0 0 1 0 0 1 1 0 1 1 0 1 1 1 0 1 0 0 0 1 1 0 0 1 0 0 0 1 1 0 1 0 0 1 1 1 0 0 1 0 1 0 1 0 0 1 1 0 1 0 0 1 1 0 0 0 0 0 1 0 0 1 1 0 1 0 1 0 0 1 1 1 1 1 1 1 0 0 0 1 0 1 0 1 0 0 1 0 0 0 0 1 1 0 1 1 1 0 1 0 1 0 0 1 1 1 0 1 1 1 0 1 0 1 0 0 0 0 0 1 1 1 1 1 1 1 1 1 0 1 0 0 1 1 1 0 0 1 1 0 0 1 0 1 0 1 1 1 1 1 1 0 1 0 1 0 0 1 1 0 0 1 0 0 1 0 1 1 0 0 0 0 1 1 1 1 1 0 1 0 1 0 1 1 0 1 1 1 0 1 0 1 0 1 0 1 1 1 1 1 1 0 1 1 0 1 1 1 1 1 1 1 1 1 1 1 1 1 1 0 0 1 0 1 0 0 0 1 0 1 0 1 0 1 0 0 1 1 1 1 0 1 1 1 0 1 1 1 0 0 0 0 1 0 1 0 1 0 1 1 0 1 0 0 0 1 1 0 1 0 1 1 0 1 1 0 0 1 1 1 1 0 1 1 0 1 0 1 1 1 1 1 0 0 0 0 1 0 1 1 1 0 0 0 1 0 0 0 1 0 0 1 1 0 0 0 0 1 1 0 1 1 1 1 0 0 1 0 0 1 0 0 0 0 1 0 1 0 1 0 1 0 1 0 1 0 0 1 0 0 0 0 1 1 1 0 1 1 1 0 0 1 1 0 1 1 0 1 0 0 1 1 0 0 0 0 0 0 0 0 0 0 0 0 1 0 0 1 1 1 1 0 1 0 0 1 1 1 0 1 1 1 1 1 0 0 0 0 1 0 1 1 1 0 0 0 0 1 0 1 0 0 1 0 1 0 0 1 0 1 
quality : 4357
======================================

========== print chromosome ==========
genes : 0 1 1 1 1 1 0 1 1 0 0 0 1 1 1 1 1 1 1 0 0 1 0 0 0 1 1 1 0 0 0 1 0 0 0 0 0 1 0 1 0 1 0 0 1 0 1 1 0 0 0 1 1 1 0 1 1 1 1 0 0 0 0 1 1 1 0 0 1 0 0 0 1 0 0 1 1 0 1 0 0 1 1 1 0 1 0 0 0 0 1 0 0 1 0 0 0 1 1 0 1 0 0 1 1 1 0 0 1 0 1 0 1 0 0 1 1 0 1 0 0 1 1 0 0 0 0 0 1 0 0 1 1 0 0 0 1 0 0 1 1 1 1 1 1 1 0 0 0 1 0 1 0 1 0 1 0 0 0 0 0 1 0 0 1 1 1 0 1 0 1 0 0 1 1 0 0 1 1 1 0 1 0 1 0 0 0 0 0 1 1 1 1 1 1 1 1 1 0 1 0 0 1 1 1 0 0 1 1 0 0 1 0 1 0 1 1 1 1 1 1 0 1 0 1 0 0 1 1 0 0 1 0 0 1 0 1 1 0 0 0 0 1 1 1 1 1 0 1 0 1 0 1 1 0 1 1 1 0 1 0 1 0 1 0 1 1 1 1 1 1 1 1 1 0 1 1 1 1 1 1 1 1 1 1 1 1 1 1 0 0 1 0 1 0 0 0 1 0 1 0 1 0 1 0 0 1 1 1 1 0 1 1 1 0 1 1 1 0 0 0 0 1 0 1 0 1 0 1 1 0 1 0 0 0 1 1 0 1 0 1 1 0 1 1 0 0 1 1 1 1 0 1 1 0 1 0 1 0 1 1 1 0 0 0 0 0 0 1 1 1 0 0 0 1 0 0 0 1 0 0 1 1 0 1 0 0 1 1 0 1 1 1 1 0 0 1 0 0 1 0 0 0 0 1 0 1 0 1 0 1 0 1 0 1 0 0 1 0 0 0 0 1 1 1 0 1 1 1 0 0 1 1 0 1 1 0 1 0 0 1 1 0 0 0 0 0 0 0 0 0 0 0 1 1 0 0 1 1 1 1 0 1 0 0 1 1 1 0 1 1 1 1 1 0 0 0 0 1 0 1 1 1 0 0 0 0 1 0 1 0 0 0 0 1 0 0 1 0 1 
quality : 4357
======================================

========== print chromosome ==========
genes : 0 1 1 1 1 1 0 1 1 0 0 0 1 1 1 1 1 1 1 0 0 1 0 0 0 1 1 1 0 0 0 1 0 0 0 0 0 1 0 1 0 1 0 0 1 0 1 1 0 0 0 1 1 1 0 1 1 1 1 0 0 0 0 1 1 1 0 0 0 0 0 0 1 0 0 1 1 0 1 0 0 1 1 1 0 1 0 0 0 0 1 0 0 1 0 0 0 1 1 0 1 0 0 1 1 1 0 0 1 0 1 0 1 0 0 1 1 1 1 0 1 1 1 0 0 0 0 0 1 0 0 1 1 0 1 0 1 0 0 1 1 1 1 1 1 1 0 0 0 1 0 1 0 1 0 0 1 0 0 0 0 1 1 0 1 1 1 0 1 0 1 0 0 1 1 1 0 0 1 1 0 1 0 1 0 0 0 0 0 1 1 0 1 1 1 1 1 1 0 1 0 0 1 1 1 0 0 1 1 0 0 1 0 1 0 1 1 1 1 1 1 0 1 0 1 0 0 1 1 0 0 1 0 0 1 0 1 1 0 0 0 0 1 1 1 0 1 0 1 0 1 0 1 1 0 1 1 1 1 1 0 1 0 1 0 1 1 1 1 1 1 1 1 1 0 1 1 1 1 1 1 1 1 1 1 1 1 1 1 0 0 1 0 1 0 0 0 1 0 1 0 1 0 1 0 0 1 1 1 1 0 1 1 1 0 1 1 1 0 0 0 0 1 0 1 0 1 0 1 1 0 1 0 0 0 1 1 0 1 0 1 1 0 1 1 0 0 1 1 1 1 0 1 1 0 1 0 1 0 1 1 0 0 0 0 1 0 0 1 1 1 0 0 0 1 0 0 0 1 0 0 1 1 0 0 0 0 1 1 0 1 1 1 1 0 0 1 0 0 1 0 0 0 0 1 0 1 0 1 0 1 0 1 0 1 0 0 1 0 0 0 0 1 1 1 0 1 1 1 0 0 1 1 0 1 1 0 1 0 0 1 1 0 0 0 0 0 0 0 0 0 0 0 1 1 0 0 1 1 1 1 0 1 0 0 1 1 1 0 1 1 1 1 1 0 0 0 0 1 0 1 1 1 0 0 0 0 1 0 1 0 0 0 0 1 0 0 1 0 1 
quality : 4357
======================================

========== print chromosome ==========
genes : 0 1 1 1 1 1 0 1 1 0 0 0 1 1 1 1 1 1 1 0 0 1 0 0 0 1 1 1 0 0 0 1 0 0 0 0 0 1 0 1 0 1 0 0 1 0 1 1 0 0 0 1 1 1 0 1 1 1 1 0 0 0 0 1 1 1 0 0 0 0 0 0 1 0 0 1 1 0 1 1 0 1 1 1 0 1 0 0 0 1 1 0 0 1 0 0 0 1 1 0 1 0 0 1 1 1 0 0 1 0 1 0 0 0 0 1 1 0 1 0 0 1 1 0 0 0 0 0 1 0 0 1 1 0 1 0 1 0 0 1 1 1 1 1 1 1 0 0 0 1 0 1 0 1 0 0 1 0 0 0 0 1 0 0 1 1 1 0 1 0 1 1 0 1 1 1 0 1 1 1 0 1 0 1 0 0 0 0 0 1 1 1 1 1 1 1 1 1 0 1 0 0 1 1 1 0 0 1 0 0 0 1 0 1 0 1 1 0 1 1 1 0 1 1 1 0 0 1 1 0 0 1 0 0 1 0 1 1 0 0 0 0 1 1 1 1 1 0 1 0 1 0 1 1 0 1 1 1 0 1 0 1 0 1 0 1 1 1 1 0 1 1 1 1 0 1 1 1 1 1 1 1 1 1 1 1 1 1 1 0 0 1 0 1 0 0 0 1 0 1 0 1 0 1 0 0 1 1 1 1 0 1 1 1 0 1 1 1 0 0 0 0 1 0 1 0 1 0 1 1 0 1 0 0 0 1 1 0 1 0 1 1 0 1 1 0 0 1 1 1 0 0 1 1 0 1 0 1 0 1 1 1 0 0 0 0 0 0 1 1 1 0 0 0 1 0 0 0 1 0 0 1 1 0 0 1 0 1 1 0 1 1 1 0 0 0 1 0 0 1 0 0 0 0 1 0 1 0 1 0 1 0 1 0 1 0 0 1 0 0 0 0 1 1 1 0 1 1 1 0 0 1 1 0 1 1 0 1 0 0 1 1 0 0 0 0 0 0 0 0 0 0 0 0 1 0 0 1 1 1 1 0 1 0 0 1 1 1 0 1 1 1 1 1 0 0 0 0 1 0 1 1 1 0 0 0 0 1 0 1 0 0 0 0 1 0 0 1 0 1 
quality : 4360
======================================

========== print final result ==========
Generations evolved: 454726
Best quality: 4360
Mean quality: 4340.600098
Standard deviation: 36.351215
======================================

2 3 4 5 6 8 9 13 14 15 16 17 18 19 22 26 27 28 32 38 40 42 45 47 48 52 53 54 56 57 58 59 64 65 66 73 76 77 79 80 82 83 84 86 90 91 94 98 99 101 104 105 106 109 111 116 117 119 122 123 129 132 133 135 137 140 141 142 143 144 145 146 150 152 154 157 162 165 166 167 169 171 172 174 175 176 178 179 180 182 184 190 191 192 193 194 195 196 197 198 200 203 204 205 208 212 214 216 217 219 220 221 223 224 225 228 229 232 235 237 238 243 244 245 246 247 249 251 253 254 256 257 258 260 262 264 266 267 268 269 271 272 273 274 276 277 278 279 280 281 282 283 284 285 286 287 288 289 292 294 298 300 302 304 307 308 309 310 312 313 314 316 317 318 323 325 327 329 330 332 336 337 339 341 342 344 345 348 349 350 353 354 356 358 360 361 362 369 370 371 375 379 382 383 386 388 389 391 392 393 397 400 405 407 409 411 413 415 418 423 424 425 427 428 429 432 433 435 436 438 441 442 455 458 459 460 461 463 466 467 468 470 471 472 473 474 479 481 482 483 488 490 495 498 500 