========== print final result ==========
Generations evolved: 6785953
Best quality: 350
Mean quality: 349.500000
Standard deviation: 1.317893
======================================

Number of population: 20

========== print chromosome ==========
genes : 0 1 0 1 1 0 1 1 0 0 1 0 0 0 1 0 0 0 1 0 1 1 0 1 0 0 1 0 0 0 1 1 0 0 0 0 0 1 0 1 0 1 1 1 0 0 0 0 0 1 0 1 1 0 1 1 1 1 1 1 0 0 1 1 0 1 0 1 0 0 1 0 0 1 1 1 0 0 1 0 0 1 0 1 0 1 1 0 1 0 1 0 0 0 0 1 1 1 1 1 
quality : 347
======================================

========== print chromosome ==========
genes : 0 1 0 1 1 0 1 1 0 1 1 0 0 0 1 0 0 0 1 0 1 1 0 1 0 0 0 0 0 0 1 1 1 0 0 0 0 1 0 1 1 1 1 1 0 0 0 0 0 1 0 1 1 0 1 1 1 1 1 0 0 0 1 1 0 1 0 1 0 0 1 0 0 1 1 1 0 1 0 0 0 1 0 1 0 1 1 0 1 0 1 0 0 0 0 1 1 1 1 1 
quality : 350
======================================

========== print chromosome ==========
genes : 0 1 0 1 1 0 1 1 0 0 1 0 0 0 1 0 0 0 1 0 1 1 0 1 0 0 1 1 0 0 1 1 1 0 0 0 0 1 0 1 1 1 1 1 0 0 0 0 0 1 0 1 1 0 1 1 1 1 1 1 0 1 1 1 0 1 0 1 0 1 1 0 0 1 1 1 1 1 1 0 0 1 0 1 0 1 1 0 1 0 1 0 0 0 0 1 1 1 1 1 
quality : 348
======================================

========== print chromosome ==========
genes : 0 1 0 1 1 0 1 1 0 0 0 0 0 0 1 0 0 0 1 0 1 1 0 1 0 0 1 0 1 0 1 1 1 0 0 0 0 1 0 1 1 1 0 1 0 0 0 0 0 0 0 1 1 0 1 1 1 1 1 1 0 0 1 1 0 1 0 1 0 0 1 0 0 1 1 1 0 1 1 0 0 1 0 1 0 1 1 0 1 0 1 0 0 0 0 1 1 1 1 1 
quality : 345
======================================

========== print chromosome ==========
genes : 0 1 0 1 1 0 1 0 0 0 1 0 0 0 1 0 0 0 1 0 1 1 0 1 0 0 1 0 0 0 1 1 1 0 0 0 0 1 0 1 1 1 1 1 0 0 0 0 0 1 0 1 1 0 1 1 1 1 1 1 0 0 1 1 0 1 0 1 0 0 1 0 0 1 1 1 0 1 0 0 0 1 0 1 0 1 1 0 1 0 1 0 0 0 0 1 1 1 1 1 
quality : 350
======================================

========== print chromosome ==========
genes : 0 1 0 1 1 0 1 1 0 0 1 0 0 0 1 0 0 0 1 0 1 1 0 1 0 0 1 0 0 0 1 1 1 0 0 0 0 1 0 1 1 1 1 1 0 0 0 0 0 1 0 1 1 0 1 1 1 1 1 1 0 0 1 1 0 1 0 1 0 0 1 0 0 1 1 1 0 1 1 0 0 1 0 1 0 1 1 0 1 0 1 0 0 0 0 1 1 1 1 1 
quality : 350
======================================

========== print chromosome ==========
genes : 0 1 0 1 1 0 1 1 0 0 1 0 0 0 1 0 0 0 1 0 1 1 0 1 0 0 1 1 0 0 1 1 1 0 0 0 0 1 0 1 1 1 1 1 0 0 0 0 0 1 0 1 1 0 1 1 1 1 1 1 0 0 1 1 0 1 0 1 0 0 1 0 0 1 1 1 1 0 1 0 0 1 0 1 0 1 1 0 1 0 1 0 0 0 0 1 1 1 1 1 
quality : 350
======================================

========== print chromosome ==========
genes : 0 1 0 1 1 0 1 1 0 0 1 0 0 0 1 0 0 0 1 0 1 1 0 1 0 0 1 0 0 0 1 0 1 0 0 0 0 1 0 1 1 1 1 1 0 0 0 0 0 1 0 1 1 0 1 1 1 1 1 1 0 0 1 1 0 1 0 1 0 0 1 0 0 1 1 1 0 1 1 0 0 1 0 1 0 1 1 0 1 0 1 0 0 0 0 1 1 1 1 1 
quality : 350
======================================

========== print chromosome ==========
genes : 0 1 0 1 1 0 1 1 0 0 1 0 0 0 1 0 0 0 1 0 1 1 0 0 0 0 1 0 0 0 1 1 1 0 0 0 0 1 0 1 1 1 1 1 0 0 0 0 0 1 0 1 1 0 1 1 1 1 1 1 0 0 1 1 0 1 0 1 0 0 1 0 0 1 1 1 0 1 1 0 0 1 0 1 0 1 1 0 1 0 1 0 0 0 1 1 1 1 1 1 
quality : 350
======================================

========== print chromosome ==========
genes : 0 1 0 1 1 0 1 1 0 0 1 0 0 0 1 0 0 0 1 0 1 1 0 1 0 0 1 0 0 0 1 1 1 0 0 0 0 1 0 1 1 1 1 1 0 0 0 0 0 0 0 1 1 0 1 1 1 1 1 1 0 0 1 1 0 1 0 1 0 0 1 0 0 1 1 1 0 1 1 0 1 1 0 1 0 1 1 0 1 0 1 0 0 0 0 1 1 1 1 1 
quality : 350
======================================

========== print chromosome ==========
genes : 0 1 0 1 1 0 1 1 0 0 1 0 0 0 1 0 0 0 1 0 1 1 0 1 0 0 1 0 1 0 1 1 1 0 0 0 0 1 0 1 1 1 1 1 0 0 0 0 0 0 0 1 1 0 1 1 1 1 1 1 0 0 1 1 0 1 0 1 0 0 1 0 0 1 1 1 0 1 1 0 0 1 0 1 0 1 1 0 1 0 1 0 0 0 0 1 1 1 1 1 
quality : 350
======================================

========== print chromosome ==========
genes : 0 1 0 1 1 0 1 1 0 0 1 0 0 0 1 0 1 0 1 0 1 1 0 1 0 0 1 0 0 0 1 1 1 0 0 0 0 1 0 0 1 1 1 1 0 0 0 0 0 1 0 1 1 0 1 1 0 1 1 1 0 0 1 1 0 1 0 1 0 0 1 0 0 1 1 1 0 1 1 0 0 1 0 1 0 1 1 0 1 0 1 0 0 0 0 1 1 1 1 1 
quality : 350
======================================

========== print chromosome ==========
genes : 0 1 0 1 1 0 1 1 0 0 1 0 0 0 1 0 0 0 1 0 1 1 0 1 0 0 1 0 0 0 1 1 1 0 0 0 0 0 0 1 1 1 1 1 0 0 0 0 1 1 0 1 1 0 1 1 1 1 1 1 0 0 1 1 0 1 1 1 0 0 1 0 0 1 1 1 0 1 1 0 0 1 0 1 0 1 1 0 1 0 1 0 0 0 0 1 1 1 1 1 
quality : 350
======================================

========== print chromosome ==========
genes : 0 1 0 1 1 0 1 1 0 0 1 0 0 0 1 0 0 0 1 0 1 1 0 1 0 0 1 0 0 0 1 1 1 0 0 0 0 1 0 1 1 1 1 1 0 0 0 0 0 1 0 1 1 0 1 1 1 1 1 1 0 0 1 1 0 1 0 1 0 0 1 0 0 0 1 1 0 1 1 0 0 1 0 1 0 1 1 0 1 1 1 0 0 0 0 1 1 1 1 1 
quality : 350
======================================

========== print chromosome ==========
genes : 0 1 0 1 1 0 1 1 0 0 1 0 0 0 1 0 0 0 1 0 1 1 0 1 0 0 1 0 0 0 1 1 1 0 0 0 0 1 0 1 1 1 1 1 0 0 0 0 0 1 0 1 1 0 1 1 1 0 1 1 0 1 1 1 0 1 0 1 0 0 1 0 0 1 1 1 0 1 1 0 1 1 0 1 0 1 1 0 1 0 1 0 0 0 0 1 1 1 1 1 
quality : 350
======================================

========== print chromosome ==========
genes : 0 1 0 1 1 0 1 1 0 0 1 0 0 0 1 0 0 0 1 0 1 1 0 1 0 0 1 0 0 0 1 1 1 0 0 0 0 1 0 1 1 1 1 1 0 0 0 0 0 1 0 1 1 0 1 1 1 1 1 1 0 1 1 1 0 1 0 1 0 0 1 0 0 1 1 1 0 1 1 0 0 1 0 1 0 1 1 0 1 0 1 0 0 0 0 1 1 1 1 1 
quality : 350
======================================

========== print chromosome ==========
genes : 0 1 0 1 1 0 1 1 0 0 1 0 0 0 1 0 0 0 1 0 1 1 0 1 0 0 1 0 0 0 1 1 1 0 0 0 0 1 0 1 1 1 1 1 0 0 0 0 0 0 0 1 1 0 1 1 1 1 1 1 0 0 1 1 0 1 0 1 0 0 1 0 0 0 1 1 0 1 1 0 0 1 0 1 0 1 1 0 1 0 1 0 0 0 0 1 1 1 1 1 
quality : 350
======================================

========== print chromosome ==========
genes : 0 1 0 1 1 0 1 1 0 0 1 0 0 0 1 0 0 0 1 0 1 1 0 1 0 0 1 0 0 0 1 1 1 0 0 0 0 1 0 1 1 1 1 1 0 0 0 0 0 1 0 1 1 0 1 1 1 1 1 1 0 0 1 1 0 1 0 1 0 0 1 0 0 1 1 1 0 0 1 0 0 1 0 1 0 1 1 0 1 0 1 0 0 0 0 1 1 1 1 1 
quality : 350
======================================

========== print chromosome ==========
genes : 0 1 0 1 1 0 1 1 0 0 1 0 0 0 1 0 0 0 1 0 1 1 0 1 0 0 1 0 0 0 1 1 1 0 0 0 0 0 0 1 1 1 1 1 0 0 0 0 0 1 0 1 1 0 1 1 1 1 1 1 0 0 1 1 0 1 0 1 0 0 1 0 0 1 1 1 0 1 1 0 0 1 0 1 0 1 1 0 1 0 1 0 0 0 0 1 1 1 1 1 
quality : 350
======================================

========== print chromosome ==========
genes : 0 1 0 1 1 0 1 1 0 0 1 0 0 0 1 0 1 0 1 0 1 1 0 1 0 0 1 0 0 0 1 1 1 0 0 0 0 1 0 1 1 1 1 1 0 0 0 0 0 1 0 1 1 0 1 1 1 1 1 1 0 0 1 1 0 1 0 1 0 0 1 0 0 1 1 1 0 1 1 0 0 1 0 1 0 1 0 0 1 0 1 0 0 0 0 1 1 1 1 1 
quality : 350
======================================

========== print final result ==========
Generations evolved: 6785953
Best quality: 350
Mean quality: 349.500000
Standard deviation: 1.317893
======================================

2 4 5 7 8 11 15 17 19 21 22 24 27 31 32 33 38 40 41 42 43 44 50 52 53 55 56 57 58 59 60 63 64 66 68 71 74 75 76 78 79 82 84 86 89 91 96 97 98 99 100 