========== print final result ==========
Generations evolved: 27014020
Best quality: 96
Mean quality: 95.800003
Standard deviation: 0.894427
======================================

Number of population: 20

========== print chromosome ==========
genes : 1 1 0 0 1 0 0 1 0 1 0 0 1 0 0 1 1 1 0 0 0 1 1 1 0 1 0 0 1 0 0 0 0 0 0 1 0 1 1 1 1 0 0 0 1 1 0 0 0 0 
quality : 96
======================================

========== print chromosome ==========
genes : 1 1 0 0 1 0 0 1 1 1 0 0 1 0 0 1 1 1 0 0 0 1 1 1 0 1 0 0 1 0 0 0 0 0 0 1 0 1 1 1 1 0 0 0 1 1 0 0 0 0 
quality : 96
======================================

========== print chromosome ==========
genes : 1 1 0 0 1 0 0 1 1 1 0 0 1 0 0 1 1 1 0 0 0 1 1 1 0 1 0 0 1 0 0 0 0 0 0 1 0 1 1 1 1 0 0 0 1 1 0 0 0 0 
quality : 96
======================================

========== print chromosome ==========
genes : 1 1 0 0 1 0 0 1 1 1 0 0 1 0 0 1 1 1 1 0 0 1 1 1 0 1 0 0 1 1 0 0 0 0 0 1 0 1 1 1 1 1 0 0 1 1 0 0 0 0 
quality : 92
======================================

========== print chromosome ==========
genes : 1 1 0 0 1 0 0 1 1 1 0 0 1 0 0 1 1 1 0 0 0 1 1 1 0 1 0 0 1 0 0 0 0 0 0 1 0 1 1 1 1 0 0 0 1 1 0 0 0 1 
quality : 96
======================================

========== print chromosome ==========
genes : 1 1 0 0 1 0 0 1 1 1 0 0 1 0 0 1 1 1 0 0 0 1 1 1 0 1 0 0 1 0 0 0 0 0 0 1 0 1 1 1 1 0 0 0 1 1 0 0 0 0 
quality : 96
======================================

========== print chromosome ==========
genes : 1 1 0 0 1 0 0 1 1 1 0 0 1 0 0 1 1 1 0 0 0 1 1 1 0 1 0 0 1 0 0 0 0 0 0 1 0 1 1 1 1 0 0 0 1 1 0 0 0 0 
quality : 96
======================================

========== print chromosome ==========
genes : 1 1 0 0 1 0 0 1 1 1 0 0 1 0 0 1 1 1 0 0 0 1 1 1 0 1 0 0 1 0 0 0 0 0 0 1 0 1 1 1 1 0 0 0 1 1 0 0 0 0 
quality : 96
======================================

========== print chromosome ==========
genes : 1 1 0 0 1 0 0 1 1 1 0 0 1 0 0 1 1 1 0 0 0 1 1 1 0 1 0 0 1 0 0 0 0 0 0 1 0 1 1 1 1 0 0 0 1 1 0 0 0 1 
quality : 96
======================================

========== print chromosome ==========
genes : 1 1 0 0 1 0 0 1 1 1 0 0 1 0 0 1 1 1 0 0 0 1 1 1 0 1 0 0 1 0 0 0 0 0 0 1 0 1 1 1 1 0 0 0 1 1 0 0 0 0 
quality : 96
======================================

========== print chromosome ==========
genes : 1 1 0 0 1 0 0 1 1 1 0 0 1 0 0 1 1 1 1 0 0 1 1 1 0 1 0 0 1 0 0 0 0 0 0 1 0 1 1 1 1 1 0 0 1 1 0 0 0 0 
quality : 96
======================================

========== print chromosome ==========
genes : 1 1 0 0 1 0 0 1 1 1 0 0 1 0 0 1 1 1 0 0 0 1 1 1 0 1 0 0 1 0 0 0 0 0 0 1 0 0 1 1 1 0 0 0 1 1 0 1 0 0 
quality : 96
======================================

========== print chromosome ==========
genes : 1 1 0 0 1 0 0 1 1 1 0 0 1 0 0 1 1 1 0 0 1 1 1 1 0 1 0 0 1 0 0 0 0 0 0 1 0 1 1 1 1 0 0 0 1 1 0 0 0 0 
quality : 96
======================================

========== print chromosome ==========
genes : 1 1 0 0 1 0 0 1 1 1 0 0 1 0 0 1 1 1 0 0 0 1 1 1 0 1 0 0 1 0 0 0 0 0 0 1 0 1 1 1 1 0 0 0 1 1 0 0 0 0 
quality : 96
======================================

========== print chromosome ==========
genes : 1 1 0 0 1 0 0 1 1 1 0 0 1 0 0 1 1 1 0 0 0 1 1 1 0 1 0 0 1 0 0 0 0 0 0 1 0 1 1 1 1 0 0 0 1 1 0 0 0 0 
quality : 96
======================================

========== print chromosome ==========
genes : 1 1 0 0 1 0 0 1 1 1 0 0 1 0 0 1 1 1 0 0 0 1 1 1 0 1 0 0 1 0 0 0 0 0 0 1 0 1 1 1 1 0 0 0 1 1 0 0 0 0 
quality : 96
======================================

========== print chromosome ==========
genes : 1 1 0 0 1 0 0 1 1 1 0 0 1 0 0 1 1 1 0 0 0 1 1 1 0 1 0 0 1 0 0 0 0 0 0 1 0 1 1 1 1 0 0 0 1 1 0 0 0 1 
quality : 96
======================================

========== print chromosome ==========
genes : 1 1 0 0 1 0 0 1 1 1 0 0 1 0 0 1 1 1 0 0 0 1 1 1 0 1 0 0 1 0 0 0 0 0 0 1 0 1 1 1 1 0 0 0 1 1 0 0 0 0 
quality : 96
======================================

========== print chromosome ==========
genes : 1 1 0 0 1 0 0 1 1 1 0 0 1 0 0 1 1 1 0 0 0 1 1 1 0 1 0 0 1 0 0 0 0 0 0 1 0 1 1 1 1 0 0 0 1 1 0 0 0 0 
quality : 96
======================================

========== print chromosome ==========
genes : 1 1 0 0 1 0 0 1 1 1 0 0 1 0 0 1 1 1 0 0 0 1 1 1 0 1 0 0 1 0 0 0 0 0 0 1 0 1 1 1 1 0 0 0 1 1 0 0 0 0 
quality : 96
======================================

========== print final result ==========
Generations evolved: 27014020
Best quality: 96
Mean quality: 95.800003
Standard deviation: 0.894427
======================================

1 2 5 8 9 10 13 16 17 18 22 23 24 26 29 36 38 39 40 41 45 46 