========== print final result ==========
Generations evolved: 8301973
Best quality: 99
Mean quality: 98.333336
Standard deviation: 1.397864
======================================

Number of population: 30

========== print chromosome ==========
genes : 1 0 0 1 1 1 0 1 0 1 1 1 0 1 1 0 1 0 0 0 1 0 1 0 0 0 1 1 0 1 1 0 0 1 0 0 1 1 1 0 0 0 0 0 0 1 0 1 0 1 
quality : 97
======================================

========== print chromosome ==========
genes : 0 0 0 1 1 1 0 1 0 1 1 1 0 1 1 0 1 0 0 0 1 1 1 0 0 0 1 1 1 1 1 0 0 1 0 0 1 1 1 0 0 0 0 0 0 1 0 1 0 1 
quality : 97
======================================

========== print chromosome ==========
genes : 0 0 0 1 1 1 0 1 0 1 0 1 0 1 1 0 1 0 0 0 1 1 1 0 0 0 1 1 1 1 1 0 0 1 0 0 1 0 1 0 0 0 0 1 0 1 0 1 0 1 
quality : 97
======================================

========== print chromosome ==========
genes : 1 0 0 1 1 1 0 1 0 1 1 1 0 1 1 0 1 0 0 0 1 1 1 0 0 0 1 1 1 1 1 0 0 1 0 0 1 1 1 0 0 0 0 1 0 1 0 1 0 1 
quality : 94
======================================

========== print chromosome ==========
genes : 1 0 0 1 1 1 0 1 0 1 1 1 0 1 1 0 1 1 0 0 1 1 1 0 0 0 1 1 1 1 1 0 0 0 0 1 1 1 1 0 0 0 0 0 0 1 0 1 0 1 
quality : 94
======================================

========== print chromosome ==========
genes : 0 0 0 1 1 1 0 1 0 1 1 1 0 1 1 0 1 0 0 0 1 1 1 0 0 0 1 1 1 1 1 0 0 1 0 0 1 1 1 0 0 0 1 0 0 1 0 1 0 1 
quality : 99
======================================

========== print chromosome ==========
genes : 1 0 0 1 1 1 0 1 0 1 1 1 0 1 1 0 1 0 0 0 1 1 1 0 0 0 1 1 1 1 1 0 0 1 0 0 1 1 1 0 0 0 0 0 0 1 0 1 0 1 
quality : 99
======================================

========== print chromosome ==========
genes : 1 0 0 1 1 1 0 1 0 1 1 1 0 1 1 0 1 0 0 0 1 1 1 0 0 0 1 1 1 1 1 0 0 1 0 0 1 1 1 0 0 0 0 0 0 1 0 1 0 1 
quality : 99
======================================

========== print chromosome ==========
genes : 1 0 0 1 1 1 0 1 0 1 1 1 0 1 1 0 1 0 0 0 1 1 1 0 0 0 1 1 1 1 1 0 0 1 0 0 1 1 1 0 0 0 0 1 0 1 0 1 0 1 
quality : 99
======================================

========== print chromosome ==========
genes : 1 0 0 1 1 1 0 1 0 1 1 1 0 1 1 0 1 0 0 0 1 1 1 0 0 0 1 1 1 1 1 0 0 1 0 0 1 1 1 0 0 1 0 0 0 1 0 0 0 1 
quality : 97
======================================

========== print chromosome ==========
genes : 1 0 0 1 1 1 0 1 1 1 1 1 0 1 1 0 1 0 0 0 1 1 1 0 0 0 1 1 1 1 1 0 0 1 0 0 1 1 1 0 0 0 0 0 0 1 0 1 0 1 
quality : 99
======================================

========== print chromosome ==========
genes : 0 0 0 1 1 0 0 1 0 1 1 1 0 1 1 0 1 0 0 0 1 1 1 0 0 0 1 1 1 1 1 0 0 1 0 0 1 1 1 0 0 0 0 0 0 1 0 1 0 1 
quality : 97
======================================

========== print chromosome ==========
genes : 1 0 0 1 1 1 0 1 0 1 1 1 0 1 1 0 1 0 0 0 1 1 1 0 0 0 1 1 1 1 1 0 0 1 0 0 1 1 1 0 0 0 0 0 0 1 0 1 1 1 
quality : 99
======================================

========== print chromosome ==========
genes : 1 0 0 1 1 1 0 1 0 1 1 1 0 1 1 0 1 0 0 0 1 1 1 0 0 0 1 1 1 1 1 0 0 1 0 0 1 1 1 0 0 0 0 0 0 1 0 1 0 1 
quality : 99
======================================

========== print chromosome ==========
genes : 1 0 0 1 1 1 0 1 0 1 1 1 0 1 1 0 1 0 0 0 1 1 1 0 0 0 1 1 1 1 1 0 0 1 0 0 1 1 1 0 0 0 0 0 0 1 0 1 0 1 
quality : 99
======================================

========== print chromosome ==========
genes : 1 0 0 1 1 1 0 1 1 1 1 1 0 0 1 0 1 0 0 0 1 1 1 0 0 0 1 1 1 1 1 0 0 1 0 0 1 1 1 0 0 0 0 0 0 1 0 1 0 1 
quality : 99
======================================

========== print chromosome ==========
genes : 1 0 0 1 1 1 0 1 0 1 1 1 0 1 1 0 1 0 0 0 1 1 1 0 0 0 1 1 1 1 1 0 0 1 0 0 1 1 1 0 0 0 0 0 0 1 0 1 0 1 
quality : 99
======================================

========== print chromosome ==========
genes : 1 0 0 1 1 1 0 1 0 1 1 1 0 1 1 0 1 0 0 0 1 1 1 0 0 0 1 1 1 1 1 0 0 1 0 0 1 1 1 0 0 0 0 0 0 1 0 1 0 1 
quality : 99
======================================

========== print chromosome ==========
genes : 1 0 0 1 1 1 0 1 0 1 1 1 0 1 1 0 1 0 0 0 1 1 1 0 0 0 1 1 1 1 1 0 0 1 0 0 1 1 1 0 0 0 0 1 0 1 0 1 0 1 
quality : 99
======================================

========== print chromosome ==========
genes : 1 0 0 1 1 1 0 1 0 1 1 1 0 1 1 0 1 0 0 0 1 1 1 0 0 0 1 1 1 1 1 0 0 1 0 0 1 1 1 0 0 0 0 0 0 1 0 1 0 1 
quality : 99
======================================

========== print chromosome ==========
genes : 1 0 0 1 1 1 0 1 0 1 0 1 0 1 1 1 1 0 0 1 1 1 1 0 0 0 1 1 1 1 1 0 0 1 0 0 1 1 1 0 0 0 0 0 0 1 0 1 0 1 
quality : 99
======================================

========== print chromosome ==========
genes : 1 0 0 1 1 1 0 1 0 1 1 1 0 1 1 0 1 0 0 0 1 1 1 0 0 0 1 1 1 1 1 0 0 1 0 0 1 1 1 0 0 0 0 0 0 1 0 1 0 1 
quality : 99
======================================

========== print chromosome ==========
genes : 1 0 0 1 1 1 0 1 0 1 1 1 0 1 1 0 1 0 0 0 1 1 1 0 0 0 1 1 1 1 1 0 0 1 0 0 1 1 1 0 0 0 0 0 0 1 0 1 0 1 
quality : 99
======================================

========== print chromosome ==========
genes : 0 0 0 1 1 1 0 1 0 1 1 1 0 1 1 0 1 0 0 1 1 1 1 0 0 0 1 1 1 1 1 0 0 1 0 0 1 1 1 0 0 0 0 0 0 1 0 0 0 1 
quality : 99
======================================

========== print chromosome ==========
genes : 1 0 0 1 1 1 0 1 0 1 1 1 0 1 1 0 1 0 0 0 1 1 0 0 0 0 1 1 1 1 1 0 0 1 0 0 0 1 1 0 0 0 0 0 0 1 0 1 0 1 
quality : 99
======================================

========== print chromosome ==========
genes : 1 0 0 1 1 1 0 1 0 1 1 1 0 1 1 0 1 0 0 0 1 0 1 0 0 0 1 1 1 1 1 0 0 1 0 0 1 1 1 0 0 0 0 0 0 1 0 1 0 1 
quality : 99
======================================

========== print chromosome ==========
genes : 1 0 0 1 1 1 0 1 0 1 1 1 0 1 1 0 1 0 0 0 1 1 1 0 0 0 1 1 1 1 1 0 0 1 0 0 1 1 1 0 0 0 0 0 0 1 0 1 0 1 
quality : 99
======================================

========== print chromosome ==========
genes : 1 0 0 1 1 1 0 1 0 1 1 1 0 1 1 0 1 0 0 0 1 1 1 0 0 0 1 1 1 1 0 0 0 1 0 0 1 1 1 0 0 0 0 0 0 1 0 1 0 1 
quality : 99
======================================

========== print chromosome ==========
genes : 1 0 0 1 1 1 0 1 0 1 1 1 0 1 1 0 1 0 0 0 1 1 1 0 0 0 1 1 1 1 1 0 0 1 0 0 1 1 1 0 0 0 0 0 0 0 0 1 0 1 
quality : 99
======================================

========== print chromosome ==========
genes : 1 0 0 1 1 1 0 1 0 1 1 1 0 1 1 0 1 0 0 0 1 1 1 0 0 0 1 1 1 1 1 0 0 1 0 0 1 1 1 0 0 0 0 0 0 1 0 1 0 1 
quality : 99
======================================

========== print final result ==========
Generations evolved: 8301973
Best quality: 99
Mean quality: 98.333336
Standard deviation: 1.397864
======================================

1 4 5 6 8 10 11 12 14 15 17 21 22 23 27 28 29 30 31 34 37 38 39 46 48 50 