========== print final result ==========
Generations evolved: 159786
Best quality: 3131
Mean quality: 3109.766602
Standard deviation: 22.855898
======================================

Number of population: 30

========== print chromosome ==========
genes : 1 1 1 0 0 1 1 1 1 1 1 1 0 1 0 1 0 0 1 0 0 1 0 0 0 1 0 1 1 0 1 0 0 1 1 1 1 0 1 0 1 0 1 0 1 0 1 0 0 1 1 1 0 0 0 1 1 0 1 0 0 0 1 1 0 0 0 0 1 0 1 0 0 0 0 1 0 0 1 1 1 1 0 1 0 1 0 0 0 1 1 0 0 0 1 0 1 1 0 1 0 0 1 1 1 1 0 0 1 1 0 1 0 1 1 0 1 1 0 1 0 1 1 1 0 0 0 0 0 0 1 1 1 0 0 0 0 0 0 0 1 1 1 1 0 0 1 1 0 1 0 0 1 1 1 0 1 1 0 0 1 0 0 0 1 1 0 0 0 1 1 0 0 1 1 1 0 1 1 0 1 0 1 0 1 0 0 1 0 0 1 0 1 1 1 0 1 1 1 0 0 0 1 0 0 1 1 1 0 0 1 0 0 0 0 0 1 0 0 1 0 0 1 1 0 1 1 0 1 1 1 1 0 0 0 0 0 0 0 1 0 0 0 0 1 1 0 0 0 0 1 0 0 1 1 1 0 1 1 1 0 1 0 0 1 0 1 0 0 1 0 0 1 1 0 1 1 0 1 1 0 0 1 1 0 0 0 0 0 0 0 0 1 0 0 1 0 0 1 0 1 1 0 0 1 1 1 0 0 0 1 1 1 1 1 0 0 1 1 1 0 0 1 0 1 1 1 0 0 0 0 1 0 1 0 1 1 1 1 0 1 0 1 1 1 1 0 1 1 0 1 1 1 0 0 1 1 0 1 0 0 1 1 0 0 1 0 1 1 1 1 1 0 0 0 1 0 1 0 1 0 0 1 0 1 0 1 0 1 0 1 1 1 1 1 0 1 1 0 0 0 0 1 0 1 1 1 1 0 1 1 0 1 0 0 1 1 1 1 1 0 1 1 1 0 1 0 0 0 0 1 0 1 0 0 1 0 0 1 0 1 1 0 0 0 1 0 1 1 1 1 0 1 0 0 1 0 1 1 1 0 0 0 0 1 1 1 0 0 0 1 0 1 0 0 0 1 0 0 1 1 1 1 1 1 0 0 0 0 0 1 1 1 1 1 1 1 0 0 1 
quality : 3099
======================================

========== print chromosome ==========
genes : 1 1 1 0 0 1 1 1 1 1 1 1 0 1 0 1 0 0 1 0 0 1 0 0 0 1 0 1 1 0 1 0 0 1 1 1 1 0 1 0 1 0 1 0 1 1 1 1 0 1 1 1 0 1 0 1 0 0 1 0 0 0 1 0 0 0 0 0 1 0 1 0 0 0 0 1 0 0 1 1 1 1 0 1 0 1 0 0 0 1 1 0 0 0 1 0 1 1 0 1 0 0 1 1 1 1 0 0 1 1 0 1 0 1 1 0 1 1 0 1 0 1 1 1 0 0 0 0 0 0 1 1 1 0 0 0 0 0 0 0 1 1 1 1 0 1 1 1 0 1 0 0 1 1 1 1 1 1 0 0 1 0 0 0 1 1 0 0 0 1 1 0 0 1 1 1 0 1 1 0 1 0 1 0 1 0 0 1 0 0 1 0 1 0 1 0 1 0 1 0 0 0 1 0 1 1 1 1 0 0 1 0 0 0 0 0 1 0 0 1 0 0 1 1 0 1 1 0 1 1 1 1 0 0 0 0 0 0 0 1 0 0 0 0 1 1 0 1 0 0 1 0 0 1 1 1 1 1 1 1 0 1 0 0 1 0 0 0 0 1 0 0 1 1 0 1 1 0 1 1 0 0 1 1 0 1 0 0 0 0 0 1 1 1 0 1 0 0 1 0 1 1 0 1 1 1 1 0 1 0 1 1 1 1 0 0 0 1 1 1 1 0 0 0 1 1 1 0 0 0 1 1 0 1 0 1 1 1 1 0 1 0 1 1 1 1 0 1 1 0 1 1 1 0 0 1 1 0 1 0 0 1 1 0 0 0 0 1 1 1 1 1 0 0 0 1 0 1 0 1 0 0 1 0 1 0 0 0 1 1 1 0 1 1 1 1 1 0 0 0 0 1 0 0 1 1 0 1 0 0 1 0 1 0 1 1 1 1 1 1 0 1 1 1 0 1 0 1 0 0 1 0 1 0 0 1 0 0 1 0 1 1 1 0 1 1 0 1 1 1 1 0 1 0 0 1 0 1 1 0 0 1 0 0 1 1 1 0 0 0 0 0 1 0 0 0 1 1 0 1 1 1 1 1 1 0 0 0 0 0 1 1 1 1 0 1 1 0 1 1 
quality : 3076
======================================

========== print chromosome ==========
genes : 1 1 1 0 0 1 1 1 1 1 1 1 0 1 0 1 0 0 1 0 0 1 0 0 0 1 0 1 1 0 0 0 0 1 1 1 1 0 1 0 1 0 0 0 1 0 1 0 0 1 1 1 0 1 0 1 1 0 1 0 0 0 0 1 0 0 0 0 1 0 1 1 1 0 0 1 0 0 1 1 1 1 0 1 0 1 0 0 0 0 1 0 0 0 1 0 1 1 0 1 0 0 1 0 1 1 0 0 1 0 0 1 0 1 1 0 1 1 0 1 0 1 1 1 0 0 0 0 0 0 1 1 1 0 0 0 0 0 0 0 1 1 1 1 0 1 1 1 0 1 0 0 1 1 1 0 1 1 0 0 0 0 0 0 1 1 0 0 0 1 1 1 0 1 1 1 0 1 1 0 1 0 1 0 1 1 0 1 0 1 1 0 1 0 1 0 1 0 1 0 0 0 1 0 0 1 1 1 0 0 1 0 0 0 0 0 1 0 0 1 0 0 1 1 0 1 1 0 1 1 1 1 0 1 0 0 0 0 1 1 0 0 0 0 0 1 0 1 0 0 1 0 0 1 1 1 1 1 1 1 1 1 0 0 1 1 0 0 0 1 0 0 1 1 0 1 1 0 1 1 0 1 1 1 0 0 0 0 0 0 0 0 1 1 0 1 0 0 1 0 1 1 0 0 1 1 1 0 0 0 1 1 1 1 0 0 0 1 1 1 0 0 0 0 1 0 1 0 0 0 1 1 0 1 0 1 1 1 1 0 1 0 1 1 1 1 0 1 1 0 1 1 1 0 1 1 1 1 1 0 0 1 1 0 0 0 1 1 1 1 1 1 0 0 0 1 0 1 0 1 0 0 1 0 1 0 1 0 1 1 1 0 1 0 1 0 1 1 0 0 0 0 0 0 1 1 1 1 1 1 1 0 1 0 1 1 1 1 1 1 0 0 1 1 0 1 0 0 0 0 1 0 1 0 0 1 0 1 1 0 0 1 0 0 0 1 0 1 1 1 1 0 1 0 0 1 1 1 1 1 0 1 0 0 1 1 1 1 0 0 0 0 1 0 0 0 1 1 0 1 1 1 1 1 1 0 0 0 0 0 1 1 1 1 0 1 1 0 0 1 
quality : 3092
======================================

========== print chromosome ==========
genes : 1 1 1 0 0 1 1 1 1 1 1 1 0 1 0 1 0 0 1 0 0 1 0 0 0 1 0 1 1 0 1 0 0 1 1 1 1 0 1 0 1 0 1 0 1 0 1 1 0 1 1 1 0 1 0 1 1 0 1 0 0 0 1 0 0 0 0 0 1 0 1 0 0 0 0 1 0 0 1 1 1 1 0 1 0 1 0 0 1 1 0 0 0 0 1 0 1 1 0 1 0 0 1 1 1 1 0 0 1 1 0 1 0 1 1 0 1 1 0 1 0 1 1 1 0 0 0 0 0 0 1 1 1 0 0 0 0 0 0 0 1 1 1 1 0 0 1 1 0 1 0 0 1 1 0 0 1 1 0 0 1 0 0 0 1 1 0 0 0 1 1 0 0 1 1 0 0 1 1 0 1 0 1 0 1 0 0 1 0 0 1 0 1 0 1 0 1 0 1 0 0 0 1 0 0 1 0 1 0 0 1 0 0 0 0 0 1 0 0 0 0 0 1 1 0 1 1 0 1 1 1 1 0 0 0 0 0 0 0 1 0 0 0 0 0 1 0 1 0 0 1 0 0 1 1 1 1 1 1 1 1 1 0 0 1 0 0 0 0 1 0 0 0 1 0 1 1 0 1 1 0 0 1 1 0 0 0 0 0 0 0 0 1 1 0 1 0 0 1 0 1 1 0 0 1 1 1 0 0 0 1 1 1 1 0 0 0 1 1 1 1 1 0 0 1 0 1 0 0 0 1 1 0 1 0 1 1 1 1 0 1 0 1 0 1 1 0 1 1 0 1 1 1 0 0 0 1 0 1 0 0 1 1 0 0 0 0 1 1 1 1 1 0 0 0 1 0 1 0 0 0 0 0 1 1 0 1 1 1 0 1 0 1 1 1 0 1 1 0 1 0 0 0 0 1 1 1 1 0 1 1 0 1 0 0 1 1 1 1 1 0 1 1 1 0 1 0 0 0 0 1 0 1 0 0 1 0 0 1 0 1 1 0 0 0 1 0 1 1 1 1 0 1 0 0 1 0 1 1 1 0 0 0 0 1 1 1 0 0 0 1 0 1 0 0 0 1 0 0 1 1 1 1 1 1 0 0 0 0 0 1 1 1 1 1 1 1 0 0 1 
quality : 3075
======================================

========== print chromosome ==========
genes : 1 1 1 0 0 1 1 0 1 0 1 1 1 1 0 1 0 0 1 0 0 1 0 0 0 1 0 0 1 0 1 0 0 1 0 1 1 0 1 0 1 1 1 0 1 0 1 1 0 1 1 1 0 0 0 1 1 0 1 0 0 0 1 0 0 0 0 0 1 0 1 0 0 0 0 1 1 0 1 1 1 1 0 1 1 1 0 0 0 1 1 0 0 0 1 0 1 1 0 1 0 0 1 1 1 1 0 1 1 1 0 1 0 1 1 0 1 1 0 1 0 1 1 1 0 0 0 0 1 0 1 1 1 0 0 0 0 0 0 0 1 1 1 0 0 1 1 1 0 1 0 0 1 1 0 1 1 1 0 0 1 0 0 0 1 1 0 0 0 1 1 0 0 1 1 1 0 1 1 0 1 0 1 0 1 0 0 1 0 0 1 0 1 0 1 0 1 0 1 0 0 0 1 0 0 1 1 1 0 0 1 0 0 0 0 0 1 1 0 1 0 0 1 1 0 1 0 0 1 1 1 1 0 0 0 0 0 0 0 1 0 0 0 0 0 1 0 1 0 0 1 0 0 1 1 1 1 1 1 1 1 1 0 0 1 0 0 0 0 1 0 0 1 1 0 0 1 0 1 1 0 0 1 1 0 0 0 0 0 0 0 0 1 1 0 0 0 0 1 0 1 1 0 1 1 1 1 0 1 0 1 1 1 1 0 0 0 1 1 1 1 0 0 0 1 0 1 0 0 0 1 1 0 1 0 1 1 1 1 0 0 0 1 1 1 1 1 1 1 1 0 1 1 0 0 1 1 0 1 0 0 1 1 0 0 1 0 1 1 1 1 1 1 0 0 1 0 1 0 1 0 0 1 0 1 0 1 0 1 0 1 0 1 1 1 0 1 1 0 0 0 0 0 0 1 1 1 1 0 1 1 0 1 0 0 1 0 1 1 1 0 1 1 1 0 1 0 0 0 0 1 0 1 0 0 1 0 0 1 0 1 1 0 0 0 1 0 1 1 1 1 0 1 0 0 1 0 1 1 1 0 0 0 1 1 1 1 1 0 0 0 0 1 0 1 0 1 0 0 1 1 1 1 1 1 0 0 0 0 0 1 1 1 1 1 1 1 0 0 1 
quality : 3088
======================================

========== print chromosome ==========
genes : 1 1 1 0 0 1 1 1 1 1 1 1 0 1 0 1 0 0 0 0 0 1 0 0 0 1 0 1 1 0 1 0 0 1 1 1 1 0 1 0 1 0 1 0 1 0 1 1 0 1 1 1 0 1 0 1 1 0 1 0 0 0 1 0 0 0 0 0 1 0 1 0 0 0 0 1 0 0 1 1 1 1 0 1 0 1 0 0 0 1 1 0 0 0 1 0 1 1 0 1 0 0 1 1 1 1 0 0 1 1 0 1 0 1 1 0 1 1 0 1 0 1 1 1 0 0 0 0 0 0 1 1 1 0 0 0 0 0 0 0 1 1 1 1 0 1 1 1 0 1 0 0 1 1 1 0 1 1 0 0 1 0 0 0 1 1 0 0 1 1 1 0 0 1 1 1 0 1 1 0 1 0 1 0 1 0 0 1 0 0 1 0 1 0 1 0 1 0 1 0 0 0 1 0 0 1 1 1 0 0 1 0 0 0 0 0 1 0 0 1 0 0 1 1 0 1 1 0 1 1 1 1 0 0 0 0 0 0 0 1 0 0 0 0 1 0 0 1 0 0 1 0 0 1 1 1 1 1 1 1 0 1 0 0 1 1 0 0 0 1 0 0 1 1 0 1 1 0 0 1 0 0 1 1 0 0 0 0 0 0 0 1 1 1 0 1 0 0 1 0 1 1 0 0 1 1 1 0 0 0 1 1 1 0 0 0 0 1 1 1 1 1 0 0 1 0 0 0 1 0 1 1 0 1 0 1 1 1 1 0 1 0 1 1 1 1 0 1 1 0 1 1 1 0 0 1 0 0 1 0 0 1 1 0 0 1 0 1 1 1 1 1 0 0 0 1 0 1 0 0 1 0 0 0 1 0 1 0 1 0 1 1 1 1 0 0 1 1 0 0 0 0 0 0 1 1 1 1 0 1 1 1 1 0 0 1 1 1 1 1 0 1 1 1 0 1 0 0 0 0 1 0 1 0 0 1 0 0 1 0 1 1 0 0 0 1 0 1 1 1 1 1 1 0 0 1 0 1 1 1 0 0 0 1 1 1 1 0 0 0 0 0 1 0 1 0 1 0 0 1 1 1 1 1 1 0 0 0 0 0 1 1 1 1 1 1 1 0 0 1 
quality : 3082
======================================

========== print chromosome ==========
genes : 1 1 1 0 0 0 1 1 1 1 1 1 0 1 0 1 0 0 1 0 0 1 0 0 0 1 0 1 1 0 1 0 0 1 1 1 1 0 1 0 1 0 1 0 1 0 1 1 0 1 1 1 0 1 0 1 1 0 1 0 0 0 1 0 0 0 0 0 1 0 1 0 0 0 0 1 0 0 0 1 1 1 0 1 0 1 0 0 0 1 1 0 0 0 1 0 1 1 0 1 0 0 1 1 1 1 0 0 1 1 0 1 0 1 1 0 1 1 0 1 0 1 1 1 0 0 0 0 0 0 1 1 1 0 0 0 0 0 0 0 1 1 1 1 0 1 1 1 0 1 0 0 1 1 0 1 1 1 0 0 1 0 0 0 0 1 0 0 0 1 1 0 0 1 1 1 0 1 1 0 1 0 1 0 1 0 0 1 0 1 1 0 1 0 1 0 1 0 1 0 0 0 1 0 0 1 1 1 0 0 1 0 0 0 0 0 1 0 0 1 0 0 1 1 0 1 1 0 1 1 1 1 0 0 0 0 0 0 0 1 0 0 0 0 0 1 0 1 0 0 1 0 0 1 1 1 1 1 1 1 0 1 0 0 1 0 0 0 0 1 0 0 1 1 0 1 1 0 1 1 0 0 1 1 0 0 0 0 0 0 0 0 1 1 0 1 0 0 1 0 1 1 0 0 1 1 1 0 0 0 1 1 1 1 0 0 0 1 1 1 1 0 0 0 1 1 1 0 0 0 1 1 0 1 0 1 1 1 1 0 1 0 1 1 1 1 0 1 1 0 1 1 1 0 0 1 1 0 1 0 0 1 1 0 0 1 0 1 1 1 1 1 0 0 0 1 0 1 0 1 0 0 1 0 1 0 0 0 1 0 1 0 1 1 1 0 1 1 0 0 0 0 0 0 1 1 1 1 0 1 1 0 1 0 0 1 1 1 1 1 0 1 1 1 0 1 0 0 0 0 1 0 1 0 0 1 0 0 1 0 1 1 0 0 0 1 0 1 1 1 1 0 1 0 0 1 0 1 1 1 0 0 0 0 0 1 1 0 0 0 0 0 1 0 1 0 1 1 0 1 1 1 1 1 1 0 0 0 0 0 1 1 1 1 1 1 1 0 0 1 
quality : 3118
======================================

========== print chromosome ==========
genes : 1 1 1 0 0 1 1 1 1 1 1 1 0 1 0 1 0 0 1 0 0 1 0 0 0 1 0 1 1 0 1 0 0 1 1 1 1 0 1 0 1 0 1 0 1 0 1 1 0 1 1 1 0 1 0 1 1 0 1 0 0 0 1 0 0 0 0 0 1 0 1 0 0 0 0 1 0 0 1 1 1 1 0 1 0 1 0 0 0 1 1 0 0 0 1 0 1 1 0 1 0 0 1 1 1 1 0 0 1 1 0 1 0 1 1 0 1 1 0 1 0 1 1 1 0 0 0 0 0 0 1 1 1 1 0 0 0 0 0 0 1 1 1 1 0 0 1 1 0 1 0 0 1 1 0 0 1 1 0 0 1 0 0 0 1 1 0 0 0 1 1 0 0 1 1 1 0 1 1 0 1 0 1 0 1 0 0 1 0 0 1 0 1 0 1 0 1 0 1 0 0 0 1 0 0 1 1 1 0 0 1 0 0 0 0 0 1 0 0 1 0 0 1 1 1 1 1 0 1 1 1 1 0 0 0 0 0 0 0 1 0 0 0 0 1 0 0 1 0 0 1 0 0 1 1 1 1 1 1 0 0 1 0 0 1 0 1 0 0 1 0 0 1 1 0 1 1 0 1 1 0 0 0 1 0 0 0 0 0 0 0 0 1 0 0 1 0 0 1 0 1 1 0 0 1 1 1 0 0 0 1 1 1 1 0 0 0 1 1 1 0 1 0 0 1 1 1 0 0 0 1 0 0 1 0 1 1 1 1 0 1 0 1 1 1 1 0 1 1 0 1 1 1 0 0 1 1 0 1 0 0 1 1 0 0 1 0 1 1 1 1 1 0 0 0 1 0 1 0 1 0 0 1 0 1 0 1 0 1 0 1 0 1 1 1 1 0 1 0 0 0 0 0 0 1 1 1 1 0 1 1 0 1 0 0 1 1 1 1 1 0 1 1 1 0 1 0 0 0 0 1 0 1 1 0 1 0 0 1 0 1 1 0 0 0 1 0 1 1 1 1 0 1 0 0 1 0 1 1 1 0 0 1 0 1 1 1 0 0 0 0 0 1 0 1 0 0 1 0 1 1 1 1 1 1 0 0 0 0 0 1 1 0 1 1 1 1 0 1 0 
quality : 3092
======================================

========== print chromosome ==========
genes : 1 1 1 0 0 1 1 0 1 1 1 1 1 1 0 1 0 0 1 0 0 1 0 0 0 1 0 0 1 0 1 0 0 1 1 1 1 0 1 0 1 1 1 0 1 0 1 1 0 1 1 1 0 1 0 1 1 0 0 0 0 0 0 0 0 0 0 0 1 0 1 1 0 0 0 1 1 0 1 1 1 1 0 1 1 1 0 0 0 1 1 0 0 0 1 0 1 1 0 1 0 0 0 1 1 1 0 0 1 1 0 1 0 1 1 0 1 1 0 1 0 1 1 1 0 0 0 0 1 0 1 1 1 0 0 0 0 0 0 0 1 1 0 0 0 1 1 1 0 1 0 0 1 0 0 1 1 1 0 0 1 0 0 0 1 1 0 0 0 1 1 0 0 1 0 1 0 1 1 0 1 0 1 0 1 0 0 1 0 0 1 0 1 0 1 0 1 0 1 0 0 0 1 0 0 0 1 1 0 0 1 0 0 0 0 0 1 1 0 1 0 0 1 1 1 1 1 0 1 1 0 1 0 0 0 0 0 0 0 1 0 0 0 0 0 1 0 1 0 0 1 0 0 1 1 1 1 1 1 1 1 1 0 0 1 0 0 0 0 1 1 0 1 1 0 0 1 0 1 1 0 0 1 1 0 0 0 0 0 0 0 0 1 1 0 0 0 0 1 0 1 1 0 0 1 1 1 0 0 0 1 1 1 1 0 0 0 1 1 1 1 0 0 0 1 0 1 0 0 0 1 1 0 1 0 1 1 1 1 0 0 0 1 1 1 1 0 1 1 0 0 1 1 0 0 1 1 0 1 0 0 1 1 0 0 1 0 1 1 1 1 1 1 0 0 1 0 1 0 1 0 0 1 0 1 0 1 0 1 0 1 0 1 1 1 0 1 1 0 1 0 0 0 0 1 1 0 1 0 1 1 0 1 0 0 1 1 1 1 1 0 0 1 1 0 1 0 0 0 0 1 0 1 0 0 1 0 1 1 0 0 1 0 0 0 1 0 1 1 1 1 0 1 0 0 1 1 1 1 1 0 1 0 0 1 1 1 0 0 0 0 0 1 0 0 0 1 1 0 1 1 1 0 1 1 0 0 0 0 0 1 1 1 1 0 1 1 0 0 1 
quality : 3064
======================================

========== print chromosome ==========
genes : 1 1 1 0 0 1 1 1 1 1 1 1 0 1 0 1 0 0 1 0 0 1 0 0 0 1 0 1 1 0 1 0 0 1 1 1 1 0 1 0 0 0 1 0 1 0 1 1 0 1 1 1 0 1 0 1 1 0 1 0 0 0 1 0 0 0 0 0 1 0 1 0 0 0 0 1 0 0 1 1 1 1 0 1 0 1 0 0 0 0 1 0 0 0 1 0 1 1 0 1 0 0 1 1 1 1 0 0 1 1 0 1 0 1 1 0 0 1 0 1 0 1 1 0 0 0 0 0 0 0 1 1 1 0 1 0 0 0 1 0 1 1 1 1 0 1 1 1 0 1 0 0 1 1 0 1 1 1 0 0 1 0 0 0 1 1 0 0 0 1 1 0 0 1 1 1 0 1 1 0 1 0 1 0 1 0 0 1 0 0 1 0 1 0 1 0 1 0 1 0 0 0 1 0 0 1 1 1 0 0 1 0 0 0 0 0 1 0 0 1 0 0 1 1 0 1 1 0 1 1 1 1 0 0 0 0 0 0 0 1 0 0 0 0 1 1 0 1 0 0 0 0 0 1 1 1 1 1 1 1 0 1 0 0 1 0 0 0 0 1 1 0 1 1 0 1 1 0 1 1 0 0 1 1 0 0 0 0 0 0 0 0 1 0 0 1 0 0 1 0 1 1 0 0 1 1 1 1 0 0 1 0 1 1 0 1 0 1 1 1 1 0 0 0 1 1 1 0 0 0 1 1 0 1 0 1 1 1 1 0 1 0 1 1 1 1 0 1 0 0 1 1 1 0 1 1 1 1 1 0 0 1 0 0 0 1 0 1 1 1 1 1 0 0 0 1 0 1 0 1 0 0 1 0 1 0 1 0 1 1 1 0 1 1 1 1 1 1 0 0 0 0 0 0 1 1 1 1 0 1 1 0 1 0 0 1 1 1 1 1 0 0 1 1 0 1 0 0 0 0 1 0 1 0 0 1 0 1 1 0 0 1 0 0 0 1 0 1 1 1 1 1 1 0 0 1 1 1 1 1 0 1 0 0 1 1 1 0 0 0 0 0 1 0 0 0 1 1 1 1 1 1 1 1 1 0 0 0 0 0 0 1 1 1 0 1 1 0 1 1 
quality : 3086
======================================

========== print chromosome ==========
genes : 1 1 1 0 0 1 1 1 1 1 1 1 0 1 0 1 0 0 0 0 0 1 0 0 0 1 0 1 1 0 1 0 0 1 1 1 1 0 1 0 1 0 1 0 1 0 1 1 0 1 1 1 0 1 0 0 1 0 1 0 0 0 1 0 0 0 0 0 1 0 1 0 0 0 0 0 0 0 1 1 1 1 0 1 0 1 0 0 0 1 1 0 0 0 1 0 1 1 0 1 0 1 1 1 1 1 0 0 1 1 0 1 0 1 1 0 1 1 0 0 0 1 1 1 0 0 0 0 0 0 1 1 1 0 0 0 0 0 0 0 1 1 1 1 0 1 1 1 0 1 0 0 1 1 1 1 1 1 0 0 1 0 0 0 1 1 0 0 0 1 1 0 0 1 1 1 0 1 1 0 0 0 1 0 1 0 0 1 0 0 1 0 1 0 1 0 1 0 1 0 0 0 1 0 1 1 1 1 0 0 1 0 0 0 0 0 1 0 0 1 0 0 1 1 0 1 1 0 1 1 1 1 0 0 0 0 0 0 0 1 0 0 0 0 1 1 0 1 0 0 1 0 0 1 1 1 1 1 1 1 0 1 0 0 1 0 0 0 0 1 0 0 1 1 0 1 1 0 1 1 0 0 1 1 0 0 0 0 0 0 0 1 1 1 0 1 0 0 1 0 1 1 0 1 1 1 1 0 1 0 1 1 1 1 0 0 0 1 1 1 1 0 0 0 1 1 1 0 0 0 1 1 0 1 0 1 1 1 1 0 1 1 1 1 1 1 0 1 1 0 1 1 1 0 0 1 1 0 1 0 0 1 1 0 0 0 0 1 1 1 1 1 0 0 0 0 0 1 0 1 1 0 1 0 1 0 1 0 1 1 1 1 1 1 1 0 1 1 0 0 0 0 0 0 1 1 1 1 0 1 1 0 1 0 0 1 1 1 1 1 0 1 1 1 0 1 0 0 0 0 1 0 1 0 0 1 0 0 1 0 0 1 0 1 0 1 0 1 1 1 1 0 1 0 0 1 0 1 1 1 0 0 0 0 1 1 1 0 0 0 1 0 1 0 1 0 1 0 0 1 1 1 1 1 1 0 0 0 0 0 1 1 1 1 1 1 1 0 0 1 
quality : 3080
======================================

========== print chromosome ==========
genes : 1 1 1 0 0 1 1 0 1 1 1 1 1 1 0 1 0 0 1 0 0 1 0 0 0 1 0 0 1 0 1 0 0 1 1 1 1 0 1 0 1 1 1 0 1 0 1 1 0 1 1 1 0 1 0 1 1 0 1 0 0 0 0 0 0 0 0 0 1 0 1 1 0 0 0 1 1 0 1 1 1 0 0 1 1 1 0 0 0 1 1 0 0 0 1 0 1 1 0 1 0 0 1 1 1 1 0 0 1 1 0 1 0 1 1 0 1 1 0 1 0 1 1 1 0 0 0 0 1 0 1 1 1 0 0 0 0 0 0 0 1 1 1 0 0 1 1 1 0 1 0 0 1 0 0 1 1 1 0 0 1 0 0 0 1 1 0 0 0 1 1 0 0 1 1 1 0 1 1 0 1 0 1 0 1 0 0 1 0 1 1 0 1 0 1 0 1 0 1 0 0 0 0 0 0 1 1 1 0 0 1 0 0 0 0 0 1 0 0 1 0 0 1 1 0 1 1 0 1 1 1 1 0 0 0 0 0 0 0 1 0 0 0 0 1 1 0 1 0 0 1 0 0 1 0 1 1 1 1 1 0 1 0 0 1 0 0 0 0 1 0 0 1 1 0 1 1 0 1 1 0 0 1 1 0 0 0 0 0 0 0 0 1 1 0 1 0 0 1 0 1 1 0 0 1 1 1 0 0 0 1 1 1 1 0 0 0 0 1 1 1 0 0 0 1 0 1 0 0 0 1 1 0 1 0 1 1 1 1 0 1 0 1 1 1 1 0 1 1 0 1 1 1 0 0 1 1 0 1 0 0 1 1 0 0 1 0 1 1 1 1 1 0 0 0 1 0 1 0 1 0 0 1 0 1 0 1 0 1 0 1 0 1 1 1 0 1 1 0 0 0 0 0 0 1 1 1 0 0 1 1 1 1 1 1 1 1 1 1 1 0 1 1 1 0 1 0 0 0 0 1 0 0 0 0 1 0 0 1 0 1 1 0 0 0 1 0 0 1 1 1 0 1 0 0 1 0 0 1 1 0 0 0 0 1 1 1 0 0 0 0 0 1 0 1 0 1 1 0 1 1 1 1 1 1 0 0 0 0 0 1 1 1 1 1 1 1 0 1 1 
quality : 3064
======================================

========== print chromosome ==========
genes : 1 1 1 0 0 1 1 1 1 0 1 1 0 1 0 1 0 0 1 0 0 1 0 0 0 1 0 1 1 0 1 0 0 1 1 1 1 0 1 0 1 0 1 0 1 0 1 1 0 1 1 1 0 1 0 1 1 0 1 0 0 0 1 0 0 0 0 0 1 0 1 0 0 0 0 1 0 0 1 1 1 1 0 1 0 1 0 0 1 1 1 0 0 0 1 0 1 1 0 1 0 0 1 1 1 1 0 0 1 1 0 1 0 1 1 0 1 1 0 1 0 1 1 1 0 0 0 0 0 0 1 1 1 0 0 0 0 0 0 0 1 1 1 1 0 1 1 1 0 1 0 0 1 1 0 0 1 1 0 0 1 0 0 0 1 1 0 0 0 1 1 0 0 1 1 1 0 1 1 0 1 0 1 0 1 0 0 1 0 0 1 0 1 0 1 0 1 0 1 0 0 0 1 0 0 1 1 1 0 0 1 0 0 0 0 0 1 0 0 1 0 0 1 1 0 1 1 0 1 1 1 1 0 0 0 0 0 0 0 1 0 0 0 0 0 1 0 1 0 0 1 0 0 1 1 1 1 1 1 1 1 1 0 0 1 0 0 0 0 1 0 0 0 1 0 1 1 0 1 1 0 0 1 1 0 0 0 0 0 0 0 0 1 1 0 1 0 0 1 0 1 1 0 0 1 1 1 0 0 0 1 1 1 1 0 0 0 1 1 1 1 1 0 0 1 0 1 0 0 0 1 1 0 1 0 1 1 1 1 0 1 0 1 1 1 1 0 1 1 0 1 1 1 0 0 1 1 0 1 0 0 1 1 0 0 1 0 1 1 1 1 1 0 0 0 1 0 1 0 0 0 0 0 0 1 0 1 0 1 0 1 0 1 1 1 0 1 1 0 0 0 0 0 0 1 1 1 1 0 1 1 0 1 0 0 1 1 1 1 1 0 1 1 1 0 1 0 0 0 0 1 0 1 0 0 1 0 0 1 0 1 1 0 0 0 1 0 1 1 1 1 0 1 0 0 1 0 1 1 1 0 0 0 0 1 1 1 0 0 0 0 0 1 0 1 0 1 0 0 1 1 1 1 1 1 0 0 0 0 0 1 1 1 1 1 1 1 0 0 1 
quality : 3125
======================================

========== print chromosome ==========
genes : 1 1 1 0 0 1 1 1 1 1 1 1 0 1 0 1 0 0 1 0 0 1 0 0 0 1 0 1 1 0 1 0 0 1 1 1 1 0 1 0 1 0 1 0 1 0 1 1 0 0 1 1 0 1 0 1 1 0 1 0 0 0 1 0 0 0 0 0 1 0 1 0 0 1 0 1 0 0 1 1 1 1 0 1 0 1 0 0 0 1 1 0 0 0 1 1 1 1 0 1 0 0 1 1 1 1 0 0 1 1 0 1 0 1 1 0 1 1 0 1 0 1 1 1 0 0 0 0 0 0 1 1 1 0 0 0 0 0 0 0 0 1 1 1 0 1 1 1 0 1 0 0 1 1 0 1 1 1 0 0 1 0 0 0 1 1 0 0 0 1 1 0 0 1 1 1 0 1 1 0 1 0 1 0 1 0 0 1 0 1 1 0 1 0 1 0 1 0 0 0 0 0 1 0 0 1 1 1 0 0 1 0 0 0 0 0 1 0 0 1 0 0 1 1 0 1 1 0 1 1 1 1 0 0 0 0 0 0 0 1 0 0 0 0 0 1 0 1 1 0 1 0 0 1 1 1 1 1 1 1 0 1 0 0 1 0 0 0 0 1 0 0 1 1 0 1 1 0 1 1 0 0 1 1 0 0 0 0 0 0 0 0 1 1 0 1 0 0 1 0 1 1 0 0 1 1 1 0 0 0 1 1 1 1 0 0 0 0 1 1 1 0 0 0 1 0 1 0 0 0 1 1 0 1 0 1 1 1 1 0 1 0 1 1 1 1 0 1 1 0 1 1 1 0 0 1 1 0 1 0 0 1 1 0 0 1 0 1 1 1 1 1 0 0 0 1 0 1 0 1 0 0 1 0 1 0 1 0 1 0 1 0 1 1 1 0 1 1 0 0 0 0 0 0 1 1 1 1 0 1 1 0 1 0 0 1 1 1 1 1 0 1 1 1 0 1 0 0 0 0 1 0 1 0 0 1 0 0 1 0 1 1 0 0 0 1 0 0 1 1 1 0 1 0 0 1 0 1 1 1 0 0 0 0 1 1 1 0 0 0 0 0 1 0 1 0 1 1 0 1 1 1 1 1 1 0 0 0 0 0 1 1 1 1 1 1 1 0 0 1 
quality : 3125
======================================

========== print chromosome ==========
genes : 1 1 1 0 0 1 1 1 1 1 1 1 1 1 0 1 0 0 1 0 0 1 0 0 0 1 0 1 1 0 1 0 0 1 1 1 1 0 1 0 1 0 1 0 1 0 1 1 0 1 1 1 0 1 0 1 1 0 1 0 0 0 1 0 0 0 0 0 1 0 1 0 0 0 0 1 0 0 1 1 1 1 0 1 1 1 0 0 0 1 1 0 0 0 1 0 1 1 0 1 0 0 1 1 1 1 0 0 1 1 0 1 0 1 1 0 1 1 0 1 0 1 1 1 0 0 0 0 0 0 1 1 1 0 0 0 0 0 0 0 1 1 1 0 0 1 1 1 0 1 0 0 1 1 0 1 1 1 0 0 1 0 0 0 1 1 0 0 0 1 1 0 0 1 1 1 0 1 1 0 1 0 1 0 1 0 0 1 0 0 1 0 1 0 1 0 1 0 1 0 0 0 1 0 0 1 1 1 0 0 1 0 0 0 0 0 1 0 0 1 0 0 1 1 0 1 1 0 1 1 1 1 0 0 0 0 0 0 0 1 0 0 0 0 0 1 0 1 0 0 1 0 0 1 1 1 1 1 1 1 1 1 0 0 1 0 0 0 0 1 0 0 0 1 0 1 1 0 1 1 0 0 1 1 0 0 0 0 0 0 0 0 1 1 0 1 0 0 1 0 1 1 0 0 1 1 1 0 0 0 1 1 1 1 0 0 0 1 1 1 1 0 0 0 1 0 1 0 0 0 1 1 0 1 1 1 1 1 1 0 1 0 1 1 1 1 0 1 1 0 1 1 1 0 0 1 1 0 1 0 0 1 1 0 0 1 0 1 1 1 1 1 0 0 1 1 0 1 0 1 0 0 1 0 1 0 1 0 1 0 1 0 1 1 1 0 1 1 0 0 0 0 0 0 1 1 1 1 0 1 1 0 1 0 0 1 1 1 1 1 0 1 1 1 0 1 0 0 0 0 1 0 1 0 0 1 0 0 1 0 1 1 0 0 0 1 0 1 1 1 1 0 1 0 0 1 0 1 1 1 0 0 0 0 1 1 1 0 0 0 0 0 1 0 1 0 1 1 0 1 1 1 1 1 1 0 0 0 0 0 1 1 1 1 1 1 1 0 0 1 
quality : 3125
======================================

========== print chromosome ==========
genes : 1 1 1 0 0 1 1 1 1 1 1 1 0 1 0 1 1 0 1 0 0 1 0 0 0 1 0 1 1 0 1 0 0 1 1 1 1 0 1 0 1 0 1 0 1 0 1 1 0 1 1 1 0 1 0 1 1 0 1 0 0 0 1 0 0 0 0 0 1 0 1 0 0 0 0 1 0 0 0 1 1 1 0 1 0 1 0 0 0 1 1 0 0 0 1 0 1 1 0 1 0 0 1 1 1 1 0 0 1 1 0 1 0 1 1 0 1 1 1 1 0 1 1 1 0 0 0 0 0 0 1 1 0 0 0 0 1 0 0 0 1 1 1 1 0 1 1 1 0 1 0 0 1 1 0 1 1 0 1 0 1 0 0 0 1 1 0 0 0 1 1 0 0 1 1 1 0 1 1 0 1 0 1 0 1 0 0 1 0 1 1 0 1 0 1 0 1 0 1 0 0 0 1 0 0 1 1 1 0 0 1 0 0 0 0 0 1 0 0 1 0 0 1 1 0 1 1 0 1 1 1 1 0 0 0 0 0 0 1 1 0 0 0 0 0 1 0 1 0 0 1 0 0 1 1 1 1 1 1 1 0 1 0 0 1 0 0 0 0 1 0 0 1 1 0 1 1 0 1 1 0 1 1 1 0 0 0 0 0 0 0 0 1 1 0 1 0 0 1 0 1 1 0 0 1 1 1 0 0 0 1 1 1 1 0 0 0 1 1 1 1 0 0 0 1 0 1 0 0 0 1 1 0 1 0 1 1 1 1 0 1 0 1 1 1 1 0 1 0 0 0 1 1 0 0 1 1 0 1 0 0 1 1 0 0 1 0 1 1 1 1 1 0 0 0 1 0 1 0 1 0 0 1 0 1 0 1 0 1 0 1 0 1 1 1 0 1 1 0 0 0 0 0 0 1 1 1 1 0 1 1 0 1 0 0 1 1 1 1 1 0 1 1 1 0 1 0 0 0 0 1 0 1 0 0 1 0 0 1 0 1 1 0 0 0 1 0 1 1 1 1 0 1 0 0 1 0 1 1 1 0 0 0 0 1 1 1 0 0 0 0 0 1 0 1 0 1 1 0 1 1 1 1 1 1 0 0 0 0 0 1 1 1 1 1 1 1 0 0 1 
quality : 3125
======================================

========== print chromosome ==========
genes : 1 1 1 0 0 1 1 1 1 1 1 1 0 1 0 1 0 0 1 0 0 1 0 0 0 1 0 1 1 0 1 0 0 1 1 1 1 0 1 0 1 0 1 0 1 0 1 1 0 1 1 1 0 1 0 1 1 0 1 0 0 0 1 0 0 0 0 0 1 0 1 0 0 0 0 1 0 0 1 1 1 1 0 1 0 1 0 0 0 0 1 0 0 0 1 0 1 1 0 1 0 0 1 1 1 1 0 0 1 1 0 0 0 1 1 0 1 1 0 1 0 1 1 1 0 0 0 0 0 0 1 1 1 0 0 0 0 0 0 0 1 1 1 1 0 1 1 0 0 1 0 0 1 1 0 1 1 1 0 0 1 0 0 0 1 1 0 0 0 1 1 0 0 1 1 1 0 1 0 0 1 0 1 0 1 0 0 1 0 0 1 0 1 0 1 0 1 0 0 0 0 0 1 0 0 1 1 1 0 0 1 0 0 0 0 0 1 0 0 1 0 0 1 1 0 1 1 0 1 1 1 1 0 0 0 0 0 0 0 1 0 0 0 0 0 1 0 1 0 0 1 0 0 1 1 1 1 1 1 1 1 1 0 0 1 1 0 0 0 1 0 0 0 1 0 1 1 0 1 1 0 0 0 1 0 0 0 0 0 0 0 0 1 1 0 1 0 0 1 0 1 1 0 0 1 1 1 0 0 0 1 1 1 1 0 0 0 1 1 1 1 0 0 0 1 0 1 0 0 0 1 1 0 1 0 1 1 1 1 0 1 0 1 1 1 1 0 1 1 0 1 1 1 0 0 1 1 0 1 0 0 1 1 0 0 1 0 1 1 1 1 0 0 0 0 1 0 1 0 1 1 0 1 0 1 0 1 0 1 0 1 0 1 1 1 0 1 1 0 0 0 0 0 0 1 1 1 1 0 1 1 0 1 0 0 1 1 1 1 1 0 1 1 1 0 1 0 0 0 0 1 0 1 0 0 1 0 0 1 0 1 1 0 0 0 1 0 1 1 1 1 0 1 0 0 1 0 1 1 1 0 0 0 0 1 1 1 0 0 0 0 0 1 0 1 0 1 1 0 1 1 1 0 1 1 0 0 0 0 0 1 1 1 1 1 1 1 0 0 1 
quality : 3125
======================================

========== print chromosome ==========
genes : 1 1 1 0 0 1 1 1 1 1 1 1 0 1 0 1 0 0 0 0 0 1 0 0 0 1 0 1 1 0 1 0 0 1 1 1 1 0 1 0 1 0 1 0 1 0 1 1 0 1 1 1 0 1 0 1 1 0 1 0 0 0 1 0 0 0 0 0 1 0 1 0 0 0 0 0 0 0 1 1 1 1 0 1 0 1 0 0 0 1 1 0 0 0 1 0 1 1 0 1 0 0 1 1 1 1 0 0 1 1 0 1 0 1 1 0 1 1 0 0 0 1 1 1 0 0 0 0 0 0 1 1 1 0 0 0 0 0 0 0 1 1 1 1 0 1 1 1 0 1 0 0 1 1 0 1 1 1 0 0 1 0 0 0 1 1 0 0 0 1 1 0 0 1 1 1 0 1 1 0 1 0 1 0 1 0 0 1 0 0 1 0 1 0 1 0 1 0 1 0 0 0 1 0 1 1 1 1 0 0 1 0 0 0 0 0 1 0 0 1 0 0 1 1 0 1 1 0 1 1 1 1 0 0 0 0 0 0 0 1 0 0 0 0 1 1 0 1 0 0 1 0 0 1 1 1 1 1 1 1 0 1 0 0 1 0 0 0 0 1 0 0 1 1 0 1 1 0 1 1 0 0 1 1 0 0 0 0 0 0 0 1 1 1 0 1 0 0 1 0 1 1 0 1 1 1 1 0 1 0 1 1 1 1 0 0 0 1 1 1 1 0 0 0 1 1 1 0 0 0 1 1 0 1 0 1 1 1 1 0 1 0 1 1 1 1 0 1 1 0 1 1 1 0 0 1 1 0 1 0 0 1 1 0 0 0 0 1 1 1 1 1 0 0 0 1 0 1 0 1 0 0 1 0 1 0 1 0 1 1 1 0 1 1 1 1 1 1 0 0 0 1 0 0 1 1 0 1 0 0 1 0 1 0 1 1 1 1 1 1 0 1 1 1 0 1 0 1 0 0 1 0 1 0 0 1 0 0 1 0 1 1 0 0 0 1 0 1 1 1 1 0 1 0 0 1 0 1 1 0 0 1 0 0 1 1 1 0 0 0 0 0 1 0 0 0 1 1 0 1 0 1 1 1 1 0 0 0 0 0 1 1 1 1 0 1 1 0 1 1 
quality : 3125
======================================

========== print chromosome ==========
genes : 1 1 1 0 0 1 1 1 1 1 1 1 0 1 0 1 0 0 1 0 0 1 0 0 0 1 0 1 1 0 1 0 0 1 1 1 1 0 1 0 1 0 1 0 1 0 1 1 0 1 1 1 0 1 0 1 1 0 1 0 0 0 1 0 0 0 0 0 1 0 1 0 0 0 0 1 0 0 1 1 1 1 0 1 0 1 0 0 0 1 1 0 0 0 1 0 1 1 0 1 0 0 1 1 1 1 0 0 1 1 0 1 0 1 1 0 1 1 0 1 0 1 1 1 0 0 0 0 0 0 1 1 1 0 0 0 0 0 0 0 1 1 1 1 0 1 1 1 0 1 0 0 1 1 0 1 1 1 0 0 1 0 0 0 1 1 0 0 0 1 1 0 0 1 1 1 0 1 1 0 1 0 1 0 1 0 0 1 0 1 1 0 1 0 1 0 1 0 1 0 0 0 1 0 0 1 1 1 0 0 1 0 0 0 0 0 1 0 0 1 0 0 1 1 0 1 1 0 1 1 1 1 0 0 0 0 0 0 0 1 0 0 0 0 0 1 0 1 0 0 1 0 0 1 1 1 1 1 1 1 0 1 0 0 1 0 0 0 0 1 0 0 1 1 0 1 1 0 1 1 0 0 1 1 0 0 0 0 0 0 0 0 1 1 0 1 0 0 1 0 1 1 0 0 1 1 1 0 0 0 1 1 1 1 0 0 0 1 1 1 1 0 0 0 1 1 1 0 0 0 1 1 0 1 0 1 1 1 1 0 1 0 1 1 1 1 0 1 1 0 1 1 1 0 0 1 1 0 1 0 0 1 1 0 0 0 0 1 1 1 1 1 0 0 0 1 0 1 0 1 0 0 1 0 1 0 1 1 1 1 1 0 1 1 1 1 1 1 0 0 0 1 0 0 1 1 0 1 0 0 1 0 1 0 1 1 1 1 1 1 0 1 1 1 0 1 0 1 0 0 1 0 1 0 0 1 0 0 1 0 1 1 0 0 0 1 0 1 1 1 1 0 1 0 0 1 0 1 1 1 0 1 0 1 1 1 1 0 0 0 0 0 1 0 0 0 1 0 0 1 1 1 1 1 1 0 0 0 0 0 1 1 1 1 0 1 1 0 0 1 
quality : 3125
======================================

========== print chromosome ==========
genes : 1 1 1 0 0 1 1 1 1 1 1 1 0 1 0 1 0 0 1 0 0 1 0 0 0 1 0 1 1 0 1 0 0 1 1 1 1 0 1 0 1 0 1 0 1 0 1 1 0 1 1 1 0 1 0 1 1 0 0 0 0 0 1 0 0 0 0 0 1 0 1 0 0 0 0 1 0 0 1 0 1 1 0 1 0 1 0 0 0 1 1 0 0 0 1 0 1 1 0 1 0 0 1 1 1 1 0 0 1 1 0 1 0 1 1 0 1 1 0 1 0 1 1 1 0 0 0 0 0 0 1 1 1 0 0 0 0 0 0 0 0 1 1 1 0 1 1 1 0 1 0 0 1 1 1 0 1 1 0 0 1 0 0 0 1 1 0 0 0 0 1 0 0 1 1 1 0 1 1 0 1 0 1 0 1 0 0 1 0 0 1 0 1 0 1 0 1 1 1 0 1 0 1 0 0 1 1 1 0 0 1 0 0 0 0 0 1 0 0 1 0 0 1 1 0 1 1 0 1 1 1 1 0 0 0 0 0 0 0 1 0 0 0 0 1 1 0 1 0 0 1 0 0 1 1 1 1 0 1 0 0 1 0 0 1 0 0 0 0 1 0 0 1 1 0 1 1 0 1 1 0 0 1 1 0 0 0 0 0 0 0 0 1 1 0 1 0 0 1 0 1 1 0 0 1 1 1 0 0 0 1 1 1 1 0 0 0 1 1 1 1 0 0 0 1 1 1 0 0 0 1 1 0 1 0 1 1 1 1 0 1 0 1 1 1 1 1 1 1 0 1 1 1 0 0 1 1 0 1 0 0 1 1 0 0 0 0 1 1 1 1 1 0 0 0 1 0 1 0 1 0 0 1 0 1 0 1 0 1 1 1 0 1 1 1 1 1 1 0 0 0 1 0 0 1 1 0 1 0 0 1 0 1 1 1 1 1 1 1 1 0 1 1 1 0 1 0 1 0 0 1 0 1 0 0 1 0 0 1 0 1 1 0 0 0 1 0 1 1 1 0 0 1 0 0 1 0 1 1 1 0 1 0 0 1 1 1 0 0 0 0 0 1 0 0 0 1 1 0 1 1 1 1 1 1 0 0 0 0 0 1 1 1 1 0 1 1 0 0 0 
quality : 3125
======================================

========== print chromosome ==========
genes : 1 1 1 0 0 1 1 1 1 1 1 1 0 1 0 1 0 0 1 0 0 1 0 0 0 1 0 1 1 0 1 0 0 1 1 1 1 0 1 0 1 0 1 0 1 0 1 1 0 1 1 1 0 1 0 1 1 0 1 0 0 0 1 0 0 0 0 0 1 0 1 0 0 0 0 1 0 0 1 1 1 1 0 1 0 1 0 0 0 1 1 0 0 0 1 0 1 1 0 1 0 0 1 1 1 1 0 0 1 1 0 1 0 1 1 0 1 1 0 1 0 1 1 1 0 0 0 0 0 0 1 1 1 0 0 0 0 0 0 0 1 1 1 1 0 1 1 1 0 1 0 0 1 1 0 1 1 1 0 0 1 0 0 0 1 1 0 0 0 1 1 0 0 1 1 1 0 1 1 0 1 0 1 0 1 0 0 1 0 0 1 0 1 0 1 0 1 0 1 0 0 0 1 0 0 1 1 1 0 0 1 0 0 0 0 0 1 0 0 1 0 0 1 1 1 1 1 0 1 1 1 1 0 0 0 0 0 0 0 1 0 0 0 0 1 0 0 1 0 0 1 0 0 1 1 1 1 1 1 0 0 1 0 0 1 0 1 0 0 1 0 0 1 1 0 0 1 0 1 1 0 0 1 1 0 0 0 0 0 0 0 0 1 1 0 1 0 0 1 0 1 1 0 0 1 1 1 0 0 0 1 0 1 1 0 1 0 1 1 0 1 0 0 1 1 1 1 0 0 0 1 1 0 1 0 1 1 1 1 0 1 0 1 1 1 1 0 1 1 0 1 1 1 0 0 1 1 0 1 1 0 1 1 0 0 0 0 1 1 1 1 1 0 0 0 1 0 1 0 0 0 0 1 0 1 0 0 0 1 0 1 0 1 1 1 1 1 1 0 0 0 0 0 0 1 0 1 1 0 1 1 0 1 0 0 1 1 1 1 1 0 1 1 1 0 1 0 0 0 1 1 0 1 0 0 1 0 0 1 0 1 1 0 0 0 1 0 1 1 1 1 0 1 0 1 1 0 1 1 1 0 0 0 0 1 1 1 0 0 0 0 0 1 0 0 0 1 1 0 1 1 1 1 1 1 0 0 0 0 0 1 1 1 1 0 1 1 0 1 1 
quality : 3125
======================================

========== print chromosome ==========
genes : 1 1 1 0 0 1 1 1 1 1 1 1 0 1 0 1 0 0 1 0 0 1 0 0 0 1 0 1 1 0 1 0 0 1 1 1 1 0 1 0 0 0 1 0 1 0 1 1 0 1 1 1 0 1 0 1 1 0 1 0 0 0 1 0 0 0 0 0 1 0 1 0 0 0 0 1 0 0 1 1 1 1 1 1 0 1 0 0 0 0 1 0 0 0 1 0 1 1 0 1 0 0 1 1 1 1 0 0 1 1 0 1 0 1 1 0 0 1 0 1 0 1 1 0 0 0 0 0 0 0 1 1 1 0 1 0 0 0 0 0 1 1 1 1 0 1 1 1 0 1 0 0 1 1 0 1 1 1 0 0 1 0 0 0 1 1 0 0 0 1 1 0 0 1 1 1 0 1 1 0 1 0 1 0 1 0 0 1 0 0 1 0 1 0 1 0 1 0 1 0 0 0 1 0 0 1 1 1 0 0 1 0 0 0 0 0 1 0 0 1 0 0 1 1 0 1 1 0 1 1 1 1 0 0 0 0 0 0 0 1 0 0 0 0 1 1 0 1 0 0 0 0 0 1 1 1 1 1 1 1 0 1 0 0 1 0 0 0 0 1 0 0 1 1 0 1 1 0 1 1 0 0 1 1 0 0 0 0 0 0 0 0 1 0 0 1 0 0 1 0 1 1 0 0 1 1 1 1 0 0 1 1 1 1 0 1 0 1 1 1 1 0 0 0 1 1 1 0 0 0 1 1 0 1 0 1 1 1 1 0 1 0 1 1 1 1 0 1 1 0 1 1 1 0 1 1 1 1 1 0 0 1 1 0 0 1 0 1 1 1 1 1 0 0 0 1 0 1 0 1 0 0 1 0 1 0 1 0 1 1 1 0 1 1 1 1 1 1 0 0 0 0 0 0 1 1 1 1 0 1 1 0 1 0 1 1 1 1 1 1 0 0 1 1 0 1 0 0 0 0 1 0 1 0 0 1 0 1 1 0 0 1 0 0 0 1 0 1 1 1 1 0 1 0 0 1 1 1 1 1 0 1 0 0 1 1 1 0 0 0 0 0 1 0 0 0 1 1 0 1 1 1 1 1 1 0 0 0 0 0 1 1 1 1 0 1 1 0 0 1 
quality : 3126
======================================

========== print chromosome ==========
genes : 1 1 1 0 0 1 1 1 1 1 1 1 0 1 0 1 0 0 1 0 0 1 0 0 0 1 0 1 1 0 1 0 0 1 1 1 1 0 1 0 1 0 1 0 1 0 1 0 0 1 1 1 0 1 0 1 1 0 1 0 0 0 1 1 0 0 0 0 1 0 1 0 0 0 0 1 0 0 1 1 1 1 0 1 0 1 0 0 0 1 1 0 0 0 1 0 1 1 0 1 0 0 1 1 1 1 0 0 1 1 0 1 0 1 1 0 1 1 0 1 0 1 1 1 0 0 0 0 0 0 1 1 1 0 0 0 0 0 0 0 1 1 1 1 0 1 1 1 0 1 0 0 1 1 1 0 1 1 0 0 1 0 0 0 1 1 0 0 0 1 1 0 0 1 1 1 0 1 1 0 1 0 1 0 1 0 0 1 0 0 1 0 1 0 1 0 1 1 1 0 0 0 1 0 0 1 1 1 0 0 1 0 0 0 0 0 1 0 0 1 0 0 1 1 0 1 1 0 1 1 1 1 0 0 0 0 0 0 0 1 0 0 0 0 1 1 0 1 0 0 1 0 0 1 1 1 1 1 1 1 0 1 0 0 1 0 0 0 0 1 0 0 1 1 0 1 1 0 1 1 0 0 1 1 0 0 0 0 0 0 0 0 1 0 0 1 0 0 1 0 1 1 0 0 1 1 1 0 0 0 1 1 1 1 1 0 0 1 1 1 0 0 0 0 1 1 1 0 0 0 1 1 0 1 0 1 1 1 1 0 1 0 1 1 1 1 0 1 1 0 1 1 1 0 0 1 1 0 1 0 0 1 1 0 0 1 0 1 1 1 1 1 0 0 0 1 0 1 0 1 0 0 1 0 1 0 1 0 1 0 1 1 1 1 1 1 1 1 0 0 0 0 0 0 1 1 1 1 0 1 1 0 1 0 0 1 1 1 1 1 0 1 1 1 0 1 0 0 0 0 1 0 1 0 0 1 0 0 1 0 1 1 0 0 0 0 0 1 1 1 1 0 1 0 0 1 0 1 1 1 0 0 0 0 1 1 1 0 0 0 0 0 1 0 1 0 1 1 0 1 1 1 1 1 1 0 0 0 0 0 1 1 1 1 1 1 1 0 1 1 
quality : 3127
======================================

========== print chromosome ==========
genes : 1 1 1 0 0 1 1 1 1 1 1 1 0 1 0 1 0 0 1 0 0 1 0 0 0 1 0 1 1 0 1 0 0 1 1 1 0 0 1 0 1 0 1 0 1 0 1 1 0 1 1 1 0 1 0 1 1 0 1 0 0 0 1 0 0 0 0 0 1 0 1 0 0 1 0 1 0 0 1 1 1 1 0 1 0 1 0 0 0 1 1 0 0 0 1 0 1 1 0 1 0 0 1 1 1 1 0 0 1 1 0 1 0 1 1 0 1 1 0 1 0 1 1 1 0 0 0 0 0 0 1 1 1 0 0 0 1 0 1 0 1 1 1 0 0 1 1 1 0 1 0 0 1 1 1 0 1 1 0 0 1 0 0 0 1 1 0 0 0 1 1 0 0 1 1 1 0 1 1 0 1 0 1 0 1 0 0 1 0 0 1 0 1 0 1 0 1 0 1 0 0 0 1 0 0 1 1 1 0 0 1 0 0 0 0 0 1 0 0 1 0 0 1 1 0 1 1 0 1 1 1 1 0 0 0 0 0 0 0 1 0 0 0 0 1 1 0 1 0 0 1 0 0 1 1 1 1 1 1 1 0 1 0 0 1 0 0 0 0 1 0 0 1 1 0 1 1 0 1 1 0 0 0 1 0 0 0 0 0 0 0 0 1 0 0 1 0 0 1 0 1 1 0 0 1 1 1 0 0 0 1 1 1 1 0 0 0 1 1 1 0 1 0 0 1 1 1 0 0 0 1 1 0 1 0 1 1 1 1 0 1 0 1 1 1 1 0 1 1 0 1 1 1 0 0 1 1 0 1 0 0 1 1 0 0 1 0 1 1 1 1 1 0 0 0 1 0 1 0 1 0 0 1 0 1 0 1 0 1 0 1 0 1 1 1 1 1 1 0 0 0 0 0 0 1 1 1 1 0 1 1 0 1 0 0 1 1 1 1 1 0 1 1 1 0 1 0 0 0 0 1 0 1 1 0 1 0 0 1 0 1 1 0 0 0 1 0 1 1 1 1 0 1 0 0 1 0 1 1 1 0 0 1 0 1 1 1 0 0 0 0 0 1 0 1 0 0 1 0 1 1 1 1 1 1 0 0 0 0 0 1 1 1 1 1 1 1 0 1 0 
quality : 3127
======================================

========== print chromosome ==========
genes : 1 1 1 0 0 1 1 1 1 1 1 1 0 1 0 1 0 0 0 0 0 1 0 0 0 1 0 1 1 0 1 0 0 1 1 1 1 0 1 0 1 0 1 0 1 0 1 1 0 1 1 1 0 1 0 1 1 0 1 0 0 0 1 0 0 0 0 0 1 0 1 0 0 0 0 1 0 0 1 1 1 1 0 1 0 1 0 0 0 1 1 0 0 0 1 0 1 1 0 1 0 0 1 1 1 1 0 0 1 1 0 1 0 1 1 0 1 1 0 1 0 1 1 1 0 0 0 0 0 0 1 1 1 0 0 0 0 0 0 0 1 1 1 1 0 1 1 1 0 1 0 0 1 1 1 0 1 1 0 0 1 0 0 0 1 1 0 0 1 1 1 0 0 1 1 1 0 1 1 0 1 0 1 0 1 0 0 1 0 0 1 0 1 0 1 0 1 0 1 0 0 0 1 0 0 1 1 1 0 0 1 0 0 0 0 0 1 0 0 1 1 0 1 1 0 1 1 0 1 1 1 1 0 0 0 0 0 0 0 1 0 0 1 0 1 1 0 1 0 0 1 0 0 1 1 1 1 1 1 1 0 1 0 0 1 0 0 0 0 1 0 0 1 1 0 1 1 0 1 1 0 0 1 1 0 0 0 0 0 0 0 0 1 0 1 1 0 0 1 0 1 1 0 0 1 1 1 0 0 0 1 1 1 1 0 0 0 1 1 1 0 0 0 0 1 1 1 0 0 0 1 1 0 1 0 1 1 1 1 0 1 0 1 1 1 1 0 1 1 0 1 1 1 0 0 1 1 0 1 0 0 1 1 0 0 1 1 1 1 1 1 1 0 0 0 1 0 1 0 1 0 0 1 0 1 0 1 0 1 0 1 0 1 1 1 1 1 1 0 0 0 0 0 0 1 1 1 0 0 1 1 0 1 0 0 1 1 1 1 1 0 1 1 1 0 1 0 0 0 0 1 0 1 0 0 1 0 0 1 0 1 1 0 0 0 1 0 1 1 1 1 0 0 0 0 1 0 1 1 1 0 0 0 0 1 1 1 0 0 0 0 0 1 0 1 0 1 1 0 1 1 1 1 1 0 0 0 0 0 0 1 1 1 1 1 1 1 0 1 1 
quality : 3127
======================================

========== print chromosome ==========
genes : 1 1 1 0 0 1 1 0 1 1 1 1 1 1 0 1 0 0 1 0 0 1 0 0 0 1 0 0 1 0 1 0 0 1 1 1 1 0 1 0 1 1 1 0 1 0 1 1 0 1 1 1 0 1 0 1 1 0 1 0 0 0 1 0 0 0 0 0 1 0 1 0 0 0 0 1 1 0 1 1 1 1 0 1 1 1 0 0 0 1 1 0 0 0 1 0 1 1 0 1 0 0 1 1 1 1 0 0 1 1 0 1 0 1 1 0 1 1 0 1 0 1 1 1 0 0 0 0 1 0 1 1 1 0 0 0 0 0 0 0 1 1 1 0 0 1 1 1 0 1 0 0 1 1 0 1 1 1 0 0 1 0 0 0 1 1 0 0 0 1 1 0 0 1 1 1 0 1 1 0 1 0 1 0 1 0 0 1 0 0 1 0 1 0 1 0 1 0 1 0 0 0 1 0 0 1 1 1 0 0 1 0 0 0 0 0 1 1 0 1 0 0 1 1 0 1 1 0 1 1 1 1 0 0 0 0 0 0 0 1 0 0 0 0 0 1 0 1 0 0 1 0 0 1 1 1 1 1 1 1 1 1 0 0 1 0 0 0 0 1 0 0 1 1 0 0 1 0 1 1 0 0 1 1 0 0 0 0 0 0 0 0 1 1 0 0 0 0 1 0 1 1 0 0 1 1 1 0 0 0 1 1 1 1 0 0 0 1 1 1 1 0 0 0 1 0 1 0 0 0 1 1 0 1 0 1 1 1 1 0 0 0 1 1 1 1 0 1 1 0 0 1 1 0 0 1 1 0 1 0 0 1 1 0 0 1 0 1 1 1 1 1 1 0 0 1 0 1 0 1 0 0 1 0 1 0 1 0 1 0 1 0 1 1 1 0 1 1 0 0 0 0 0 0 1 1 1 1 0 1 1 0 1 0 0 1 1 1 1 1 0 1 1 1 0 1 0 0 0 0 1 0 1 0 0 1 0 0 1 0 1 1 0 0 0 1 0 1 1 1 1 0 1 0 0 1 0 1 1 1 0 0 0 0 1 1 1 0 0 0 0 0 1 0 1 0 1 0 0 1 1 1 1 1 1 0 0 0 0 0 1 1 1 1 1 1 1 0 0 1 
quality : 3128
======================================

========== print chromosome ==========
genes : 1 1 1 0 0 1 1 1 1 1 1 1 0 1 0 1 0 0 1 0 0 1 0 0 0 1 0 1 1 0 1 0 0 1 1 1 1 0 1 0 1 0 1 0 1 0 1 0 0 1 1 1 0 1 0 1 1 0 1 0 0 0 1 0 0 0 0 0 1 0 1 0 0 0 0 1 0 0 0 1 1 1 0 1 0 1 0 0 0 1 1 0 0 0 1 0 1 1 0 1 0 0 1 1 1 1 0 1 1 1 0 1 0 1 1 0 1 1 0 1 0 1 1 1 0 0 0 0 0 0 1 1 1 0 0 0 0 0 0 0 1 1 1 1 0 1 1 1 0 1 0 0 1 1 0 1 1 1 0 0 1 0 0 0 1 1 0 0 0 1 1 0 0 1 1 1 0 1 0 0 1 0 1 0 1 0 0 1 0 0 1 0 1 0 1 0 1 0 1 0 0 0 1 0 0 1 1 1 0 0 1 0 0 0 0 0 1 0 0 1 0 0 1 1 1 1 1 0 1 1 1 1 0 0 0 0 0 0 0 1 0 0 0 0 1 1 0 1 0 0 1 0 0 1 1 1 1 1 1 1 0 1 0 0 1 0 0 0 0 1 0 0 1 1 0 1 1 0 1 1 0 0 1 1 0 0 0 0 0 0 0 1 1 0 0 1 0 0 1 0 1 1 0 0 1 1 1 0 0 0 1 1 1 1 1 0 0 1 1 1 0 0 0 0 1 1 1 0 0 0 1 1 0 1 0 1 1 1 1 0 1 0 1 1 1 1 0 1 1 0 1 1 1 0 0 1 1 0 1 0 0 1 1 0 0 1 0 1 1 1 1 1 0 0 0 1 0 1 0 1 1 0 1 0 1 0 1 0 1 0 1 0 1 0 1 1 1 1 0 1 0 0 0 0 1 1 1 1 0 1 1 0 1 0 0 1 1 1 1 1 0 1 1 1 0 1 0 0 0 0 1 0 1 0 0 1 0 0 1 0 1 1 0 0 0 1 0 1 1 1 1 0 1 0 0 1 0 1 1 1 0 0 0 1 1 1 1 0 0 0 0 0 1 0 1 0 1 1 0 1 1 1 1 1 0 0 1 0 0 0 1 1 1 1 1 1 1 0 1 1 
quality : 3128
======================================

========== print chromosome ==========
genes : 1 1 1 0 0 1 1 1 1 1 1 1 0 1 0 0 0 0 1 0 0 1 0 0 0 1 0 1 1 0 1 0 0 1 1 1 1 0 1 0 1 0 1 0 1 0 1 1 0 1 1 1 0 1 0 1 1 0 1 0 0 0 1 0 0 0 0 0 1 0 1 0 0 0 0 1 0 0 1 1 1 1 0 1 0 1 0 0 0 1 1 0 0 0 1 0 1 1 0 1 0 0 1 1 1 1 0 0 1 1 0 1 0 1 1 0 1 1 0 1 0 1 1 1 0 0 0 0 0 0 1 1 1 0 0 0 0 0 0 0 1 1 1 1 0 1 1 1 0 1 0 0 1 1 0 1 1 1 0 0 1 0 0 0 1 1 0 0 0 1 1 0 0 1 1 0 0 1 1 0 1 0 1 0 1 0 0 1 0 0 1 0 1 0 1 0 1 0 1 0 0 0 1 0 0 1 1 1 0 0 1 0 0 0 0 0 1 0 0 1 0 0 1 1 0 1 1 0 1 1 1 1 0 0 0 0 0 0 0 1 0 0 0 0 1 1 0 1 0 0 1 0 0 1 1 1 1 1 1 1 0 1 0 0 1 0 0 0 0 1 0 0 1 1 0 1 1 0 1 1 0 0 1 1 0 0 0 0 0 0 0 0 1 0 0 1 0 0 1 0 1 1 0 0 1 1 1 0 0 0 1 1 1 1 0 0 0 1 1 1 0 0 0 0 1 1 1 0 0 0 1 1 0 1 0 1 1 1 1 0 1 0 1 1 1 1 0 1 1 0 1 1 1 0 0 1 1 0 1 0 0 1 1 0 0 1 0 1 1 1 1 1 0 0 0 1 0 1 0 1 0 0 1 0 1 0 1 0 1 0 1 0 1 1 1 1 1 1 0 0 0 0 0 0 1 1 1 1 0 1 1 0 1 0 0 1 1 1 1 1 0 1 1 1 0 1 0 0 0 0 1 0 1 0 0 1 0 0 1 0 1 1 0 0 0 1 0 1 1 1 1 0 1 0 0 1 0 1 1 1 0 0 0 0 1 1 1 0 0 0 0 0 1 0 1 0 1 1 0 1 1 1 1 1 1 0 0 0 0 0 1 1 1 1 1 1 1 0 1 1 
quality : 3128
======================================

========== print chromosome ==========
genes : 1 1 1 0 0 1 1 1 1 1 1 1 0 1 0 1 0 0 1 0 0 1 0 0 0 1 0 1 1 0 1 0 0 1 1 1 1 0 1 0 1 0 1 0 1 0 1 1 0 1 1 1 0 1 0 1 0 0 1 0 0 0 1 0 0 0 0 0 1 0 1 0 0 0 0 1 0 0 1 1 1 1 0 1 0 1 0 0 0 1 1 0 0 0 1 0 1 1 0 1 0 0 1 1 1 1 0 0 1 1 0 1 0 1 1 0 1 1 0 1 0 1 1 1 0 0 0 0 0 0 1 1 1 0 0 0 0 0 0 0 1 1 1 1 0 1 1 1 0 1 0 0 1 1 0 1 1 1 0 0 1 0 0 0 1 1 0 0 0 1 1 0 0 1 1 1 0 1 1 0 1 0 1 0 1 0 0 1 0 0 1 0 1 0 0 0 1 0 1 0 0 0 1 0 0 1 1 1 0 0 1 0 0 1 0 0 1 0 0 1 0 0 1 1 0 1 1 0 1 1 1 1 0 0 0 0 0 0 0 1 0 0 0 0 1 1 0 1 0 0 1 0 0 1 1 1 1 1 1 1 0 1 0 0 1 0 0 0 0 1 0 0 1 1 0 1 1 0 1 1 0 0 1 1 0 0 0 0 0 0 0 0 1 0 0 1 0 0 1 0 1 0 0 0 1 1 1 0 0 0 1 1 1 1 0 0 0 1 1 1 1 0 0 0 1 1 1 0 0 0 1 1 0 1 0 1 1 1 1 0 1 0 1 1 1 1 0 1 1 0 1 1 1 0 0 1 1 0 1 0 0 0 1 0 0 0 0 1 1 1 1 1 0 0 1 1 0 1 0 0 0 0 1 0 1 1 1 0 1 0 1 0 1 1 1 1 1 1 0 0 0 0 0 0 1 1 1 1 0 1 1 0 1 0 1 1 1 1 1 1 0 1 1 1 0 1 0 0 0 0 1 0 1 0 0 1 0 0 1 0 1 0 0 0 0 1 0 1 1 1 1 0 1 0 0 1 0 0 1 1 0 0 0 0 1 1 1 0 0 0 0 0 1 0 0 0 1 1 0 1 1 1 1 1 1 0 0 0 0 0 1 1 1 1 0 1 0 0 0 1 
quality : 3130
======================================

========== print chromosome ==========
genes : 1 1 1 0 0 1 1 1 1 1 1 1 0 1 0 1 0 0 1 0 0 1 0 0 0 1 0 1 1 0 1 0 0 1 1 1 1 0 1 0 1 0 1 0 1 0 1 1 0 1 1 1 0 1 0 1 1 0 1 0 0 0 1 0 0 0 0 0 1 0 1 0 0 0 0 1 0 0 1 1 1 1 0 1 0 1 0 0 0 1 1 0 0 0 1 0 1 0 0 1 0 0 1 1 1 1 0 0 1 1 0 1 0 1 1 0 1 1 0 1 0 1 1 0 0 0 0 0 0 0 1 1 1 0 0 0 0 0 0 0 1 1 1 1 0 1 1 1 0 1 0 0 1 1 0 1 1 1 0 0 1 0 0 0 1 1 0 0 0 1 1 0 0 1 1 1 0 1 1 0 1 0 1 0 1 0 0 1 0 1 1 0 1 0 1 0 1 0 1 0 0 0 1 0 0 1 1 1 0 0 1 0 0 0 0 0 1 0 0 1 0 0 1 1 0 1 1 0 1 1 1 1 0 0 0 0 0 0 0 1 0 0 0 0 0 1 0 1 0 0 1 0 0 1 1 1 1 1 1 1 1 1 0 0 1 0 0 0 0 1 0 0 0 1 0 1 1 0 1 1 0 0 1 1 0 0 0 0 0 0 0 0 1 1 0 1 0 0 1 0 1 1 0 0 1 1 1 0 0 0 1 1 1 1 0 0 0 1 1 1 1 0 0 0 1 0 1 0 0 0 1 1 0 1 0 1 1 1 1 0 1 0 1 1 1 1 0 1 1 0 1 1 1 0 0 1 1 0 1 0 0 1 1 0 0 1 0 1 1 1 1 1 0 0 0 1 0 1 0 1 0 0 1 0 1 0 1 0 1 0 1 0 1 1 1 0 1 1 0 0 0 0 0 0 1 1 1 1 0 1 1 0 1 0 0 1 1 1 1 1 0 1 1 1 0 1 0 0 0 0 1 0 1 0 0 1 0 0 1 0 1 1 0 0 0 1 0 1 1 1 1 0 1 0 0 1 0 1 1 1 0 0 0 0 1 1 1 0 0 0 0 0 1 0 1 0 1 1 0 1 1 1 1 1 1 0 0 0 0 0 1 1 1 1 1 1 1 0 0 1 
quality : 3131
======================================

========== print final result ==========
Generations evolved: 159786
Best quality: 3131
Mean quality: 3109.766602
Standard deviation: 22.855898
======================================

1 2 3 6 7 8 9 10 11 12 14 16 19 22 26 28 29 31 34 35 36 37 39 41 43 45 47 48 50 51 52 54 56 57 59 63 69 71 76 79 80 81 82 84 86 90 91 95 97 100 103 104 105 106 109 110 112 114 115 117 118 120 122 123 131 132 133 141 142 143 144 146 147 148 150 153 154 156 157 158 161 165 166 170 171 174 175 176 178 179 181 183 185 188 190 191 193 195 197 199 203 206 207 208 211 217 220 223 224 226 227 229 230 231 232 240 246 248 251 254 255 256 257 258 259 260 261 262 265 270 274 276 277 279 280 283 284 293 294 296 299 301 302 305 306 307 311 312 313 314 318 319 320 321 325 327 331 332 334 336 337 338 339 341 343 344 345 346 348 349 351 352 353 356 357 359 362 363 366 368 369 370 371 372 376 378 380 383 385 387 389 391 393 394 395 397 398 405 406 407 408 410 411 413 416 417 418 419 420 422 423 424 426 431 433 436 439 441 442 446 448 449 450 451 453 456 458 459 460 465 466 467 473 475 477 478 480 481 482 483 484 485 491 492 493 494 495 496 497 500 