========== print final result ==========
Generations evolved: 2246593
Best quality: 341
Mean quality: 340.000000
Standard deviation: 1.508596
======================================

Number of population: 30

========== print chromosome ==========
genes : 1 1 1 1 0 1 0 0 0 0 1 1 0 0 0 1 0 1 1 0 0 1 0 0 1 1 1 1 0 0 1 0 1 1 1 1 1 0 1 0 1 0 0 0 1 0 0 1 1 0 1 0 0 1 1 1 0 0 1 0 1 0 0 0 0 1 0 0 0 1 1 1 1 0 0 1 0 0 1 0 1 0 1 1 1 0 1 1 1 0 0 0 1 1 1 1 0 1 0 1 
quality : 337
======================================

========== print chromosome ==========
genes : 0 1 1 1 0 1 0 0 0 0 1 1 0 0 0 1 0 1 1 0 0 1 0 0 1 1 1 1 0 0 1 0 1 1 1 1 1 0 0 0 1 0 0 0 1 0 0 1 1 0 1 0 0 1 1 1 0 0 1 0 1 0 0 0 0 1 0 0 0 1 1 1 1 0 0 1 0 0 1 0 1 0 1 1 1 0 1 1 1 0 1 0 1 1 1 1 0 1 0 1 
quality : 340
======================================

========== print chromosome ==========
genes : 0 1 1 1 0 1 0 0 0 0 1 1 0 0 0 1 0 1 1 0 0 1 0 0 1 1 1 1 0 0 1 0 1 1 1 1 0 0 1 0 1 0 0 0 1 0 1 1 1 0 1 0 0 1 1 1 0 0 1 0 1 0 0 0 0 1 0 0 0 1 1 1 0 0 0 1 0 0 1 0 1 0 1 1 1 0 1 1 1 0 0 0 1 1 1 1 0 1 1 1 
quality : 339
======================================

========== print chromosome ==========
genes : 0 1 1 1 0 1 0 0 0 0 1 1 0 0 0 1 0 1 1 0 0 1 0 0 1 1 1 1 0 0 1 0 1 1 1 1 1 0 1 0 1 0 0 0 1 0 0 1 1 0 1 0 0 1 1 1 0 0 1 0 1 0 0 0 0 1 0 0 0 1 1 1 1 1 0 1 0 0 1 0 1 1 1 1 1 0 1 1 1 0 0 0 1 1 1 1 0 1 0 1 
quality : 338
======================================

========== print chromosome ==========
genes : 0 1 1 1 0 1 0 0 0 0 1 1 0 0 0 0 0 1 1 0 0 1 0 0 1 1 1 1 0 0 1 0 1 1 1 1 1 0 1 0 1 0 0 0 1 0 0 1 1 0 1 0 0 1 1 1 0 0 0 0 1 0 0 0 0 1 0 0 0 1 1 1 1 0 0 1 0 0 1 0 1 0 1 1 1 0 1 1 1 0 0 0 1 1 1 1 0 1 0 1 
quality : 338
======================================

========== print chromosome ==========
genes : 0 1 1 1 0 1 0 0 0 0 1 1 0 0 0 1 0 1 1 0 0 1 0 0 1 1 1 1 0 0 1 0 1 1 1 1 1 0 1 0 1 0 0 0 1 0 1 1 1 0 1 0 0 1 1 1 0 0 1 0 1 0 0 0 0 1 0 0 0 1 1 1 1 0 0 1 0 0 1 0 1 0 1 1 1 0 1 1 1 0 0 0 1 1 1 1 0 0 0 1 
quality : 339
======================================

========== print chromosome ==========
genes : 0 1 1 1 0 1 0 1 0 0 1 1 0 0 0 1 0 1 1 0 1 1 0 0 1 1 1 1 0 0 1 0 1 1 1 1 1 0 1 0 1 0 0 0 1 0 0 1 1 0 1 0 0 1 1 1 0 0 1 0 1 0 0 0 0 1 0 0 0 1 1 1 1 0 0 1 0 0 1 0 1 0 1 1 1 0 1 1 1 0 0 0 0 1 1 1 0 1 0 1 
quality : 339
======================================

========== print chromosome ==========
genes : 0 1 1 0 0 1 0 0 0 0 1 1 0 0 0 0 0 1 1 0 0 1 0 0 1 1 1 1 0 0 1 0 1 1 1 1 1 1 1 0 1 0 0 0 1 0 0 0 1 0 1 0 0 1 1 1 0 0 1 0 1 0 0 0 0 1 0 0 0 1 1 1 1 0 0 1 0 0 1 0 0 0 1 1 1 0 1 1 1 0 0 0 1 1 0 1 0 1 0 1 
quality : 336
======================================

========== print chromosome ==========
genes : 0 1 1 1 0 1 0 0 0 1 1 1 0 0 0 1 0 1 1 0 1 1 0 0 1 1 1 1 0 0 1 0 1 1 1 1 1 0 1 0 1 0 0 0 1 0 0 1 1 0 1 0 0 1 1 1 0 0 1 0 1 0 0 0 0 1 0 0 0 1 1 1 1 0 0 1 0 0 1 0 1 0 1 1 1 0 1 1 1 0 0 0 1 1 1 1 0 1 0 1 
quality : 339
======================================

========== print chromosome ==========
genes : 0 1 1 1 0 1 0 0 0 0 1 1 0 0 0 1 0 1 1 0 0 1 0 1 1 1 1 1 0 0 1 0 1 1 1 1 1 0 1 0 1 0 0 0 1 0 1 1 1 0 1 0 0 1 1 1 0 0 1 0 1 0 0 0 0 1 0 0 0 1 1 1 1 0 0 1 0 0 1 0 1 0 1 1 1 0 1 1 1 0 0 0 1 1 1 1 0 1 0 1 
quality : 339
======================================

========== print chromosome ==========
genes : 0 1 1 1 0 1 0 0 0 0 1 1 0 0 0 1 0 1 1 0 0 1 0 0 1 1 1 1 0 1 1 0 1 1 1 1 1 0 1 0 1 0 0 0 1 0 0 1 1 0 1 0 0 1 1 1 0 0 1 0 1 0 0 0 0 1 0 0 0 0 1 1 1 0 0 1 0 0 1 0 1 0 1 1 1 0 1 1 1 0 0 0 1 1 1 1 0 1 0 1 
quality : 337
======================================

========== print chromosome ==========
genes : 0 1 1 1 0 1 0 0 0 0 1 1 0 0 0 1 1 1 1 0 0 1 0 0 1 1 1 1 0 0 1 0 1 1 0 1 1 0 1 0 1 0 0 0 1 0 0 1 1 0 1 0 0 1 1 1 0 0 1 0 1 0 0 0 0 1 0 0 0 1 1 1 1 0 0 1 0 0 1 0 1 0 1 1 1 0 1 1 1 0 0 0 1 1 1 1 0 1 0 1 
quality : 341
======================================

========== print chromosome ==========
genes : 0 1 1 1 0 1 1 0 0 0 1 1 0 0 0 1 0 1 1 0 0 1 0 0 1 1 1 1 1 0 1 0 1 1 1 1 1 0 1 0 1 0 0 0 1 0 0 1 1 0 1 0 0 1 1 1 0 0 1 0 1 0 0 0 0 1 0 0 0 1 1 1 1 0 0 1 0 0 1 0 1 0 1 1 1 0 1 1 1 0 0 0 1 1 1 1 0 1 0 1 
quality : 341
======================================

========== print chromosome ==========
genes : 0 1 1 1 0 1 0 0 0 0 1 1 0 0 0 1 0 1 1 0 0 1 0 0 1 1 1 1 0 0 1 0 1 1 1 1 1 0 1 0 1 0 0 0 1 0 0 1 1 0 1 0 0 1 1 1 0 0 1 0 1 0 0 0 0 1 0 0 0 1 1 1 1 0 0 1 0 0 1 0 1 0 1 1 1 0 1 1 1 0 1 0 1 1 1 1 0 1 0 1 
quality : 341
======================================

========== print chromosome ==========
genes : 0 1 1 1 0 0 0 0 0 0 1 1 0 0 1 1 0 1 1 0 0 1 0 0 1 1 1 1 0 0 1 0 1 0 1 1 0 0 1 0 1 0 0 0 1 0 0 1 1 0 1 0 0 1 1 1 0 0 1 0 1 0 0 0 0 1 0 0 0 1 1 1 1 0 0 1 0 0 1 0 1 0 1 1 1 0 1 1 1 0 0 0 1 1 1 1 0 1 0 1 
quality : 341
======================================

========== print chromosome ==========
genes : 0 1 1 1 0 1 0 0 0 0 1 1 0 0 0 1 0 1 1 0 0 1 0 0 1 1 1 1 0 0 1 0 1 1 1 1 1 0 1 0 1 0 0 0 1 0 0 1 1 0 1 0 0 1 1 1 0 0 1 0 1 0 0 0 0 1 0 0 0 1 1 1 1 0 0 1 0 0 1 0 1 0 1 1 1 0 1 1 1 0 0 0 1 0 1 1 0 1 0 1 
quality : 341
======================================

========== print chromosome ==========
genes : 0 1 1 1 0 1 0 0 1 0 1 1 0 0 0 1 0 1 1 0 0 1 0 0 1 1 1 1 0 0 1 0 1 1 1 1 1 0 1 0 1 0 0 0 1 0 0 1 1 0 1 0 0 1 1 1 0 0 1 0 1 0 0 0 0 1 0 0 0 1 1 1 0 0 0 1 0 0 1 0 1 0 1 1 1 0 1 1 1 0 0 0 1 1 1 1 0 1 0 1 
quality : 341
======================================

========== print chromosome ==========
genes : 1 1 1 1 0 1 0 0 0 0 1 1 0 0 0 1 0 1 1 0 0 1 0 0 1 1 1 1 0 0 1 0 1 1 1 1 1 0 1 0 1 0 0 0 1 0 0 1 1 0 1 0 0 1 1 1 0 0 1 0 1 0 0 0 0 1 0 0 0 1 1 1 1 0 0 1 0 0 1 0 1 0 1 1 1 0 1 1 1 0 0 0 1 1 1 1 0 1 0 1 
quality : 341
======================================

========== print chromosome ==========
genes : 0 1 1 1 0 1 0 0 0 0 1 1 0 0 0 0 0 1 1 0 0 1 0 0 1 1 1 1 0 0 1 0 1 1 1 1 1 1 1 0 1 0 0 0 1 0 0 1 1 0 1 0 0 1 1 1 0 0 1 0 1 0 0 0 0 1 0 0 0 1 1 1 1 0 0 1 0 0 1 0 1 0 1 1 1 0 1 1 1 0 0 0 1 1 1 1 0 1 0 1 
quality : 341
======================================

========== print chromosome ==========
genes : 0 1 1 1 0 1 0 0 0 0 1 1 0 0 0 1 0 1 1 0 0 0 0 0 1 1 1 1 0 0 1 0 0 1 1 1 1 0 1 0 1 0 0 0 1 0 1 1 1 0 1 0 0 1 1 1 0 0 1 0 1 0 0 0 0 1 0 0 0 1 1 1 1 0 0 1 0 0 1 0 1 0 1 1 1 0 1 1 1 0 0 0 1 1 1 1 0 1 0 1 
quality : 341
======================================

========== print chromosome ==========
genes : 0 1 1 1 0 1 0 0 0 1 1 1 0 0 0 1 0 1 1 0 0 1 0 0 1 1 1 1 0 0 1 0 1 1 1 1 1 0 1 0 1 0 0 1 1 0 0 1 1 0 1 0 0 1 1 1 0 0 1 0 1 0 0 0 0 1 0 0 0 1 1 1 1 0 0 1 0 0 1 0 1 0 1 1 1 0 1 1 1 0 0 0 1 1 1 1 0 1 0 1 
quality : 341
======================================

========== print chromosome ==========
genes : 0 1 1 1 0 1 0 0 0 0 1 1 0 0 0 1 0 1 1 0 0 1 0 0 1 1 1 1 0 0 1 0 1 1 1 1 1 0 1 0 1 0 0 0 1 0 0 1 1 0 1 0 0 1 1 1 0 0 1 0 1 0 0 0 0 1 0 0 0 1 1 1 1 0 0 1 0 0 1 0 1 0 1 1 1 0 1 1 1 0 0 1 1 1 1 1 0 1 0 1 
quality : 341
======================================

========== print chromosome ==========
genes : 0 1 1 1 0 1 0 0 0 1 1 1 0 0 0 1 0 1 1 0 0 1 0 0 1 1 1 1 0 0 1 0 1 1 1 1 1 0 1 0 1 0 0 0 1 0 0 1 1 0 1 0 0 1 1 1 0 0 1 0 1 0 0 0 0 1 0 0 0 1 1 1 1 0 0 1 0 0 1 0 1 0 1 1 1 0 1 1 1 1 0 0 1 1 1 1 0 1 0 1 
quality : 341
======================================

========== print chromosome ==========
genes : 0 1 1 1 1 1 0 0 0 0 1 1 0 0 0 1 0 1 1 0 0 0 0 0 1 1 1 1 0 0 1 0 1 1 1 1 1 0 1 0 1 0 0 0 1 0 0 1 1 0 1 0 0 1 1 1 0 0 1 0 1 0 0 0 0 1 0 0 0 1 1 1 1 1 0 1 0 0 1 0 1 0 1 1 1 0 1 1 1 0 0 0 1 1 1 1 0 1 0 1 
quality : 341
======================================

========== print chromosome ==========
genes : 0 1 1 1 0 1 0 0 0 0 1 1 0 0 0 1 0 1 1 0 0 1 0 0 1 1 1 1 0 0 1 0 1 1 1 1 1 0 1 0 1 0 0 0 1 0 0 1 1 0 1 0 0 1 1 1 0 0 1 0 1 0 0 0 0 1 0 0 0 1 1 1 1 0 0 1 0 0 1 0 1 0 1 1 1 0 1 1 1 0 0 1 1 1 1 1 0 1 0 1 
quality : 341
======================================

========== print chromosome ==========
genes : 0 1 1 1 0 1 0 0 0 0 1 1 0 0 0 1 0 1 1 0 0 1 0 0 1 1 1 1 0 0 1 0 1 1 1 1 1 0 1 0 1 0 0 0 1 0 0 1 1 0 1 0 0 1 1 1 0 0 1 0 1 0 0 0 0 1 0 0 0 1 1 1 1 0 0 1 0 0 1 0 1 0 1 1 1 0 1 1 1 0 0 0 1 1 1 1 0 1 0 1 
quality : 341
======================================

========== print chromosome ==========
genes : 0 1 1 1 0 1 0 0 0 0 1 1 0 0 0 1 0 1 1 0 0 1 0 0 1 1 1 1 0 0 1 0 1 1 1 1 1 0 1 0 1 0 0 0 1 0 0 1 1 0 1 0 0 1 1 1 0 0 1 0 1 0 0 0 0 1 0 0 0 1 1 1 1 1 0 1 0 0 1 0 1 0 1 1 1 0 1 1 1 0 0 0 1 1 1 1 0 1 0 1 
quality : 341
======================================

========== print chromosome ==========
genes : 0 1 1 1 0 1 0 0 0 0 1 1 0 0 0 1 0 1 1 0 1 1 0 0 1 1 1 1 0 0 1 0 1 1 1 1 1 0 1 0 1 0 0 0 1 0 0 1 1 0 1 0 0 1 1 1 0 0 1 0 1 0 0 0 0 1 0 0 0 1 1 1 1 0 0 1 0 0 1 0 1 0 1 1 1 0 1 1 1 0 0 0 1 1 1 1 0 1 0 1 
quality : 341
======================================

========== print chromosome ==========
genes : 0 1 1 1 0 1 0 0 0 0 1 1 0 0 0 1 0 0 1 0 0 1 0 1 1 1 1 1 0 0 1 0 1 1 1 1 1 0 1 0 1 1 0 0 1 0 0 1 1 0 1 0 0 1 1 1 0 0 1 0 1 0 0 0 0 1 0 1 0 1 1 1 1 0 0 1 0 0 1 0 1 0 1 1 1 0 1 1 1 0 0 0 1 1 1 1 0 1 0 1 
quality : 341
======================================

========== print chromosome ==========
genes : 0 1 1 1 0 1 0 0 0 0 1 1 0 0 0 1 0 1 1 0 0 1 0 0 1 1 1 1 0 0 1 0 1 1 1 1 1 0 1 0 1 0 0 0 1 1 0 1 1 0 1 0 0 1 1 1 0 0 1 0 1 0 0 0 0 1 0 0 0 1 1 1 1 0 0 1 0 0 1 0 1 0 1 1 1 0 1 1 1 0 0 0 1 1 1 1 0 1 0 1 
quality : 341
======================================

========== print final result ==========
Generations evolved: 2246593
Best quality: 341
Mean quality: 340.000000
Standard deviation: 1.508596
======================================

2 3 4 6 11 12 16 18 19 22 25 26 27 28 31 33 34 35 36 37 39 41 45 46 48 49 51 54 55 56 59 61 66 70 71 72 73 76 79 81 83 84 85 87 88 89 93 94 95 96 98 100 