========== print final result ==========
Generations evolved: 151804
Best quality: 4401
Mean quality: 4350.733398
Standard deviation: 60.965191
======================================

Number of population: 30

========== print chromosome ==========
genes : 1 1 1 1 1 1 1 1 1 0 0 0 0 1 0 1 1 0 0 1 0 1 0 0 1 1 1 1 1 0 1 1 0 1 1 1 0 0 1 0 1 1 1 0 0 1 1 1 1 1 0 0 0 0 1 0 1 1 1 0 0 1 1 1 1 1 0 0 0 1 1 0 1 0 0 1 0 1 0 1 1 1 0 1 0 1 0 0 1 1 1 1 1 1 1 0 0 1 1 0 0 1 0 1 0 1 1 0 0 0 1 1 1 0 0 1 1 0 0 1 1 1 0 1 0 0 1 1 1 0 0 1 1 0 0 1 1 0 1 1 1 0 0 0 1 0 0 1 1 1 1 1 1 1 0 0 1 1 0 1 0 0 1 0 1 0 0 0 1 0 0 1 0 1 1 0 0 1 1 1 1 0 0 1 0 1 0 1 0 1 0 1 0 1 0 0 0 1 0 1 1 0 1 0 0 1 0 1 0 0 1 0 0 1 1 0 1 1 1 1 1 1 0 0 1 0 1 1 0 1 1 0 0 0 0 0 0 1 1 1 0 1 0 0 1 0 0 0 1 1 0 1 0 1 1 0 0 0 0 1 1 1 1 1 0 0 1 1 0 1 1 0 1 1 1 1 1 1 0 1 0 0 0 1 1 0 0 1 1 1 1 0 1 0 1 0 0 0 0 0 1 1 1 0 1 1 0 0 1 0 0 1 0 0 0 1 1 0 1 1 0 1 0 1 1 0 0 1 0 0 1 0 0 1 1 1 1 1 0 0 1 1 0 1 1 0 1 1 1 1 0 1 1 0 1 0 1 1 1 0 1 0 1 0 0 0 0 1 0 1 1 1 0 0 1 0 0 0 0 1 0 1 1 0 1 1 0 1 1 1 0 0 0 1 0 0 1 0 0 1 1 0 0 1 1 1 0 1 1 0 0 0 0 1 1 1 1 1 0 0 0 1 1 0 0 1 0 0 1 0 1 1 0 0 1 0 0 0 1 1 1 1 0 0 1 0 0 1 0 0 0 0 0 0 1 0 1 1 0 0 1 0 1 1 0 0 0 1 0 0 0 0 0 0 1 0 0 1 0 0 0 0 0 0 0 1 0 0 0 0 0 0 1 0 0 0 1 0 0 1 
quality : 4316
======================================

========== print chromosome ==========
genes : 1 1 1 1 1 1 1 1 1 0 0 0 0 1 0 0 1 0 0 1 0 1 0 0 1 1 1 1 1 0 1 1 0 1 0 1 0 0 1 0 1 1 1 0 0 1 1 1 1 1 0 0 1 0 1 0 1 1 1 0 0 1 1 1 1 1 0 0 0 1 1 0 1 0 0 1 0 1 0 1 1 0 0 1 0 1 0 0 1 1 1 1 1 1 1 0 0 0 1 0 0 1 1 1 0 1 1 0 0 0 1 1 1 1 0 1 1 0 0 1 1 1 0 1 0 1 1 1 1 1 0 1 1 0 0 1 1 0 1 1 1 0 0 0 1 0 0 1 1 1 1 1 1 1 0 0 1 1 0 1 0 0 1 0 1 0 0 1 1 0 0 1 0 1 1 0 0 1 1 1 1 0 0 1 0 1 0 1 0 1 0 1 0 1 0 0 0 1 0 1 1 0 1 0 0 1 0 1 0 0 0 0 1 1 1 0 1 0 1 1 1 1 0 0 1 0 1 1 0 1 1 0 0 0 0 0 0 1 1 1 0 1 0 0 1 0 0 0 1 1 0 1 0 1 1 0 0 0 0 1 1 1 1 1 0 0 1 1 0 1 1 0 0 1 1 1 1 1 1 1 0 0 0 1 1 0 0 1 1 1 1 0 1 0 1 0 1 0 0 0 1 1 1 0 1 1 0 0 0 0 0 1 0 0 0 1 1 0 1 1 1 1 0 1 1 0 1 1 0 0 1 0 1 1 0 1 1 1 0 0 1 1 0 1 1 0 1 1 1 1 0 1 1 0 0 0 1 1 1 0 1 0 1 0 0 0 0 1 0 1 1 1 0 0 1 0 0 0 0 0 0 1 1 0 1 1 1 1 1 0 0 0 0 1 0 0 1 0 0 1 1 0 0 1 1 0 0 1 1 0 1 0 0 1 1 1 1 1 0 0 0 1 1 0 0 1 0 0 1 0 1 1 0 0 0 0 0 0 1 1 1 1 0 1 0 0 1 1 0 0 0 0 1 0 1 1 1 1 0 1 1 0 1 1 0 1 0 0 0 0 0 0 1 0 1 0 1 1 0 0 0 0 0 0 0 1 0 0 0 0 0 0 1 0 0 0 1 0 0 1 
quality : 4323
======================================

========== print chromosome ==========
genes : 1 1 1 1 1 1 1 1 1 0 0 1 0 1 0 1 1 0 0 1 0 1 0 0 1 1 1 1 1 0 1 1 0 1 0 1 0 0 1 0 1 0 1 0 0 1 1 1 1 1 0 0 1 0 1 0 1 1 1 0 0 1 1 1 1 1 0 0 0 1 1 0 1 1 0 1 0 0 0 1 1 0 0 1 0 1 0 0 1 1 1 1 1 1 1 0 0 0 1 0 0 1 0 1 0 1 1 0 0 0 1 1 1 0 0 1 1 0 0 1 1 0 0 1 0 1 0 1 1 1 0 1 1 0 0 1 1 0 1 1 1 0 1 0 1 1 0 1 1 1 1 1 1 1 0 0 1 1 0 1 0 0 1 0 1 0 0 1 1 0 0 1 0 1 1 0 0 1 1 1 1 0 0 1 0 1 0 1 0 1 0 1 0 1 1 0 0 1 0 1 1 0 1 0 0 1 0 1 1 0 0 0 0 1 1 1 1 1 1 1 1 1 0 0 1 0 1 1 0 1 1 0 0 0 0 0 0 1 1 1 0 1 0 0 1 0 0 0 1 1 0 1 0 1 1 0 0 0 0 0 1 1 1 1 0 0 1 1 0 1 1 0 0 1 1 1 1 1 0 1 0 0 0 1 1 0 0 1 1 1 1 0 1 0 1 0 1 0 0 0 1 1 1 0 0 1 0 0 1 0 0 1 0 0 0 1 1 0 1 1 0 1 0 1 1 0 1 1 0 0 1 0 1 1 0 1 1 1 0 0 1 1 0 0 1 0 1 1 1 1 0 1 1 0 1 0 1 1 1 0 0 0 1 0 0 0 0 1 0 1 1 1 0 0 1 0 0 0 0 1 0 1 1 0 1 1 1 1 1 0 0 0 0 1 0 0 1 0 0 1 0 0 0 1 1 0 0 1 1 0 0 0 0 1 1 1 1 1 0 1 0 1 1 0 0 1 0 0 1 0 1 1 0 0 0 0 0 0 1 1 1 1 0 1 1 0 1 1 0 0 0 0 1 0 1 0 1 1 0 0 1 0 1 1 0 1 0 1 0 1 0 0 1 1 0 0 0 1 0 0 0 0 0 0 0 0 0 0 0 0 0 0 1 1 0 0 1 0 0 1 
quality : 4265
======================================

========== print chromosome ==========
genes : 1 1 1 1 1 1 1 1 1 0 0 0 0 1 0 1 1 0 0 1 0 1 0 0 1 1 1 1 1 1 1 1 0 1 1 1 0 0 1 0 1 1 1 0 0 1 1 1 1 1 0 0 0 0 1 0 1 0 1 0 0 1 1 1 1 1 0 0 0 1 1 0 1 0 0 1 0 1 0 1 1 0 0 1 0 1 0 0 1 1 1 1 1 1 1 0 0 1 1 0 0 1 0 1 0 1 1 0 0 0 1 1 1 0 0 1 1 0 0 1 1 1 0 1 0 1 1 1 1 1 0 1 1 0 0 1 1 0 1 1 1 0 0 0 1 0 0 1 1 1 1 1 1 1 0 0 1 1 0 1 0 0 1 0 1 0 0 1 1 0 0 0 0 1 1 0 0 1 1 1 1 0 0 1 0 1 0 1 0 1 0 1 0 1 0 0 0 1 0 1 1 0 1 0 0 1 0 1 0 0 0 0 0 1 1 0 1 1 1 1 1 1 0 0 1 0 1 1 0 1 1 0 0 0 0 0 0 1 1 1 0 1 0 0 1 0 0 0 1 1 0 1 0 1 1 0 0 0 0 1 1 1 1 0 0 0 1 1 0 1 1 0 1 0 1 1 1 1 0 1 0 0 0 1 1 0 0 1 1 1 1 0 1 0 1 0 0 0 0 0 1 1 1 0 1 1 0 0 1 0 0 1 1 0 0 1 1 0 1 1 0 1 0 1 1 0 1 1 0 0 1 0 1 1 0 1 1 0 0 0 1 1 0 1 1 0 1 1 1 1 0 1 1 0 1 1 1 1 1 0 1 0 1 0 0 0 0 1 0 1 1 1 0 0 1 0 0 0 0 1 0 1 1 0 1 1 1 1 1 0 1 0 0 1 0 0 1 0 0 1 0 0 0 1 1 0 0 1 1 0 0 0 0 1 1 1 1 1 0 1 0 1 1 0 0 1 0 0 0 0 1 1 0 0 0 0 0 0 1 1 1 1 0 1 1 0 1 1 0 0 0 0 1 0 1 0 1 1 0 0 1 1 1 1 0 1 0 1 1 0 0 0 1 0 1 0 0 1 0 0 0 0 0 0 0 1 1 0 0 0 0 0 1 0 0 0 1 0 0 1 
quality : 4267
======================================

========== print chromosome ==========
genes : 1 1 1 1 1 1 1 1 1 0 0 0 0 1 0 1 1 0 0 1 0 1 0 0 1 1 1 1 1 0 1 1 0 1 0 1 0 0 1 0 1 1 1 0 0 1 1 1 1 1 0 0 1 0 1 0 1 1 1 0 0 1 1 1 1 1 0 0 0 1 1 0 1 0 0 1 0 1 0 1 1 0 0 1 0 1 0 0 1 1 1 1 1 1 1 0 0 0 1 0 0 1 0 1 0 1 1 0 0 0 1 1 1 1 0 1 1 0 0 1 1 1 0 1 0 1 1 1 1 1 0 1 1 0 0 1 1 0 1 1 1 0 0 0 1 0 0 1 1 1 1 1 1 1 0 0 1 1 0 1 0 0 1 0 1 0 0 1 1 0 0 1 0 1 1 0 0 1 1 1 1 0 0 1 0 1 0 1 1 1 1 1 0 1 0 0 0 1 0 1 1 0 1 0 0 1 0 1 0 0 0 0 0 1 1 0 1 0 1 1 1 1 0 0 1 0 1 0 0 1 1 0 0 0 0 0 0 1 1 1 0 1 0 0 1 0 0 0 1 1 0 1 0 1 1 0 0 0 0 1 1 1 1 1 0 0 1 1 0 1 1 1 0 1 1 1 1 1 0 1 0 1 0 1 0 0 0 1 1 1 0 0 1 0 1 0 1 0 0 0 1 1 1 0 1 1 0 0 0 0 0 1 0 0 0 1 1 0 1 1 0 1 0 1 1 0 1 1 0 0 1 0 1 1 0 1 1 1 0 0 1 1 0 1 1 0 1 1 1 1 0 1 1 0 1 0 1 1 1 0 1 0 0 0 1 0 0 1 0 1 1 1 0 0 1 0 0 0 0 1 0 0 1 0 1 1 1 1 1 1 0 0 0 1 0 0 1 0 0 1 0 0 0 1 1 0 1 1 1 0 0 0 0 1 1 1 1 1 0 1 0 1 1 0 0 1 0 0 1 0 1 1 0 0 0 0 0 0 1 1 0 1 0 1 1 0 1 1 0 0 0 0 1 0 1 0 1 1 0 0 1 1 1 1 0 1 0 1 0 0 0 0 1 0 1 0 0 1 0 0 0 0 0 0 0 1 1 0 0 0 0 0 1 0 0 0 1 0 0 1 
quality : 4280
======================================

========== print chromosome ==========
genes : 1 1 1 1 1 1 1 1 1 0 0 0 0 1 0 1 1 0 0 1 0 1 0 1 1 1 1 1 1 0 1 1 0 1 0 1 0 0 1 0 1 1 1 0 1 1 1 1 1 1 0 0 1 0 1 0 1 1 1 0 0 1 1 1 0 1 0 0 0 1 1 0 1 0 0 1 0 1 0 1 1 0 0 1 0 1 0 0 1 1 0 1 1 1 1 0 0 0 1 0 0 1 0 1 0 1 1 0 0 0 1 1 1 0 0 1 0 0 0 1 1 1 0 1 0 1 1 1 1 1 0 1 1 0 0 1 1 0 1 1 1 0 0 0 1 0 0 1 1 1 1 1 1 1 0 0 1 1 0 1 0 0 1 0 1 0 0 1 1 0 0 1 0 1 0 0 0 1 1 0 1 0 0 1 0 1 0 1 0 1 0 1 0 1 0 0 0 1 0 1 1 1 1 0 1 1 0 0 0 0 0 0 0 1 1 0 1 1 1 1 1 1 0 0 1 0 1 1 0 1 1 0 0 1 0 0 0 1 1 1 0 1 0 0 1 0 0 0 1 0 0 1 0 1 1 0 0 0 0 1 1 1 1 1 0 0 1 1 0 1 1 0 0 1 1 1 1 1 1 1 0 0 0 0 1 0 1 1 1 1 0 0 1 0 1 0 1 0 0 0 1 1 1 0 1 1 0 0 0 0 0 1 0 0 0 1 1 0 1 1 0 1 0 1 1 0 1 1 0 0 1 0 1 1 0 1 1 1 0 0 1 1 0 1 1 0 1 1 1 1 0 1 1 0 1 0 1 1 1 0 1 0 1 0 0 0 0 0 0 1 1 1 0 0 1 0 0 0 0 1 0 1 1 0 1 1 1 1 1 0 0 0 1 1 0 0 1 1 0 0 0 0 0 1 1 0 0 1 1 0 0 0 0 1 1 1 1 1 0 1 0 1 1 0 0 1 0 0 1 0 1 1 0 0 0 0 0 0 1 1 1 1 0 1 1 0 1 1 0 0 0 0 1 0 1 0 1 1 0 0 1 0 1 1 0 1 0 1 0 0 0 0 1 0 1 0 0 1 1 0 0 0 0 0 0 1 0 0 0 0 0 0 1 0 0 0 1 0 0 1 
quality : 4227
======================================

========== print chromosome ==========
genes : 1 1 1 1 1 1 1 1 1 0 0 0 0 1 0 1 1 0 0 1 0 1 0 0 1 1 1 1 1 0 1 1 0 1 1 1 0 0 1 0 1 1 1 0 0 1 1 1 1 1 0 0 0 0 1 0 1 1 1 0 0 1 1 1 1 1 0 0 0 1 1 0 1 0 0 1 0 1 0 1 1 0 0 1 0 1 0 0 0 1 1 1 1 1 1 0 0 1 1 0 0 1 0 1 0 1 1 0 0 0 1 1 1 0 0 1 1 0 0 1 1 1 0 1 0 0 1 1 1 1 0 1 1 0 0 1 1 0 1 1 1 0 0 0 1 0 0 1 1 1 1 1 1 1 0 0 1 1 0 0 0 0 1 0 1 0 0 1 1 0 0 1 0 1 1 0 0 1 1 1 1 0 0 1 0 1 0 1 0 1 1 1 0 1 0 0 0 1 0 1 1 0 1 0 0 1 0 1 0 0 0 0 1 1 1 0 1 1 1 1 1 1 0 0 1 0 1 1 0 1 1 0 0 0 0 0 0 1 1 1 0 1 0 0 1 0 0 0 1 1 0 1 0 1 1 0 0 0 0 1 1 1 1 1 0 0 1 1 0 1 1 0 1 1 1 1 0 1 0 1 0 0 0 1 1 0 0 1 1 1 1 0 1 0 1 0 0 0 0 0 1 1 1 0 1 1 0 0 1 0 0 1 0 0 0 1 1 0 1 1 0 1 0 1 1 0 1 1 0 0 1 0 1 1 0 1 1 1 0 0 1 1 0 1 1 0 1 1 1 1 0 1 1 0 1 0 1 1 1 0 1 0 1 0 0 0 0 1 1 1 1 1 0 0 1 0 0 1 0 0 0 1 1 0 1 1 1 1 1 0 0 0 0 1 0 0 1 0 0 1 1 0 0 1 1 0 0 1 1 0 0 0 0 0 1 1 1 0 0 1 0 1 1 0 0 1 0 0 1 0 1 1 0 0 1 0 0 0 1 1 1 1 0 1 1 0 1 1 0 0 0 0 1 0 1 0 1 1 0 0 1 0 1 1 0 1 0 1 0 0 1 0 1 0 1 0 0 1 0 0 0 0 0 0 0 1 0 0 0 0 0 0 1 0 0 0 1 0 0 1 
quality : 4314
======================================

========== print chromosome ==========
genes : 1 1 1 1 1 1 0 1 1 0 0 0 0 1 0 1 1 0 0 1 0 1 0 0 0 1 1 0 1 0 1 1 0 1 0 1 0 0 1 1 1 1 1 0 0 1 1 1 1 1 0 0 1 0 1 0 1 1 1 0 0 1 1 1 1 1 1 0 0 1 1 0 1 0 0 0 0 1 1 1 1 0 0 1 0 1 0 0 1 1 1 1 1 1 1 0 0 0 1 0 0 1 0 1 0 1 1 0 0 0 1 1 1 0 0 1 1 0 0 1 1 1 0 1 0 1 1 1 1 0 0 1 1 0 0 1 1 1 0 1 1 0 0 1 1 0 0 1 1 1 1 1 1 1 0 0 1 1 0 1 0 0 1 0 1 0 0 1 1 0 0 1 0 1 1 0 0 1 1 1 1 0 0 1 0 1 0 1 0 1 0 1 0 1 0 0 0 1 0 1 1 0 1 0 0 1 1 1 0 0 0 0 0 1 1 0 1 1 1 1 1 1 0 0 1 0 1 1 0 1 1 0 0 0 0 0 0 1 1 1 0 1 0 0 1 0 0 0 1 1 0 1 0 1 1 0 0 0 0 1 1 1 1 1 0 0 1 1 0 1 1 0 0 1 1 1 1 1 0 1 0 0 0 1 1 0 0 1 1 1 0 0 1 0 1 0 1 0 0 0 1 1 1 0 1 1 0 0 0 0 0 1 0 0 0 1 1 0 1 1 0 1 0 1 1 0 1 1 0 0 1 0 1 1 0 1 1 1 0 0 1 1 0 1 1 0 1 1 1 1 0 1 1 0 1 0 1 1 1 1 1 0 1 0 0 0 0 1 0 1 1 1 0 0 1 0 0 0 0 1 0 1 1 0 1 1 1 1 1 0 0 0 0 1 0 0 1 0 0 1 0 0 0 1 1 0 0 1 1 0 0 0 0 1 1 0 1 1 0 1 0 1 1 0 0 1 0 0 1 0 0 1 0 0 0 0 0 0 1 1 1 1 0 1 1 0 1 1 0 0 0 0 1 0 1 0 1 1 0 0 1 0 1 1 0 1 0 1 0 0 0 0 1 0 1 0 0 1 0 0 0 0 0 0 0 1 0 0 0 0 0 0 1 0 0 0 1 0 0 1 
quality : 4288
======================================

========== print chromosome ==========
genes : 1 1 1 0 1 1 1 1 1 0 0 0 0 1 0 1 1 0 0 1 0 1 0 1 1 1 1 1 1 0 1 1 0 1 1 1 0 0 1 0 1 1 1 0 0 1 1 1 1 1 0 0 0 0 1 0 1 1 1 0 0 1 1 1 1 1 0 0 0 1 1 0 1 0 0 1 0 1 0 1 1 0 0 1 0 1 0 0 1 1 1 1 1 1 1 0 0 1 1 0 0 1 0 1 0 1 1 0 0 0 0 1 1 0 0 1 1 1 0 1 1 1 0 1 0 0 1 1 1 1 0 1 1 0 0 1 1 0 1 1 1 0 0 0 1 0 0 1 1 1 1 1 1 1 0 0 1 1 0 1 0 0 1 0 1 0 0 1 1 0 0 1 0 1 1 0 0 1 1 1 1 0 1 1 0 1 0 1 0 1 0 1 0 1 0 0 0 1 0 1 1 0 1 0 0 1 0 1 0 0 0 0 0 1 1 0 1 1 1 1 1 1 0 0 1 0 1 1 0 1 1 0 0 0 0 0 0 1 1 1 0 1 0 0 1 0 0 0 1 1 0 1 0 1 1 0 0 0 0 1 1 1 0 1 0 0 1 0 0 1 1 0 0 1 1 1 1 1 0 1 0 0 0 1 1 0 0 1 1 1 0 0 1 0 1 0 1 0 0 0 1 1 1 0 1 1 0 0 0 0 0 1 0 0 0 1 1 0 1 1 0 1 0 1 1 0 1 1 0 0 1 0 1 1 0 1 1 1 0 0 1 1 0 1 1 0 1 1 1 1 0 1 1 0 1 0 1 1 1 0 1 0 1 0 0 0 1 1 0 1 1 1 0 0 1 0 0 1 0 1 0 1 1 0 1 1 1 1 1 0 0 0 0 1 0 0 1 0 0 1 0 0 0 1 1 0 0 1 1 0 0 0 0 1 1 0 1 1 0 1 0 1 1 0 0 1 0 0 1 0 1 1 0 0 0 0 0 0 1 1 1 1 0 1 1 1 1 1 0 0 0 0 1 0 1 0 1 1 0 0 1 0 1 1 0 1 0 1 0 0 0 0 1 0 1 0 0 1 0 0 0 0 0 0 1 1 0 0 0 0 0 0 1 0 0 0 1 0 0 1 
quality : 4327
======================================

========== print chromosome ==========
genes : 1 1 1 1 1 1 1 1 1 0 0 0 0 1 0 1 1 0 0 1 0 1 0 0 1 1 1 1 1 0 1 1 0 1 0 1 0 1 1 0 1 1 1 0 0 1 1 1 1 1 0 0 1 0 1 0 1 1 1 0 0 1 1 1 1 1 0 0 0 1 1 0 1 0 0 1 0 1 0 1 1 0 0 1 0 0 0 0 1 1 1 1 1 1 1 0 0 0 1 0 0 1 0 1 0 1 1 0 0 0 1 1 1 0 0 1 0 0 0 1 1 1 0 1 0 1 1 1 1 1 0 1 1 0 0 1 1 0 1 1 1 0 0 0 1 0 0 1 1 1 1 1 1 1 0 0 1 1 0 1 1 0 1 0 1 0 0 1 1 0 0 1 0 1 1 0 0 0 1 0 1 0 0 1 0 1 0 1 0 1 0 1 0 1 0 0 0 1 0 1 1 1 1 0 1 1 0 1 0 0 0 0 0 1 1 0 1 1 1 1 1 1 0 0 1 0 1 0 0 1 1 0 0 0 0 0 0 1 1 1 0 1 0 0 1 0 0 0 1 1 0 1 0 1 1 1 0 0 1 1 1 1 1 1 0 0 1 1 0 1 1 0 0 1 1 1 1 0 0 1 0 0 0 0 1 0 0 1 1 1 0 0 1 0 1 0 1 0 0 0 1 1 1 0 1 1 0 0 0 0 0 1 0 0 0 1 1 0 1 1 0 1 0 1 1 0 1 1 0 0 1 0 1 0 0 1 1 1 0 0 1 1 0 1 1 0 1 1 1 1 0 1 1 0 1 0 1 1 1 0 1 0 1 0 0 0 0 0 0 1 1 1 0 0 1 0 0 0 0 1 0 1 1 0 1 1 1 1 1 0 0 0 0 1 0 0 1 1 0 0 0 0 0 1 1 0 0 1 1 0 0 0 0 1 0 1 1 1 0 1 0 1 1 0 0 1 0 0 1 0 1 1 0 0 0 0 0 0 1 1 1 1 0 1 1 0 1 1 0 0 0 0 1 0 1 0 1 0 0 0 1 0 1 1 0 1 0 1 0 0 0 0 1 0 1 0 0 1 1 0 0 0 0 0 0 1 0 0 0 0 0 0 1 1 0 0 1 0 0 1 
quality : 4293
======================================

========== print chromosome ==========
genes : 1 1 1 1 1 0 1 1 1 0 0 0 0 1 0 0 1 0 0 1 0 1 1 0 1 1 1 1 1 0 1 1 0 0 1 1 0 0 1 0 1 1 1 0 0 1 1 1 1 1 0 0 1 0 1 0 1 1 1 0 0 1 1 1 1 1 0 0 0 1 1 0 1 0 0 1 0 1 0 1 1 1 0 1 0 1 0 0 1 1 1 1 0 1 1 0 0 0 1 0 0 1 0 1 0 1 1 0 1 0 1 1 1 0 0 1 1 0 0 1 1 1 0 1 0 1 0 1 1 1 0 1 1 0 0 1 1 0 1 1 1 0 0 0 1 1 0 1 1 1 1 1 1 1 0 0 1 1 0 1 0 0 1 0 1 0 0 1 1 0 0 1 0 1 1 1 0 1 0 1 1 0 0 0 0 1 0 1 0 1 0 1 0 1 0 0 0 1 0 1 1 0 1 1 0 1 0 1 0 0 0 0 0 1 1 0 1 1 1 1 1 1 0 0 1 0 1 1 0 1 1 0 0 0 0 0 0 1 1 1 0 1 0 0 1 0 0 0 1 1 0 1 0 1 1 0 0 0 0 1 1 1 1 1 0 0 1 1 0 1 1 0 0 1 0 0 1 1 0 1 0 0 0 1 1 0 0 1 1 1 1 0 1 0 1 0 1 0 0 0 1 1 0 0 1 1 0 0 0 0 0 1 0 0 0 1 1 0 1 1 0 1 0 1 1 0 1 1 0 0 1 0 1 1 0 1 1 1 0 0 1 1 1 1 1 0 1 1 1 1 0 1 1 0 1 0 1 1 1 0 1 0 1 1 0 0 0 1 0 1 1 1 0 0 1 0 0 0 0 1 0 1 1 0 1 1 1 1 1 0 0 0 0 1 0 0 1 0 0 1 0 0 0 1 0 0 0 1 1 0 0 0 0 1 1 1 1 1 0 1 0 1 1 0 0 1 0 0 1 0 1 1 0 0 0 0 0 0 1 1 1 1 0 1 1 0 1 1 0 0 0 0 1 0 1 0 1 1 0 0 1 0 1 1 0 1 0 1 0 0 0 0 1 0 1 1 1 1 0 0 0 0 0 0 0 1 0 0 0 0 0 0 1 0 0 0 1 0 0 1 
quality : 4203
======================================

========== print chromosome ==========
genes : 1 1 1 1 1 1 1 1 1 0 0 0 0 1 0 1 1 0 0 1 0 1 0 0 1 1 1 1 1 0 1 1 0 1 0 1 0 0 1 0 0 1 1 0 0 1 1 1 1 1 0 0 1 0 1 0 1 1 1 0 0 1 1 1 1 1 0 0 0 1 1 0 1 1 1 1 0 1 0 1 1 0 0 1 0 1 0 0 1 1 1 1 1 1 1 0 0 0 1 0 0 1 0 1 0 1 1 0 0 0 1 1 1 0 0 1 1 1 0 1 1 1 0 1 0 1 0 1 1 1 0 1 1 0 0 1 1 0 1 1 1 0 0 0 1 1 0 1 1 1 1 1 1 1 0 0 1 1 0 1 0 0 1 0 1 0 0 1 1 0 0 0 0 1 1 0 0 1 1 1 1 0 0 0 0 1 0 1 0 0 0 1 0 1 0 0 0 1 0 1 1 0 1 1 0 1 0 1 0 0 0 0 0 1 1 0 1 1 1 1 1 1 0 0 1 0 1 1 0 1 1 0 0 0 0 0 0 1 1 1 0 1 0 0 1 0 0 0 1 1 0 1 0 1 1 0 0 0 0 1 1 1 1 1 0 1 1 1 0 1 1 0 0 1 1 1 1 1 0 1 0 0 0 1 1 0 0 1 1 1 1 0 1 0 1 0 1 0 0 0 1 1 1 0 1 1 0 0 0 0 0 1 0 0 1 1 1 0 1 1 0 1 0 1 1 0 1 1 0 0 1 0 1 1 0 1 1 1 0 0 1 1 0 1 1 0 1 1 1 1 0 1 1 0 1 0 1 1 1 0 1 0 1 0 0 0 0 1 0 1 1 1 0 0 1 0 0 0 0 1 0 1 1 0 1 1 0 1 1 0 0 0 0 1 0 0 1 0 0 1 0 0 0 1 1 0 0 1 1 0 0 0 0 1 1 0 1 1 0 1 0 1 1 0 0 1 0 0 1 0 1 1 0 0 0 0 0 0 1 1 1 1 0 1 1 0 1 1 0 0 0 0 1 0 1 0 1 1 0 0 1 0 1 1 0 1 0 1 0 0 0 0 1 0 1 0 0 1 0 0 0 0 0 0 0 1 0 0 0 0 0 0 1 0 0 0 1 0 0 1 
quality : 4293
======================================

========== print chromosome ==========
genes : 1 1 1 1 1 1 1 1 1 0 0 0 0 1 0 1 1 0 0 1 0 1 0 0 1 1 1 1 1 0 1 1 0 1 0 1 0 0 1 0 1 1 1 0 0 1 1 1 1 1 0 0 1 0 1 0 1 1 1 0 0 1 1 1 1 1 0 0 0 1 1 0 1 0 0 1 0 0 0 1 1 0 0 1 0 1 0 0 1 1 1 1 1 1 1 0 0 0 1 0 0 1 0 1 0 1 1 0 0 0 1 1 1 0 0 1 1 0 0 1 1 1 0 1 0 1 0 1 1 1 0 1 1 0 0 1 1 0 1 1 1 0 0 0 1 1 0 1 1 1 1 1 1 1 0 0 1 1 0 1 0 0 1 0 1 0 0 1 1 0 0 1 0 1 1 0 0 1 1 1 1 0 0 1 0 1 0 1 0 1 0 1 0 1 1 0 0 1 0 1 1 0 1 0 0 1 0 1 0 0 0 0 0 1 1 0 1 1 1 1 1 1 0 0 1 0 1 1 0 1 0 0 0 0 1 0 0 1 1 1 0 1 0 0 1 0 0 0 1 1 0 1 0 1 1 0 0 0 0 1 1 1 1 1 0 0 1 1 0 1 1 0 0 1 1 1 1 0 0 1 0 0 0 1 1 0 0 1 1 1 1 0 1 0 1 0 1 0 0 0 1 1 1 0 1 1 0 0 0 0 0 1 1 0 0 1 1 0 1 1 0 1 0 1 1 0 1 1 0 0 1 0 1 1 0 1 1 1 0 0 1 1 0 1 1 0 1 1 1 1 0 1 1 0 1 0 1 1 1 0 1 0 1 0 0 0 0 1 0 1 1 0 0 0 1 0 0 0 0 1 0 1 1 0 1 0 1 1 1 0 1 0 0 1 0 0 1 1 0 0 0 0 0 1 1 0 0 1 1 0 0 0 0 1 0 0 1 1 0 1 0 1 1 0 0 1 0 0 1 0 1 1 0 0 0 0 0 0 1 1 1 1 0 1 1 0 1 1 0 0 0 0 1 0 1 0 1 1 0 0 1 0 1 1 0 1 0 0 0 0 0 0 1 0 1 0 0 1 0 0 0 0 0 0 0 1 1 0 0 0 0 0 1 0 0 0 1 0 0 1 
quality : 4394
======================================

========== print chromosome ==========
genes : 1 1 1 1 1 1 1 1 1 0 0 0 0 1 0 0 1 0 0 1 0 1 0 0 1 1 1 1 1 0 1 1 0 1 0 1 0 0 1 0 1 1 1 0 0 1 1 1 1 1 0 0 1 0 1 0 1 1 1 0 0 1 1 1 1 1 0 0 0 1 1 0 1 0 0 1 0 1 0 1 1 0 0 1 0 1 0 0 1 1 1 1 1 1 1 0 0 0 1 0 0 1 0 1 0 1 1 0 0 0 1 1 1 0 0 1 1 0 0 1 1 1 0 1 0 1 1 1 1 1 0 1 1 0 0 1 1 0 1 1 1 0 0 0 0 0 0 1 1 1 1 1 1 1 0 0 1 1 0 1 0 0 1 0 1 0 0 1 1 0 0 1 0 1 1 0 0 1 1 1 1 0 0 1 0 1 0 1 0 1 0 1 0 1 0 0 0 1 0 1 1 0 1 0 0 1 0 1 0 0 0 0 1 1 1 0 1 0 1 1 1 1 0 0 1 0 1 1 0 1 1 0 0 0 0 0 0 1 1 1 0 1 0 0 1 0 0 0 1 1 0 1 0 1 1 0 0 0 0 1 1 1 1 1 0 0 1 1 0 1 1 0 0 1 1 1 1 1 0 1 0 0 0 1 1 0 0 1 1 1 1 0 1 0 1 0 1 0 0 0 1 1 1 0 1 1 0 0 0 0 0 1 0 0 0 1 1 0 1 1 0 1 0 1 1 0 1 1 0 0 1 0 1 0 0 1 1 1 0 0 1 1 0 1 1 0 1 1 1 1 1 1 1 0 1 0 1 1 1 0 1 0 1 0 0 0 0 1 0 1 1 1 0 0 1 0 0 0 0 1 0 1 1 0 1 1 1 1 1 0 0 0 0 1 0 0 1 1 0 1 0 0 0 1 1 0 0 1 1 0 0 0 0 1 1 1 1 1 0 1 0 1 1 0 0 1 0 0 1 0 1 1 0 0 0 0 0 0 1 1 1 1 0 1 1 0 1 1 0 0 0 0 1 0 1 0 1 1 0 0 1 0 1 1 0 1 0 1 0 0 0 0 1 0 1 0 0 1 0 0 0 0 0 0 0 1 0 0 0 0 0 0 1 0 0 0 1 0 0 1 
quality : 4394
======================================

========== print chromosome ==========
genes : 1 1 1 1 1 1 1 1 1 0 0 0 0 1 0 1 1 0 0 1 0 1 0 0 1 1 1 1 1 0 1 1 0 1 0 1 0 0 1 0 1 1 1 0 0 1 1 1 1 1 0 0 1 0 1 0 1 1 1 0 0 1 1 1 1 1 0 0 0 1 1 0 1 0 0 1 0 1 0 1 1 0 0 1 0 1 0 0 1 1 1 1 1 1 1 0 0 0 1 0 0 1 0 1 0 1 1 0 0 0 1 1 1 0 0 1 1 0 0 1 1 1 0 1 0 1 1 1 1 1 0 1 1 0 0 1 1 0 1 1 1 0 0 0 1 0 0 1 1 1 1 1 1 1 0 0 1 1 0 1 0 0 1 0 1 0 0 1 1 0 0 1 0 1 1 0 0 1 1 1 1 0 0 1 0 1 0 1 0 1 0 1 0 1 0 0 0 1 0 1 1 0 1 0 0 1 1 1 0 0 0 0 0 1 1 0 1 1 1 1 1 1 0 0 1 0 1 1 0 1 1 0 0 0 0 0 0 1 1 1 0 1 0 0 1 0 0 0 1 1 0 1 0 1 1 0 0 0 0 1 1 1 1 1 0 0 1 1 0 1 1 0 0 1 1 1 1 1 0 1 0 0 0 1 1 0 0 1 1 1 0 0 1 0 1 0 1 0 0 0 1 1 1 0 1 1 0 0 0 0 0 1 0 0 0 1 1 0 1 1 0 1 0 1 1 0 1 1 0 0 1 0 1 1 0 1 1 1 0 0 1 1 0 1 1 0 1 1 1 1 0 1 1 0 1 0 1 1 1 0 1 0 1 0 0 0 0 1 0 1 1 1 0 0 1 0 0 0 0 1 0 1 1 0 1 1 1 1 1 0 0 0 0 1 0 0 1 0 0 1 0 0 0 1 1 0 0 1 1 0 0 0 0 1 1 0 1 1 0 1 0 1 1 0 0 1 0 0 1 0 1 1 0 0 0 0 0 0 1 1 1 1 0 1 1 0 1 1 0 0 0 0 1 0 1 0 1 1 0 0 1 0 1 1 0 1 0 1 0 0 0 0 1 0 1 0 0 1 0 0 0 0 0 0 0 1 0 0 0 0 0 0 1 0 0 0 1 0 0 1 
quality : 4394
======================================

========== print chromosome ==========
genes : 1 1 1 1 1 1 1 1 1 0 0 0 0 1 0 1 1 0 0 1 0 1 0 0 1 1 1 1 1 0 1 1 0 1 0 1 0 0 1 0 1 1 1 0 0 1 1 1 1 1 0 0 1 0 1 0 1 1 1 0 0 1 1 1 1 1 0 0 0 1 1 0 1 0 0 1 0 1 0 1 1 0 0 1 0 1 0 0 1 1 1 1 1 1 1 0 0 0 1 0 0 1 0 1 0 1 1 0 0 0 1 1 1 1 0 1 1 0 0 1 1 1 0 1 0 1 1 1 1 1 0 1 1 0 0 1 1 0 1 1 1 0 0 0 1 0 0 1 1 1 1 1 1 1 0 0 1 1 0 1 0 0 1 0 1 0 0 1 1 0 0 1 0 1 1 0 0 1 1 1 1 0 0 1 0 1 0 1 0 1 1 1 0 1 0 0 0 1 0 1 1 0 1 0 0 1 0 1 0 0 0 0 0 1 1 0 1 0 1 1 1 1 0 0 1 0 1 0 0 1 1 0 0 0 0 0 0 1 1 1 0 1 0 0 1 0 0 0 1 1 0 1 0 1 1 0 0 0 0 1 1 1 1 1 0 0 1 1 0 1 1 0 0 1 1 1 1 1 0 1 0 0 0 1 1 0 0 1 1 1 0 0 1 0 1 0 1 0 0 0 1 1 1 0 1 1 0 0 0 0 0 1 0 0 0 1 1 0 1 1 0 1 0 1 1 0 1 1 0 0 1 0 1 1 0 1 1 1 0 0 1 1 0 1 1 0 1 1 1 1 0 1 1 0 1 0 1 1 1 0 1 0 0 0 0 0 0 1 0 1 1 1 0 0 1 0 0 0 0 1 0 0 1 0 1 1 1 1 1 1 0 0 0 1 0 0 1 0 0 1 0 0 0 1 1 0 1 1 1 0 0 0 0 1 1 1 1 1 0 1 0 1 1 0 0 1 0 0 1 0 1 1 0 0 0 0 0 0 1 1 0 1 0 1 1 0 1 1 0 0 0 0 1 0 1 0 1 1 0 0 1 0 1 1 0 1 0 1 0 0 0 0 1 0 1 0 0 1 0 0 0 0 0 0 1 1 0 0 0 0 0 0 1 0 0 0 1 0 0 1 
quality : 4394
======================================

========== print chromosome ==========
genes : 1 1 1 1 1 1 1 1 1 0 0 0 0 1 0 1 1 0 0 1 0 1 0 0 1 1 1 1 1 0 1 1 0 1 0 1 0 0 1 0 0 1 1 0 0 1 1 1 1 1 0 0 1 0 1 0 1 1 1 0 0 1 1 1 1 1 0 0 0 1 1 0 1 1 0 1 0 1 0 1 1 0 0 1 0 1 0 0 1 1 1 1 1 1 1 0 0 0 1 0 0 1 0 1 0 1 1 0 0 0 1 1 1 0 0 1 1 0 0 1 1 1 0 1 0 1 0 1 1 1 0 1 1 0 0 1 1 0 1 1 1 0 0 0 1 1 0 1 1 1 1 1 1 1 0 0 1 1 0 1 0 0 1 0 1 0 0 1 1 0 0 1 0 1 1 0 0 1 1 1 1 0 0 0 0 1 0 1 0 1 0 1 0 1 0 0 0 1 0 1 1 0 1 1 0 1 0 1 0 0 0 0 0 1 1 0 1 1 1 1 1 1 0 0 1 0 1 1 0 1 1 0 0 0 0 0 0 1 1 1 0 1 0 0 1 0 0 0 1 1 0 1 0 1 1 0 0 0 0 1 1 1 1 1 0 0 1 1 0 1 1 0 0 1 1 1 1 1 0 1 0 0 0 1 1 0 0 1 1 1 1 0 1 0 1 0 1 0 0 0 1 1 1 0 1 1 0 0 0 0 0 1 0 0 0 1 1 0 1 1 0 1 0 1 1 0 1 1 0 0 1 0 1 1 0 1 1 1 0 0 1 1 0 1 1 0 1 1 1 1 0 1 1 0 1 0 1 1 1 0 1 0 1 0 0 0 0 1 0 1 1 1 0 0 1 0 0 0 0 1 0 1 1 0 1 1 1 1 1 0 0 0 0 1 0 0 1 0 0 1 0 0 0 1 1 0 0 1 1 0 0 0 0 1 1 1 1 1 0 1 0 1 1 0 0 1 0 0 1 0 1 1 0 0 0 0 0 0 1 1 1 1 0 1 1 0 1 1 0 0 0 0 1 0 1 0 1 1 0 0 1 0 1 1 0 1 0 1 0 0 0 0 1 0 1 0 0 1 0 0 0 0 0 0 0 1 0 0 0 0 0 0 1 0 0 0 1 0 0 1 
quality : 4394
======================================

========== print chromosome ==========
genes : 1 1 1 1 1 1 0 1 1 0 0 0 0 1 0 1 1 0 0 1 0 1 0 0 1 1 1 1 1 0 1 1 0 1 0 1 0 0 1 0 1 1 1 0 0 1 1 1 1 1 0 0 1 0 1 0 0 1 1 0 0 0 1 1 1 1 0 0 1 1 1 0 1 0 0 1 0 1 0 1 1 0 0 1 0 1 0 0 1 1 1 1 1 1 1 0 0 0 1 0 0 1 0 1 0 1 1 0 0 0 1 1 1 0 0 1 1 0 0 1 1 1 0 1 0 1 1 1 1 1 0 1 1 0 0 1 1 0 1 1 1 1 0 0 1 0 0 1 1 1 1 1 1 1 0 0 1 1 0 1 0 0 1 0 1 0 0 1 1 0 0 1 0 1 1 0 0 1 1 1 1 0 0 1 1 1 0 1 0 1 1 1 0 0 0 0 0 1 0 1 1 0 1 0 0 1 0 1 0 0 0 0 0 1 1 0 1 1 1 1 1 1 0 0 1 0 1 1 0 1 1 0 0 0 0 0 0 1 1 1 0 1 0 0 1 0 0 0 1 1 0 1 0 1 1 0 0 0 0 1 1 1 1 1 0 0 1 1 0 1 1 0 1 1 1 1 1 1 0 1 0 0 0 1 1 0 0 1 1 1 1 0 1 0 1 0 1 0 0 0 1 0 1 0 1 1 0 0 0 0 0 1 0 0 0 1 1 0 1 1 1 1 0 1 1 0 1 1 0 0 1 0 1 1 0 1 1 1 0 0 1 1 0 1 1 0 1 1 1 1 0 1 1 0 0 0 1 1 1 0 1 0 1 0 0 0 0 1 0 1 1 1 0 0 1 0 0 0 0 0 0 1 1 0 1 1 1 1 1 0 0 0 0 1 0 0 1 0 0 1 1 0 0 1 1 0 0 1 1 0 1 0 0 1 1 1 1 1 0 0 0 1 1 0 0 1 0 0 1 0 1 1 0 0 0 0 0 0 1 1 1 1 0 1 0 0 1 1 0 0 0 0 1 0 1 1 1 1 0 0 1 0 1 1 0 1 0 0 0 0 0 0 1 0 1 0 1 1 0 0 0 0 0 0 0 1 0 0 0 0 0 0 1 0 0 0 1 0 0 1 
quality : 4394
======================================

========== print chromosome ==========
genes : 1 1 1 1 1 1 1 1 1 0 0 0 0 1 0 1 1 0 0 1 0 1 0 0 1 1 1 1 1 0 1 1 0 1 1 1 0 0 1 0 1 1 1 0 0 1 1 1 1 1 0 0 0 0 1 0 1 1 1 0 0 1 1 1 1 1 0 0 0 1 1 0 1 0 0 1 0 1 0 1 1 0 0 1 0 1 0 0 1 1 1 1 1 1 1 0 0 1 1 0 0 1 0 1 0 1 1 0 0 0 1 1 1 0 0 1 1 0 0 1 1 1 0 1 0 0 1 1 1 1 0 1 1 0 0 1 1 0 1 1 1 0 0 0 1 0 0 1 1 1 1 1 1 1 0 0 1 1 0 1 0 0 1 0 1 0 0 1 1 0 0 1 0 1 1 0 0 1 1 1 1 0 0 1 0 1 0 1 0 1 0 1 0 1 0 0 0 1 0 1 1 0 1 0 0 1 0 1 0 0 0 0 0 1 1 0 1 1 1 1 1 1 0 0 1 0 1 1 0 1 1 0 0 0 0 0 0 1 1 1 0 1 0 0 1 0 0 0 1 1 0 1 0 1 1 0 0 0 0 1 1 1 1 1 0 0 1 1 0 1 1 0 1 1 1 1 1 1 0 1 0 0 0 1 1 0 0 1 1 1 1 0 1 0 1 0 0 0 0 0 1 1 1 0 1 1 0 0 1 0 0 1 0 0 0 1 1 0 1 1 0 1 0 1 1 0 1 1 0 0 1 0 1 1 0 1 1 1 0 0 1 1 0 1 1 0 1 1 1 1 0 1 1 0 1 0 1 1 1 0 1 0 1 0 0 0 0 1 1 1 1 1 0 0 1 0 0 1 0 0 0 1 1 0 1 1 1 1 1 0 0 0 0 1 0 0 1 0 0 1 1 0 0 1 1 0 0 1 1 0 0 0 0 0 1 1 1 0 0 0 0 1 1 1 0 1 0 0 1 0 1 1 0 0 0 0 0 0 1 1 1 1 0 1 1 0 1 1 0 0 0 0 1 0 1 0 1 1 0 0 1 0 1 1 0 1 0 1 0 0 0 0 1 0 1 0 1 0 0 0 0 0 0 0 0 1 0 0 0 0 0 0 1 0 0 0 1 0 0 1 
quality : 4394
======================================

========== print chromosome ==========
genes : 1 1 1 1 1 1 1 1 1 0 0 0 0 1 0 1 1 0 0 1 0 1 0 0 1 1 0 1 1 0 1 0 0 1 0 1 0 0 1 0 1 1 1 0 0 1 0 1 1 0 0 0 1 0 1 0 0 1 1 0 0 1 1 1 1 1 0 0 0 1 1 0 1 0 0 1 0 1 0 1 1 0 0 1 1 1 0 0 1 1 1 1 1 1 1 0 0 0 1 0 0 1 0 1 0 1 1 0 0 0 1 0 1 0 0 1 1 0 0 1 1 1 0 1 0 1 1 1 1 1 0 1 1 0 0 1 1 0 1 1 1 0 0 0 1 0 0 1 1 1 1 1 1 0 0 0 1 0 0 1 0 0 1 0 1 0 0 1 1 0 0 1 0 1 1 0 0 1 1 1 1 0 0 1 0 0 0 1 0 1 0 1 0 1 0 0 0 1 0 1 1 0 1 0 0 1 0 1 0 0 0 0 0 1 1 0 1 1 1 1 1 1 0 0 1 0 1 1 0 1 1 0 0 0 0 0 0 1 1 1 0 1 0 0 1 0 0 0 1 1 0 1 0 1 1 0 0 0 0 1 1 1 1 1 0 0 1 1 0 1 1 0 0 1 1 1 1 1 1 1 0 0 0 1 1 0 0 1 1 1 1 0 0 0 1 0 1 0 0 0 1 1 1 0 1 1 0 0 0 0 0 1 0 0 0 1 1 0 1 1 0 1 0 1 1 0 1 0 0 0 1 0 1 0 0 1 1 1 0 0 1 1 0 0 1 0 1 1 1 1 0 1 1 0 1 0 1 1 1 0 1 0 1 0 0 0 0 1 0 1 1 1 0 0 1 0 0 0 0 1 0 1 1 0 1 1 1 1 1 0 0 0 0 1 0 0 1 1 0 1 0 0 0 1 1 0 0 1 1 0 0 0 1 1 1 1 1 1 0 1 0 1 1 0 0 1 0 0 1 0 1 1 0 0 0 0 0 0 1 1 1 1 0 1 1 0 1 1 0 0 0 0 1 0 1 0 1 1 0 0 1 0 1 1 0 1 0 1 0 0 0 0 1 0 1 0 0 1 0 0 0 0 0 0 0 1 0 0 0 0 0 0 1 0 0 0 1 0 0 1 
quality : 4395
======================================

========== print chromosome ==========
genes : 1 1 1 1 1 1 1 1 1 0 0 0 0 1 0 1 1 0 0 1 0 1 0 0 1 1 1 1 1 0 1 1 0 1 0 1 0 1 1 0 1 1 1 0 0 1 1 1 1 1 0 0 1 0 1 0 1 1 1 0 0 1 1 1 1 1 0 0 0 1 1 0 1 0 0 1 0 1 0 1 1 0 0 1 0 1 0 0 1 1 1 1 1 1 1 0 0 0 1 0 0 1 0 1 0 1 1 0 0 0 1 1 1 0 0 1 1 0 0 0 0 1 0 1 0 1 1 1 1 1 0 0 1 0 0 1 1 1 1 1 1 0 0 0 1 0 0 1 1 1 1 1 1 1 0 0 1 1 0 1 0 0 1 0 1 0 0 1 1 0 0 1 0 1 1 0 0 1 1 1 1 0 0 1 0 1 0 1 0 1 0 1 0 1 0 0 0 1 0 1 1 0 1 0 0 1 0 1 0 0 0 0 0 1 1 0 1 1 1 1 1 1 1 0 1 0 1 1 0 1 1 0 0 0 0 0 0 1 1 1 0 1 0 0 1 0 0 0 1 1 0 1 0 1 1 0 0 0 0 1 1 1 1 1 0 0 1 1 0 1 1 0 0 1 1 1 1 1 0 1 0 0 0 1 1 0 1 1 1 1 1 0 1 0 1 0 1 0 0 0 1 1 1 0 1 1 0 0 0 0 0 1 0 0 0 1 1 0 1 1 0 1 0 1 1 0 1 1 0 0 1 0 1 1 0 1 1 1 0 0 1 1 0 1 1 0 1 1 1 1 0 1 1 0 1 0 1 1 1 0 1 0 1 0 0 1 0 1 0 1 1 1 0 0 1 0 0 1 0 1 0 1 1 0 1 0 1 1 1 0 0 0 0 1 0 0 1 1 0 1 0 0 0 1 1 0 0 1 1 0 0 0 0 1 1 1 1 1 0 1 0 1 1 0 0 1 0 0 1 0 1 1 0 0 0 0 0 0 1 1 1 1 0 1 1 0 1 1 0 0 0 0 1 0 1 0 1 1 0 0 1 0 1 1 0 1 0 1 0 0 0 0 1 0 1 0 0 1 0 0 0 0 0 0 0 1 0 0 0 0 0 0 1 0 1 0 1 0 0 1 
quality : 4395
======================================

========== print chromosome ==========
genes : 1 1 1 1 1 1 1 1 1 0 0 0 0 1 0 1 1 0 0 1 0 1 0 0 1 1 1 1 1 0 1 1 0 1 0 1 0 0 1 0 1 1 1 0 0 1 1 1 1 1 0 0 1 0 1 0 1 1 1 0 0 1 1 1 1 1 0 0 0 1 1 0 1 0 0 1 0 1 0 1 1 0 0 1 0 1 0 0 1 1 1 1 1 1 1 0 0 0 1 0 0 1 0 1 0 1 1 0 0 0 1 1 1 0 0 1 1 0 0 1 1 1 0 1 0 1 1 1 1 1 0 1 1 0 0 1 1 0 1 1 1 0 0 0 1 0 0 1 1 1 1 1 1 1 0 0 1 1 0 1 0 0 1 0 1 0 0 1 1 0 0 1 0 1 1 0 0 1 1 1 1 0 0 1 0 1 1 1 0 1 0 1 0 1 0 0 0 1 0 1 1 0 1 0 0 1 0 1 0 0 0 0 0 1 1 0 1 1 1 1 1 1 0 0 1 0 1 1 0 1 1 0 0 0 0 0 0 1 1 1 0 1 1 0 1 0 0 0 1 1 0 1 0 1 1 0 0 0 0 1 1 1 1 1 0 0 1 1 0 1 1 0 0 1 1 1 1 1 0 1 0 0 0 1 1 0 0 1 1 1 1 0 1 0 1 0 1 0 0 0 1 1 0 0 1 1 0 0 0 0 0 1 0 0 1 1 1 0 1 1 0 1 0 1 1 0 1 1 0 0 1 0 1 1 0 1 1 1 0 0 1 1 0 1 1 0 1 1 1 1 0 1 1 0 1 0 1 1 1 0 1 0 1 0 0 0 0 1 0 1 1 1 0 0 1 0 0 0 0 1 0 1 1 0 1 1 1 1 1 0 0 0 0 1 0 0 1 1 0 1 0 0 0 1 1 0 0 1 1 0 0 0 0 1 1 1 1 1 0 1 0 1 1 0 0 1 0 0 1 0 1 1 0 0 0 0 0 0 1 1 1 1 0 1 1 0 1 1 0 0 0 0 1 0 1 0 1 1 0 0 1 0 1 1 0 1 0 1 0 0 0 0 1 0 1 0 0 1 0 0 0 0 0 0 0 1 0 0 0 0 0 0 1 0 0 0 1 0 0 1 
quality : 4395
======================================

========== print chromosome ==========
genes : 1 1 1 1 1 1 1 1 1 0 0 0 0 1 0 1 1 0 0 1 0 1 0 0 1 1 1 1 1 0 1 1 0 1 0 1 0 1 1 0 1 1 1 0 0 1 1 1 1 1 0 0 1 0 1 0 1 1 1 0 0 1 1 1 1 1 0 0 0 1 1 0 1 0 0 1 0 1 0 1 1 0 0 1 0 1 0 0 1 1 1 1 1 1 1 0 0 0 1 0 0 1 0 1 0 1 1 0 0 0 1 1 1 0 0 1 0 0 0 1 1 1 0 1 0 1 1 1 1 1 0 1 1 0 0 1 1 0 1 1 1 0 0 0 1 0 0 1 1 1 1 1 1 1 0 0 1 1 0 1 0 0 1 0 1 0 0 1 1 0 0 1 0 1 1 0 0 1 1 0 1 0 0 1 0 1 0 1 0 1 0 1 0 1 0 0 0 1 0 1 1 1 1 0 1 1 0 1 0 0 0 0 0 1 1 0 1 1 1 1 1 1 0 0 1 0 1 1 0 1 1 0 0 0 0 0 0 1 1 1 0 1 0 0 1 0 0 0 1 1 0 1 0 1 1 0 0 0 0 1 1 1 1 1 0 0 1 1 0 1 1 0 0 1 1 1 1 1 0 1 0 0 0 0 1 0 0 1 1 1 0 0 1 0 1 0 1 0 0 0 1 1 1 0 1 1 0 0 0 0 0 1 0 0 0 1 1 0 1 1 0 1 0 1 1 0 1 1 0 0 1 0 1 1 0 1 1 1 0 0 1 1 0 1 1 0 1 1 1 1 0 1 1 0 1 0 1 1 1 0 1 0 1 0 0 0 0 0 0 1 1 1 0 0 1 0 0 0 0 1 0 1 1 0 1 1 1 1 1 0 0 0 0 1 0 0 1 1 0 0 0 0 0 1 1 0 0 1 1 0 0 0 0 1 1 1 1 1 0 1 0 1 1 0 0 1 0 0 1 0 1 1 0 0 0 0 0 0 1 1 1 1 0 1 1 0 1 1 0 0 0 0 1 0 1 0 1 1 0 0 1 0 1 1 0 1 0 1 0 0 0 0 1 0 1 0 0 1 1 0 0 0 0 0 0 1 0 0 0 0 0 0 1 0 0 0 1 0 0 1 
quality : 4395
======================================

========== print chromosome ==========
genes : 1 1 1 0 1 1 1 1 1 0 0 0 0 0 0 1 0 0 0 1 0 1 0 0 1 1 1 1 1 0 1 1 0 1 0 1 0 0 1 0 0 1 0 0 0 1 1 1 1 1 0 0 1 0 1 0 1 1 1 0 0 1 1 1 1 1 0 0 0 1 1 0 1 0 0 1 0 1 0 1 1 0 0 1 1 1 0 0 1 1 1 1 1 1 1 0 0 0 1 0 0 1 0 1 0 1 1 0 0 0 1 1 1 1 0 1 1 0 0 1 1 1 0 1 0 1 1 1 1 1 0 1 1 0 0 1 1 0 1 1 1 0 0 0 1 0 0 1 1 1 1 1 1 1 0 0 1 1 0 1 0 0 1 0 1 0 0 1 1 0 0 1 0 1 1 0 0 1 1 1 1 0 0 1 0 1 0 1 0 1 0 1 0 1 0 0 0 1 0 1 1 0 1 0 0 1 0 1 0 0 0 0 0 1 1 0 1 1 1 1 1 1 0 0 1 0 1 1 0 1 1 0 0 0 0 0 0 1 1 1 0 1 0 0 1 0 0 0 1 1 0 1 0 1 1 0 0 0 0 1 1 1 1 1 0 0 1 1 0 1 1 0 0 1 1 1 1 1 0 1 0 0 0 1 1 0 0 1 1 1 1 0 1 0 1 0 1 0 0 0 1 1 1 0 1 1 0 0 1 0 0 1 0 0 0 1 1 0 1 1 0 1 0 1 1 0 1 1 0 0 1 1 1 1 0 1 1 1 0 0 1 1 0 1 1 0 1 1 1 1 0 1 1 0 1 0 1 1 1 0 1 0 1 0 0 0 0 1 0 1 1 1 0 0 1 0 0 0 0 1 0 1 1 0 1 1 1 1 1 0 0 0 0 1 0 0 1 0 0 1 1 0 0 1 1 0 0 1 1 0 0 0 0 1 1 1 1 1 0 0 0 1 1 0 0 1 0 0 1 0 1 1 0 0 0 0 0 0 1 1 1 1 0 0 1 0 1 1 0 0 0 0 1 0 1 0 1 1 0 0 1 0 1 1 0 1 0 1 0 0 0 0 1 0 1 0 1 1 0 1 0 0 0 0 0 1 0 0 0 0 0 0 1 0 0 0 1 0 0 1 
quality : 4395
======================================

========== print chromosome ==========
genes : 1 1 1 1 1 1 1 1 1 0 0 1 0 1 0 1 1 0 0 1 0 1 0 0 1 1 1 1 1 0 1 1 0 1 0 1 0 0 1 0 1 1 1 0 0 1 1 0 1 1 0 0 1 0 1 0 1 1 1 0 0 1 1 1 1 1 0 0 0 1 1 0 1 0 0 1 0 1 0 1 1 0 0 1 0 1 0 0 1 1 1 1 1 1 1 0 0 0 1 0 0 1 0 1 0 1 1 0 0 0 1 1 1 0 1 1 1 0 0 1 1 1 0 1 0 1 1 1 1 1 0 1 1 0 0 1 1 0 1 1 1 0 0 0 1 0 0 1 1 1 1 1 1 1 0 0 1 1 0 1 0 0 1 0 1 0 0 1 1 0 0 1 0 1 1 0 0 1 1 1 1 1 0 1 0 1 0 1 0 1 0 1 0 1 0 0 0 1 0 1 1 0 1 0 0 1 0 1 0 1 0 0 1 1 1 0 1 1 1 1 1 1 0 0 1 0 1 1 0 1 1 0 0 0 0 0 0 1 1 1 0 1 0 0 1 0 0 0 1 1 0 1 0 1 1 0 0 0 0 1 1 1 1 1 0 0 1 1 0 1 1 0 0 1 1 1 1 1 0 1 0 0 0 1 1 0 0 1 1 1 1 0 1 0 1 0 1 0 0 0 1 1 1 0 1 1 0 0 0 0 0 1 0 0 0 1 1 0 1 1 0 1 0 1 1 0 1 1 0 0 1 0 0 1 0 1 1 1 0 0 1 1 0 1 1 0 1 1 1 1 0 1 1 0 0 0 1 1 1 0 1 1 1 0 0 0 0 1 1 1 1 1 0 0 1 0 0 0 0 1 0 1 1 0 1 1 1 1 1 0 0 0 0 1 0 1 1 0 0 1 0 0 0 1 1 0 0 1 1 0 0 0 0 1 1 1 1 1 0 1 0 1 1 0 0 1 0 0 1 0 1 1 0 0 0 0 0 0 1 1 1 1 0 1 1 0 1 1 0 0 0 0 1 0 1 0 0 1 0 0 1 0 1 1 0 1 0 1 0 0 1 0 1 0 1 0 1 1 0 0 0 0 0 0 0 1 0 0 0 0 0 0 1 0 0 0 1 0 0 1 
quality : 4397
======================================

========== print chromosome ==========
genes : 1 1 1 1 1 1 0 1 1 0 0 0 0 1 0 1 1 0 0 1 0 1 0 0 0 1 1 1 1 0 1 1 0 1 0 1 0 0 1 1 1 1 1 0 0 1 1 1 1 1 0 0 1 0 1 0 1 1 1 0 0 1 1 1 1 1 1 0 0 1 1 0 1 0 0 1 0 1 1 1 1 0 0 1 0 1 0 0 1 1 1 1 1 1 1 0 0 0 1 0 0 1 0 1 0 1 1 0 0 0 1 1 1 0 0 1 1 0 0 1 1 1 0 1 0 1 1 1 1 1 0 1 1 0 0 1 1 0 1 1 1 0 0 0 1 0 0 1 1 1 1 1 1 1 0 0 1 1 0 1 0 0 1 0 1 0 0 1 1 0 0 1 0 1 1 0 0 1 1 1 1 0 1 1 0 1 0 1 0 1 0 1 0 1 0 0 0 1 0 1 0 0 1 0 0 1 0 1 0 0 0 0 0 1 1 0 1 1 1 1 1 1 0 0 1 0 1 1 1 1 1 0 0 0 0 0 0 1 1 1 0 1 0 0 1 0 0 0 1 0 0 1 0 1 1 0 0 0 0 1 1 1 1 1 0 0 1 1 0 1 1 0 1 1 1 1 1 1 0 1 0 0 0 1 1 0 0 1 1 1 1 0 1 0 1 0 1 0 0 0 1 1 1 0 0 1 0 0 1 0 0 1 0 0 1 1 1 0 1 1 0 1 1 1 1 0 1 1 0 0 0 0 1 1 0 1 1 1 1 0 1 1 0 1 1 0 1 1 1 1 0 1 1 0 1 0 1 1 1 0 1 0 1 0 0 0 0 1 0 1 1 1 0 0 1 0 0 0 0 0 0 1 1 0 1 1 1 1 1 0 0 0 0 1 0 0 1 0 0 1 1 0 0 1 1 0 0 1 1 0 0 0 0 1 1 1 1 1 0 0 0 1 1 0 0 1 0 0 1 0 1 1 0 0 0 1 0 0 1 1 1 1 0 1 1 1 1 1 0 0 0 0 1 0 1 0 1 0 0 0 1 0 1 1 0 1 0 1 0 0 0 0 1 0 1 0 1 0 0 0 0 0 0 0 0 1 0 0 0 0 0 0 1 0 0 0 1 0 0 1 
quality : 4397
======================================

========== print chromosome ==========
genes : 1 1 1 1 1 1 1 1 1 0 0 0 0 1 0 0 1 0 0 1 0 1 0 0 1 1 1 1 1 0 1 1 0 0 0 1 0 0 1 0 1 1 1 0 0 1 1 1 1 1 0 0 1 0 1 0 1 1 1 0 0 1 1 1 1 1 0 0 0 1 1 0 1 0 0 1 0 1 0 1 1 1 0 1 0 1 0 0 1 1 1 1 0 1 1 0 0 0 1 0 0 1 0 1 0 1 1 0 0 0 1 1 1 0 0 1 1 0 0 1 1 1 0 1 0 1 1 1 1 1 0 1 1 0 0 1 1 0 1 1 1 1 0 0 1 0 0 1 1 1 1 1 1 1 0 0 1 1 0 1 0 0 1 0 1 0 0 1 1 0 0 1 0 1 1 0 0 1 1 0 1 0 0 1 0 1 0 1 0 1 0 1 0 1 1 0 0 1 0 1 1 0 1 0 0 1 0 1 0 0 0 0 0 1 1 0 1 1 1 1 1 1 0 0 1 0 0 1 0 1 1 0 0 0 0 0 0 1 1 1 0 1 0 0 1 0 0 0 1 1 1 1 0 1 1 0 0 0 1 1 1 1 0 1 0 0 1 1 0 1 1 0 0 1 1 1 1 1 0 1 0 0 0 1 0 0 0 1 1 1 1 0 1 0 1 0 1 0 0 0 1 1 1 0 1 1 0 0 0 0 0 1 0 0 0 1 1 0 1 1 0 1 0 1 1 0 1 0 0 0 1 0 1 0 0 1 1 1 0 0 1 1 1 0 1 0 1 1 1 1 0 1 1 0 1 0 1 1 1 0 1 0 1 0 0 0 0 1 0 1 1 1 0 0 1 0 0 0 0 1 0 1 1 0 1 1 1 1 1 0 0 0 0 1 0 0 1 0 0 1 0 0 0 1 1 0 0 1 1 0 0 0 0 1 1 1 1 1 0 1 0 1 1 0 0 1 0 0 1 0 1 1 0 0 0 0 0 0 1 1 1 1 0 1 1 0 1 1 0 0 0 0 1 0 1 0 1 0 0 0 1 0 1 1 0 1 0 1 0 0 0 0 1 0 1 0 0 1 0 0 0 0 0 0 0 0 0 0 0 0 0 0 0 0 0 0 1 0 0 1 
quality : 4399
======================================

========== print chromosome ==========
genes : 1 1 1 1 1 1 1 1 1 0 0 0 0 1 0 1 1 0 0 1 0 1 0 0 1 1 1 1 1 0 1 1 0 1 0 1 0 0 1 0 1 1 1 0 0 1 1 1 1 1 0 0 1 0 1 0 1 1 1 0 0 1 1 1 0 1 0 0 0 1 1 0 1 0 0 1 0 1 0 1 1 0 0 1 0 1 0 0 1 1 1 1 1 1 1 0 0 0 1 0 0 1 0 1 0 1 1 0 0 0 1 1 1 0 0 1 1 0 0 1 1 1 0 1 0 1 1 1 1 1 0 1 1 0 0 1 1 0 1 1 1 0 0 0 1 0 0 1 1 1 1 1 1 1 0 0 1 1 0 1 0 1 1 0 1 0 0 1 1 0 0 1 0 1 1 0 0 1 1 1 1 0 0 1 0 1 0 1 0 1 0 1 0 1 0 0 0 1 0 1 1 0 1 0 0 1 0 1 0 0 0 0 0 1 1 0 1 0 1 1 1 1 0 0 1 0 1 1 0 1 1 0 0 0 0 0 0 1 1 1 1 1 0 0 1 0 0 0 1 1 0 1 0 1 1 0 0 0 0 1 0 0 1 1 0 1 1 1 0 1 1 0 1 1 1 1 1 1 0 1 0 0 0 1 1 0 0 1 1 1 1 1 1 0 1 0 1 0 0 0 1 1 0 0 1 1 0 0 0 0 0 1 0 0 0 1 1 0 1 0 0 1 0 1 1 0 1 1 0 0 1 0 1 1 0 1 0 1 0 0 0 1 0 1 1 0 1 1 1 1 0 1 1 0 1 0 1 1 1 0 1 0 1 0 0 0 0 1 0 1 1 1 0 0 1 0 0 0 0 1 0 1 1 0 1 1 1 1 0 0 0 0 0 1 0 0 1 0 0 1 1 0 0 1 1 0 0 1 1 0 0 0 0 1 1 1 1 1 0 0 0 1 1 0 0 1 0 0 1 0 1 1 0 0 0 0 0 0 1 1 1 1 0 0 1 0 0 1 0 0 0 0 0 0 1 0 1 1 0 0 1 0 1 1 0 1 0 1 0 0 0 0 0 0 1 0 0 1 0 0 0 0 0 0 0 1 0 0 0 0 0 0 1 0 0 0 1 0 0 1 
quality : 4399
======================================

========== print chromosome ==========
genes : 1 1 1 1 1 1 0 1 1 0 0 0 0 1 0 1 1 0 0 1 0 1 0 0 1 1 1 1 1 0 1 1 0 1 0 1 0 0 1 0 1 1 1 0 0 1 1 1 1 1 0 0 1 0 0 0 1 1 1 0 0 1 1 1 1 1 0 0 0 1 1 1 1 1 0 1 0 1 0 1 1 0 0 1 0 1 0 0 1 1 1 1 1 1 1 0 0 0 1 0 0 1 0 1 0 1 1 0 0 0 1 1 1 0 0 1 1 1 0 1 1 1 0 1 0 1 1 1 1 1 0 1 1 0 0 1 1 0 1 1 1 0 0 0 1 1 0 1 1 1 1 1 1 1 0 0 1 1 0 1 0 0 1 0 1 0 0 1 1 0 0 1 1 1 1 0 0 1 1 1 1 0 0 1 0 1 0 1 0 1 0 1 0 1 0 0 0 1 0 1 1 0 1 0 0 1 0 1 0 0 0 0 0 1 1 0 1 1 1 1 1 1 0 0 1 0 1 1 0 1 1 0 0 0 0 0 0 1 1 1 0 1 0 0 1 0 0 0 1 1 0 1 0 1 1 0 0 0 0 1 1 1 1 1 0 0 1 1 0 1 1 0 0 1 1 1 1 1 0 1 0 0 0 1 1 0 0 1 1 1 1 0 1 0 1 0 1 0 0 0 1 1 1 0 0 1 0 0 1 0 0 1 0 0 0 1 1 0 1 1 0 1 0 1 1 0 1 1 0 0 1 0 1 1 0 1 1 1 0 0 1 1 0 0 1 0 1 1 1 1 0 1 1 0 1 0 1 1 1 0 0 0 1 0 0 0 0 1 0 1 1 1 0 0 1 0 0 0 0 1 0 1 1 0 1 1 1 1 1 0 0 0 0 1 0 0 1 0 0 1 0 0 0 1 1 0 0 1 1 0 0 0 0 1 1 1 1 1 0 1 0 1 1 0 0 1 0 0 1 0 1 1 0 0 0 0 0 0 1 1 1 1 0 1 1 0 1 1 0 0 0 0 1 0 1 0 1 1 0 0 1 0 1 1 0 1 0 1 0 1 0 0 1 0 1 0 0 1 0 0 0 0 0 0 0 0 0 0 0 0 0 0 1 0 0 0 1 0 0 1 
quality : 4400
======================================

========== print chromosome ==========
genes : 1 1 1 1 1 1 1 1 1 0 0 0 0 1 0 1 1 0 0 1 0 1 0 0 1 1 1 1 1 0 1 1 0 1 0 1 0 0 1 0 1 1 1 0 0 1 1 1 1 1 1 0 1 0 1 0 1 1 0 0 0 1 1 1 1 1 0 0 0 1 1 0 1 0 0 1 0 1 0 1 1 0 0 1 0 1 0 0 1 1 1 1 1 1 0 0 0 0 1 0 0 1 0 1 0 1 1 0 0 0 1 1 1 0 0 1 1 0 0 1 1 1 0 1 0 1 1 1 1 1 0 1 1 1 0 1 1 0 1 1 1 0 0 0 1 0 0 1 1 1 1 1 1 1 0 0 1 1 0 1 0 0 1 0 1 0 0 1 1 0 0 1 0 1 1 0 0 1 1 1 1 0 0 1 0 1 0 1 0 1 0 1 0 1 0 0 0 1 0 1 1 0 1 0 0 1 0 1 0 0 0 0 0 1 1 0 1 1 1 1 1 1 0 0 1 0 1 1 0 1 1 0 0 0 0 0 0 1 1 1 0 1 0 0 1 0 0 0 1 1 0 1 0 1 1 0 0 0 0 1 1 1 1 1 0 0 1 1 0 1 1 0 0 1 1 1 1 1 0 1 0 0 0 1 1 0 0 1 1 1 1 0 1 0 1 0 1 0 0 0 1 1 1 0 1 1 0 0 0 0 0 1 0 0 0 1 1 0 1 1 0 1 0 1 1 0 1 0 0 0 1 0 1 0 0 1 1 1 0 0 1 1 0 0 1 0 1 1 1 1 0 1 1 0 1 0 1 1 1 0 1 0 1 0 0 0 0 1 0 1 1 1 0 0 1 0 0 0 0 1 0 1 1 0 1 1 1 1 1 0 0 0 0 1 0 0 1 1 0 1 0 0 0 1 1 0 0 1 1 0 0 0 0 1 1 1 1 1 0 1 0 1 1 0 0 1 0 0 1 0 1 1 0 0 0 0 0 0 1 1 1 1 0 1 1 0 1 1 0 0 0 0 1 0 1 0 1 1 0 0 1 0 1 1 0 1 0 1 0 0 0 0 1 0 1 0 0 1 0 0 1 0 0 0 0 1 0 0 0 0 0 0 1 0 0 0 1 0 0 1 
quality : 4401
======================================

========== print final result ==========
Generations evolved: 151804
Best quality: 4401
Mean quality: 4350.733398
Standard deviation: 60.965191
======================================

1 2 3 4 5 6 7 8 9 14 16 17 20 22 25 26 27 28 29 31 32 34 36 39 41 42 43 46 47 48 49 50 51 53 55 57 58 62 63 64 65 66 70 71 73 76 78 80 81 84 86 89 90 91 92 93 94 99 102 104 106 107 111 112 113 116 117 120 121 122 124 126 127 128 129 130 132 133 134 136 137 139 140 141 145 148 149 150 151 152 153 154 157 158 160 163 165 168 169 172 174 175 178 179 180 181 184 186 188 190 192 194 198 200 201 203 206 208 214 215 217 218 219 220 221 222 225 227 228 230 231 238 239 240 242 245 249 250 252 254 255 260 261 262 263 264 267 268 270 271 274 275 276 277 278 280 284 285 288 289 290 291 293 295 297 301 302 303 305 306 312 316 317 319 320 322 324 325 327 331 333 336 337 338 341 342 345 347 348 349 350 352 353 355 357 358 359 361 363 368 370 371 372 375 380 382 383 385 386 387 388 389 394 397 398 400 404 405 408 409 414 415 416 417 418 420 422 423 426 429 431 432 439 440 441 442 444 445 447 448 453 455 457 458 461 463 464 466 468 473 475 478 481 486 493 497 500 